0 0.761839 0.906902 0.762764 0.905813 0.761901 0.905378 0.760976 0.906467 0.774367
0 0.745854 0.889017 0.746043 0.887976 0.745182 0.887883 0.744993 0.888924 0.768277
0 0.842692 0.934068 0.842976 0.932840 0.838193 0.932181 0.837908 0.933409 0.767572
0 0.508520 0.157039 0.509233 0.156287 0.508511 0.155880 0.507797 0.156631 0.758493
0 0.505295 0.142365 0.505479 0.141632 0.504651 0.141508 0.504467 0.142242 0.757313
0 0.841789 0.914776 0.842702 0.913931 0.841926 0.913432 0.841012 0.914277 0.754198
0 0.719763 0.927163 0.719883 0.924817 0.706341 0.924407 0.706222 0.926754 0.751861
0 0.407942 0.636278 0.408105 0.635603 0.407228 0.635477 0.407064 0.636151 0.751558
0 0.732479 0.885428 0.732788 0.884649 0.732028 0.884470 0.731719 0.885249 0.750156
0 0.670742 0.429528 0.670990 0.428912 0.669982 0.428670 0.669734 0.429286 0.749922
0 0.719583 0.906220 0.720558 0.905192 0.719774 0.904751 0.718799 0.905779 0.749249
0 0.693398 0.436693 0.693567 0.436020 0.692646 0.435883 0.692477 0.436556 0.749183
0 0.508759 0.140647 0.508932 0.139898 0.508132 0.139788 0.507959 0.140536 0.744295
0 0.504387 0.138109 0.504587 0.137417 0.503751 0.137273 0.503551 0.137965 0.743113
0 0.732012 0.888878 0.732305 0.888115 0.731514 0.887935 0.731221 0.888698 0.743000
0 0.508628 0.150495 0.508951 0.149690 0.508132 0.149494 0.507809 0.150299 0.741534
0 0.695531 0.431343 0.695709 0.430670 0.694789 0.430525 0.694610 0.431197 0.740289
0 0.501866 0.141711 0.502048 0.140976 0.501222 0.140855 0.501040 0.141590 0.740221
0 0.544347 0.147799 0.544520 0.147040 0.543691 0.146928 0.543518 0.147686 0.737867
0 0.731884 0.896988 0.732768 0.895811 0.731855 0.895403 0.730971 0.896580 0.737103
0 0.839907 0.912093 0.840118 0.911337 0.839320 0.911204 0.839109 0.911961 0.736572
0 0.197056 0.057706 0.198129 0.057044 0.197543 0.056480 0.196470 0.057142 0.736328
0 0.681584 0.433953 0.682080 0.433419 0.681278 0.432976 0.680782 0.433510 0.735638
0 0.407767 0.634399 0.407929 0.633653 0.407050 0.633539 0.406888 0.634285 0.735107
0 0.538811 0.147851 0.539124 0.147160 0.538307 0.146940 0.537994 0.147631 0.732174
0 0.509993 0.142694 0.510184 0.141928 0.509355 0.141805 0.509164 0.142571 0.730752
0 0.460857 0.991086 0.461263 0.990420 0.460208 0.990038 0.459803 0.990704 0.730335
0 0.685292 0.433998 0.685649 0.433411 0.684703 0.433070 0.684347 0.433657 0.730229
0 0.505317 0.143231 0.505491 0.142533 0.504656 0.142409 0.504482 0.143107 0.729339
0 0.826224 0.912139 0.826597 0.911376 0.825828 0.911152 0.825455 0.911915 0.728709
0 0.685268 0.345790 0.685414 0.345114 0.684487 0.344995 0.684340 0.345670 0.728689
0 0.697761 0.434061 0.697986 0.433372 0.697108 0.433202 0.696883 0.433891 0.727221
0 0.719582 0.886370 0.719795 0.885601 0.718990 0.885469 0.718776 0.886237 0.727027
0 0.722299 0.900888 0.723345 0.900762 0.723087 0.899487 0.722041 0.899613 0.726219
0 0.196868 0.054826 0.197396 0.054186 0.196691 0.053840 0.196163 0.054480 0.724451
0 0.727742 0.882582 0.727876 0.881881 0.727013 0.881783 0.726879 0.882484 0.723607
0 0.687536 0.347624 0.688005 0.346916 0.687216 0.346605 0.686746 0.347313 0.723199
0 0.822456 0.911103 0.822677 0.910352 0.821860 0.910209 0.821639 0.910960 0.722438
0 0.682957 0.434823 0.683367 0.434227 0.682474 0.433862 0.682064 0.434458 0.721911
0 0.730144 0.888826 0.730453 0.887987 0.729649 0.887811 0.729340 0.888650 0.720922
0 0.407769 0.632893 0.407908 0.632205 0.407079 0.632105 0.406939 0.632793 0.718319
0 0.712049 0.928665 0.712068 0.927304 0.706702 0.927261 0.706683 0.928622 0.718173
0 0.507653 0.139884 0.507806 0.139138 0.506956 0.139034 0.506803 0.139780 0.717449
0 0.727965 0.886088 0.728129 0.885327 0.727308 0.885222 0.727144 0.885983 0.716633
0 0.702689 0.432201 0.702833 0.431495 0.701933 0.431386 0.701789 0.432092 0.715487
0 0.505243 0.145364 0.505463 0.144604 0.504591 0.144454 0.504371 0.145215 0.714672
0 0.722988 0.888188 0.723255 0.887309 0.722473 0.887168 0.722206 0.888047 0.713699
0 0.727821 0.889641 0.728120 0.888857 0.727380 0.888689 0.727081 0.889473 0.712561
0 0.545368 0.147917 0.545530 0.147203 0.544705 0.147092 0.544543 0.147806 0.711362
0 0.454885 0.992054 0.455034 0.991354 0.454204 0.991249 0.454055 0.991949 0.710020
0 0.675357 0.426692 0.675448 0.426031 0.674240 0.425933 0.674149 0.426594 0.709709
0 0.727678 0.883526 0.727817 0.882798 0.726983 0.882703 0.726843 0.883431 0.708701
1 0.729305 0.958315 0.731052 0.950650 0.729102 0.950386 0.727356 0.958051 0.705450
0 0.722181 0.887219 0.722500 0.886199 0.721664 0.886043 0.721345 0.887063 0.704642
1 0.699779 0.972253 0.705088 0.968851 0.704184 0.968012 0.698875 0.971415 0.703571
1 0.674534 0.421376 0.675645 0.420516 0.672656 0.418223 0.671545 0.419084 0.703388
0 0.281373 0.731145 0.282103 0.730636 0.280916 0.729624 0.280186 0.730133 0.702547
0 0.155930 0.994013 0.157508 0.993863 0.156764 0.989224 0.155187 0.989375 0.702136
1 0.048433 0.094017 0.049165 0.093119 0.044360 0.090790 0.043628 0.091688 0.700459
1 0.598276 0.349302 0.599262 0.346430 0.597915 0.346155 0.596929 0.349027 0.699357
0 0.689919 0.345889 0.690257 0.345152 0.689399 0.344919 0.689062 0.345656 0.697114
0 0.411045 0.635455 0.411225 0.634766 0.410379 0.634634 0.410198 0.635322 0.693456
0 0.506294 0.137209 0.506543 0.136505 0.505739 0.136336 0.505490 0.137040 0.692290
0 0.453000 0.992779 0.453159 0.992108 0.452300 0.991986 0.452140 0.992657 0.691448
0 0.515645 0.140952 0.515861 0.140177 0.515029 0.140039 0.514813 0.140814 0.691376
0 0.407642 0.633453 0.407776 0.632767 0.406904 0.632666 0.406770 0.633351 0.690911
0 0.726447 0.887909 0.726680 0.887170 0.725883 0.887020 0.725650 0.887760 0.685573
0 0.678093 0.427641 0.678407 0.427015 0.677355 0.426702 0.677041 0.427328 0.685323
0 0.541996 0.149659 0.542262 0.148882 0.541457 0.148718 0.541191 0.149495 0.684375
0 0.194657 0.059546 0.195300 0.058907 0.194599 0.058488 0.193956 0.059127 0.683627
1 0.543938 0.354683 0.544845 0.353727 0.538181 0.349965 0.537274 0.350921 0.683574
0 0.725516 0.884508 0.725670 0.883794 0.724833 0.883686 0.724678 0.884400 0.683426
0 0.167902 0.064600 0.168821 0.064097 0.168312 0.063543 0.167393 0.064046 0.680802
1 0.046341 0.098814 0.047019 0.097946 0.042236 0.095727 0.041559 0.096595 0.677977
0 0.730560 0.883142 0.730841 0.882454 0.730027 0.882257 0.729746 0.882945 0.676786
0 0.170698 0.804124 0.170869 0.803464 0.169992 0.803329 0.169821 0.803989 0.676529
0 0.407691 0.638184 0.407800 0.637510 0.406906 0.637424 0.406797 0.638097 0.674416
0 0.826415 0.907612 0.826553 0.906906 0.825741 0.906811 0.825603 0.907517 0.673928
0 0.738871 0.883200 0.739219 0.882263 0.738351 0.882071 0.738003 0.883008 0.673542
0 0.729485 0.892030 0.730144 0.891065 0.729378 0.890754 0.728719 0.891719 0.673425
0 0.701164 0.435882 0.701304 0.435203 0.700406 0.435093 0.700265 0.435771 0.673260
0 0.718943 0.935128 0.719668 0.932952 0.705626 0.930172 0.704901 0.932347 0.670498
0 0.409885 0.634585 0.410049 0.633906 0.409158 0.633778 0.408994 0.634458 0.669521
1 0.005421 0.065569 0.007033 0.065389 0.005825 0.058953 0.004213 0.059133 0.668884
0 0.405897 0.636087 0.406171 0.635375 0.405348 0.635186 0.405074 0.635899 0.667960
0 0.404101 0.637130 0.404289 0.636177 0.403391 0.636072 0.403203 0.637025 0.667515
0 0.730759 0.888560 0.731077 0.887789 0.730259 0.887588 0.729940 0.888360 0.666903
0 0.726487 0.883526 0.726607 0.882829 0.725729 0.882739 0.725608 0.883436 0.664381
0 0.501268 0.151981 0.501523 0.151271 0.500671 0.151089 0.500416 0.151799 0.663699
0 0.825882 0.909473 0.826081 0.908751 0.825252 0.908615 0.825052 0.909337 0.663481
0 0.450448 0.994778 0.450612 0.994106 0.449700 0.993974 0.449536 0.994646 0.662298
0 0.683711 0.345691 0.683847 0.344964 0.682901 0.344859 0.682765 0.345586 0.661407
0 0.764310 0.906403 0.765269 0.905593 0.764590 0.905115 0.763631 0.905924 0.660542
0 0.459733 0.997130 0.460044 0.996407 0.459202 0.996192 0.458892 0.996916 0.657685
0 0.508774 0.148518 0.508954 0.147795 0.508107 0.147670 0.507927 0.148393 0.657132
0 0.733366 0.889859 0.733668 0.889125 0.732876 0.888931 0.732574 0.889665 0.656635
0 0.725639 0.885535 0.725788 0.884808 0.724959 0.884707 0.724810 0.885435 0.655469
0 0.502227 0.139846 0.502354 0.139173 0.501531 0.139080 0.501404 0.139754 0.655455
0 0.506752 0.140508 0.506922 0.139732 0.506102 0.139625 0.505932 0.140401 0.655071
0 0.546685 0.147721 0.546850 0.147005 0.546016 0.146891 0.545851 0.147607 0.654496
0 0.502981 0.142370 0.503151 0.141650 0.502313 0.141532 0.502143 0.142253 0.653913
0 0.404354 0.640479 0.404515 0.639792 0.403614 0.639667 0.403454 0.640354 0.653347
0 0.508619 0.138966 0.508762 0.138226 0.507938 0.138132 0.507795 0.138872 0.652607
0 0.727524 0.894240 0.728178 0.892724 0.727256 0.892487 0.726602 0.894004 0.652310
0 0.505919 0.144907 0.506254 0.144191 0.505449 0.143968 0.505114 0.144683 0.650805
0 0.731664 0.886605 0.732081 0.885791 0.731284 0.885549 0.730867 0.886362 0.650099
0 0.502206 0.140708 0.502344 0.139970 0.501476 0.139874 0.501338 0.140612 0.648405
0 0.698493 0.436343 0.698699 0.435693 0.697740 0.435512 0.697534 0.436162 0.647853
1 0.549052 0.308842 0.550008 0.308083 0.547693 0.306352 0.546737 0.307111 0.647333
0 0.732418 0.893997 0.732746 0.893199 0.731903 0.892993 0.731574 0.893790 0.646257
0 0.505790 0.141289 0.506069 0.140552 0.505217 0.140361 0.504938 0.141098 0.644529
0 0.695868 0.432609 0.696132 0.431959 0.695231 0.431741 0.694967 0.432390 0.644031
0 0.524896 0.137944 0.525272 0.137071 0.524491 0.136871 0.524116 0.137745 0.642547
0 0.762684 0.904526 0.763379 0.903731 0.762643 0.903349 0.761949 0.904145 0.641229
0 0.726472 0.884356 0.726606 0.883614 0.725743 0.883522 0.725610 0.884263 0.640357
0 0.833514 0.911848 0.834017 0.911161 0.833264 0.910834 0.832762 0.911521 0.639124
0 0.723444 0.883666 0.723592 0.882953 0.722736 0.882848 0.722588 0.883560 0.636230
0 0.763411 0.948210 0.763524 0.947378 0.761554 0.947219 0.761441 0.948051 0.635117
0 0.410135 0.636927 0.410231 0.636222 0.409341 0.636150 0.409245 0.636855 0.633126
0 0.695240 0.434864 0.695403 0.434177 0.694510 0.434051 0.694347 0.434738 0.631600
0 0.731753 0.889880 0.732024 0.889046 0.731185 0.888884 0.730914 0.889718 0.631121
0 0.728846 0.891443 0.729353 0.890646 0.728608 0.890364 0.728101 0.891161 0.629198
0 0.501646 0.143453 0.501818 0.142742 0.500992 0.142622 0.500819 0.143334 0.627851
0 0.637199 0.972026 0.637555 0.971322 0.636741 0.971076 0.636384 0.971780 0.627810
0 0.728970 0.885731 0.729197 0.884907 0.728370 0.884771 0.728143 0.885595 0.627251
0 0.508615 0.139675 0.508743 0.138959 0.507937 0.138874 0.507810 0.139589 0.626412
0 0.726718 0.882922 0.726861 0.882235 0.726043 0.882134 0.725900 0.882821 0.625840
0 0.538893 0.153077 0.539158 0.152333 0.538360 0.152163 0.538095 0.152908 0.625628
0 0.402852 0.639758 0.402937 0.639104 0.401965 0.639028 0.401880 0.639683 0.624636
0 0.675883 0.431010 0.675933 0.430340 0.674764 0.430288 0.674714 0.430958 0.623220
0 0.688916 0.440182 0.689166 0.439533 0.688227 0.439318 0.687977 0.439967 0.621859
0 0.457373 0.996166 0.457520 0.995416 0.456705 0.995321 0.456558 0.996071 0.621545
0 0.826800 0.906123 0.827052 0.905424 0.826205 0.905243 0.825953 0.905941 0.620746
1 0.671082 0.385635 0.672729 0.385474 0.672156 0.381988 0.670509 0.382148 0.620706
0 0.686349 0.428350 0.686499 0.427727 0.685496 0.427583 0.685346 0.428207 0.618365
0 0.406896 0.632541 0.407042 0.631885 0.406209 0.631774 0.406063 0.632431 0.617752
0 0.638700 0.973568 0.638977 0.972861 0.638114 0.972661 0.637837 0.973367 0.617131
0 0.411044 0.637033 0.411091 0.636236 0.410160 0.636203 0.410113 0.637001 0.616091
0 0.827042 0.906843 0.827184 0.906156 0.826353 0.906054 0.826211 0.906741 0.614097
0 0.721141 0.889880 0.721291 0.889072 0.720488 0.888983 0.720338 0.889791 0.610928
0 0.823950 0.910891 0.824126 0.910068 0.823300 0.909963 0.823124 0.910786 0.610334
0 0.507478 0.140588 0.507617 0.139800 0.506776 0.139712 0.506638 0.140501 0.610314
0 0.697547 0.432987 0.697744 0.432315 0.696852 0.432160 0.696656 0.432833 0.610170
0 0.170639 0.805992 0.170844 0.805203 0.169588 0.805010 0.169383 0.805798 0.609267
0 0.722181 0.888707 0.722320 0.887945 0.721519 0.887858 0.721379 0.888620 0.608981
0 0.819841 0.911556 0.820348 0.910811 0.819575 0.910498 0.819068 0.911243 0.607991
0 0.692499 0.430417 0.692655 0.429779 0.691675 0.429637 0.691519 0.430275 0.607488
0 0.409563 0.636006 0.409776 0.635356 0.408885 0.635182 0.408672 0.635832 0.604976
0 0.728091 0.887036 0.728295 0.886269 0.727494 0.886143 0.727291 0.886910 0.602742
0 0.507987 0.153978 0.508169 0.153270 0.507288 0.153135 0.507106 0.153843 0.599919
0 0.724443 0.894005 0.724646 0.893179 0.723793 0.893054 0.723590 0.893881 0.599349
0 0.723917 0.885084 0.724205 0.884375 0.723381 0.884175 0.723092 0.884885 0.599127
0 0.691815 0.433996 0.691981 0.433366 0.691004 0.433212 0.690837 0.433843 0.593681
1 0.059599 0.100650 0.060271 0.099481 0.054525 0.097516 0.053852 0.098685 0.593468
0 0.735898 0.884204 0.736034 0.883436 0.735218 0.883350 0.735082 0.884118 0.592329
0 0.708951 0.906014 0.709603 0.905336 0.708961 0.904969 0.708309 0.905648 0.592275
0 0.688859 0.343203 0.688966 0.342454 0.688136 0.342383 0.688029 0.343133 0.592079
0 0.095112 0.870577 0.098182 0.870230 0.096719 0.862557 0.093649 0.862905 0.591874
0 0.826203 0.908214 0.826358 0.907490 0.825533 0.907385 0.825378 0.908109 0.590252
0 0.835843 0.914495 0.835909 0.913758 0.834904 0.913705 0.834838 0.914442 0.590113
0 0.507373 0.145109 0.507575 0.144391 0.506774 0.144257 0.506573 0.144975 0.589355
0 0.726438 0.885587 0.726592 0.884819 0.725735 0.884718 0.725582 0.885486 0.589355
0 0.690924 0.343625 0.691058 0.342910 0.690186 0.342813 0.690052 0.343528 0.589271
0 0.688470 0.433265 0.688688 0.432609 0.687661 0.432406 0.687443 0.433062 0.586533
0 0.732011 0.883321 0.732146 0.882579 0.731328 0.882491 0.731194 0.883233 0.586410
0 0.712535 0.914797 0.712718 0.912772 0.703286 0.912266 0.703103 0.914291 0.585687
0 0.279449 0.733295 0.279992 0.732767 0.279002 0.732162 0.278460 0.732690 0.585277
0 0.406949 0.636296 0.407083 0.635629 0.406213 0.635525 0.406079 0.636192 0.584911
0 0.455965 0.991927 0.456112 0.991233 0.455293 0.991130 0.455146 0.991823 0.584226
0 0.406047 0.633430 0.406204 0.632748 0.405359 0.632632 0.405202 0.633315 0.583899
0 0.732537 0.899854 0.732907 0.898998 0.732140 0.898801 0.731770 0.899657 0.581556
0 0.723093 0.884219 0.723282 0.883491 0.722478 0.883367 0.722289 0.884095 0.578162
0 0.461056 0.992609 0.461204 0.991879 0.460354 0.991777 0.460206 0.992506 0.578087
0 0.725819 0.892175 0.726101 0.891347 0.725238 0.891172 0.724957 0.892000 0.576406
0 0.825871 0.906745 0.826006 0.906074 0.825208 0.905979 0.825073 0.906650 0.574549
0 0.825174 0.908709 0.825334 0.907996 0.824503 0.907885 0.824343 0.908598 0.571676
0 0.691895 0.431334 0.691966 0.430684 0.690959 0.430620 0.690889 0.431270 0.567622
0 0.718597 0.888637 0.718738 0.887845 0.717927 0.887759 0.717786 0.888552 0.566300
1 0.531827 0.163620 0.533231 0.161497 0.532039 0.161028 0.530634 0.163151 0.564595
0 0.106813 0.008081 0.106816 0.007414 0.105820 0.007411 0.105817 0.008078 0.563735
0 0.725572 0.882935 0.725710 0.882230 0.724869 0.882131 0.724730 0.882836 0.562462
0 0.696623 0.435085 0.696779 0.434376 0.695864 0.434256 0.695708 0.434965 0.559836
1 0.032948 0.309591 0.034289 0.309512 0.033846 0.305059 0.032506 0.305138 0.558514
0 0.686501 0.426636 0.686797 0.426007 0.685622 0.425678 0.685326 0.426307 0.558164
0 0.734123 0.884268 0.734294 0.883597 0.733422 0.883465 0.733252 0.884136 0.550631
0 0.409438 0.637372 0.409747 0.636700 0.408895 0.636466 0.408585 0.637139 0.550553
0 0.245056 0.660727 0.245708 0.660097 0.244557 0.659389 0.243905 0.660019 0.550115
0 0.693991 0.430652 0.694239 0.430017 0.693343 0.429809 0.693095 0.430443 0.550076
0 0.846660 0.921239 0.847690 0.920447 0.847081 0.919977 0.846052 0.920768 0.549496
0 0.724041 0.895963 0.724598 0.895338 0.723190 0.894593 0.722633 0.895218 0.549134
0 0.509001 0.137791 0.509135 0.137034 0.508318 0.136947 0.508184 0.137704 0.546922
0 0.505103 0.140570 0.505254 0.139772 0.504415 0.139678 0.504264 0.140476 0.545972
0 0.511002 0.157241 0.511178 0.156523 0.510372 0.156405 0.510196 0.157123 0.541474
0 0.711550 0.905279 0.712122 0.904501 0.711364 0.904169 0.710792 0.904947 0.540627
0 0.723537 0.886720 0.723841 0.885889 0.722998 0.885705 0.722694 0.886537 0.540396
0 0.504428 0.142718 0.504597 0.141980 0.503755 0.141865 0.503586 0.142604 0.537900
0 0.863118 0.929130 0.863786 0.928678 0.863006 0.927993 0.862338 0.928445 0.537247
0 0.510854 0.138191 0.510995 0.137447 0.510196 0.137357 0.510055 0.138101 0.537025
0 0.729782 0.884745 0.730063 0.883786 0.729229 0.883641 0.728947 0.884599 0.533261
0 0.722145 0.889555 0.722287 0.888778 0.721473 0.888689 0.721331 0.889467 0.532015
0 0.721379 0.884812 0.721703 0.884078 0.720888 0.883864 0.720564 0.884598 0.531734
0 0.507736 0.149980 0.507997 0.149131 0.507168 0.148980 0.506908 0.149829 0.529299
1 0.035637 0.308685 0.037045 0.308539 0.035963 0.302313 0.034555 0.302459 0.529266
0 0.724672 0.883533 0.724818 0.882847 0.724007 0.882744 0.723861 0.883430 0.526631
0 0.712463 0.907180 0.712755 0.906135 0.711888 0.905991 0.711596 0.907036 0.526327
0 0.730896 0.887153 0.731260 0.886340 0.730476 0.886131 0.730111 0.886944 0.523151
0 0.405376 0.634034 0.405693 0.633379 0.404866 0.633141 0.404549 0.633796 0.522208
0 0.708129 0.919838 0.708324 0.918522 0.703890 0.918132 0.703695 0.919448 0.521637
0 0.284414 0.733528 0.284499 0.732810 0.283623 0.732748 0.283538 0.733466 0.521488
0 0.511004 0.139567 0.511136 0.138809 0.510306 0.138723 0.510174 0.139481 0.521375
0 0.684302 0.344288 0.684495 0.343614 0.683600 0.343462 0.683407 0.344135 0.521186
0 0.459507 0.990394 0.459705 0.989726 0.458849 0.989575 0.458651 0.990243 0.519667
0 0.728724 0.887949 0.728988 0.887052 0.728187 0.886911 0.727922 0.887809 0.519576
0 0.745874 0.902935 0.746588 0.902523 0.745794 0.901703 0.745079 0.902115 0.518927
0 0.682612 0.342539 0.682826 0.341879 0.681904 0.341702 0.681690 0.342361 0.518426
0 0.693454 0.434202 0.693635 0.433537 0.692682 0.433383 0.692501 0.434048 0.517443
0 0.723224 0.886238 0.723410 0.885272 0.722614 0.885181 0.722428 0.886147 0.516032
0 0.460601 0.991855 0.460774 0.991174 0.459835 0.991032 0.459661 0.991712 0.514676
0 0.687168 0.349966 0.687946 0.349346 0.687325 0.348884 0.686548 0.349504 0.510383
0 0.510522 0.160711 0.511068 0.159865 0.510265 0.159556 0.509718 0.160402 0.510299
0 0.696003 0.433930 0.696146 0.433264 0.695188 0.433142 0.695045 0.433807 0.510214
0 0.407040 0.635779 0.407292 0.635104 0.406438 0.634915 0.406186 0.635590 0.503407
0 0.695251 0.429902 0.695263 0.429187 0.694298 0.429177 0.694286 0.429892 0.501995
0 0.725065 0.888364 0.725371 0.887459 0.724551 0.887294 0.724245 0.888199 0.500921
1 0.052720 0.099357 0.053335 0.098397 0.048136 0.096418 0.047521 0.097378 0.496452
0 0.534012 0.148533 0.534569 0.147914 0.533881 0.147546 0.533324 0.148164 0.494475
0 0.728938 0.883277 0.729081 0.882515 0.728297 0.882427 0.728153 0.883190 0.494270
0 0.689151 0.432396 0.689389 0.431750 0.688365 0.431526 0.688127 0.432173 0.494033
0 0.710539 0.920096 0.710782 0.919141 0.709865 0.919002 0.709622 0.919957 0.493312
0 0.407368 0.634020 0.407630 0.633352 0.406769 0.633151 0.406506 0.633818 0.491883
0 0.827402 0.908216 0.827588 0.907471 0.826789 0.907353 0.826603 0.908097 0.491015
0 0.507899 0.151866 0.508163 0.151157 0.507298 0.150965 0.507033 0.151674 0.488113
0 0.460153 0.995724 0.460444 0.994970 0.459604 0.994777 0.459313 0.995532 0.488040
0 0.721045 0.885980 0.721262 0.885084 0.720454 0.884967 0.720237 0.885863 0.487120
0 0.406185 0.634470 0.406371 0.633818 0.405525 0.633675 0.405339 0.634327 0.482425
0 0.725796 0.886429 0.725988 0.885704 0.725152 0.885572 0.724960 0.886297 0.480311
0 0.457149 0.992620 0.457263 0.991949 0.456356 0.991858 0.456242 0.992528 0.478191
0 0.822887 0.909160 0.823177 0.908342 0.822366 0.908171 0.822076 0.908989 0.477449
0 0.694165 0.437473 0.694281 0.436831 0.693271 0.436723 0.693156 0.437365 0.471850
0 0.727391 0.887493 0.727404 0.886747 0.726448 0.886737 0.726435 0.887482 0.471705
0 0.690577 0.434842 0.690758 0.434191 0.689784 0.434030 0.689603 0.434680 0.463959
0 0.721496 0.883440 0.721750 0.882751 0.720908 0.882566 0.720654 0.883255 0.461629
0 0.731339 0.885070 0.731556 0.884226 0.730764 0.884105 0.730547 0.884949 0.460288
0 0.685823 0.341489 0.685841 0.340732 0.684903 0.340719 0.684885 0.341476 0.457625
0 0.506827 0.144296 0.506961 0.143594 0.506125 0.143498 0.505990 0.144200 0.454927
0 0.821961 0.911944 0.822292 0.911187 0.821476 0.910975 0.821145 0.911732 0.453544
0 0.507843 0.143550 0.508012 0.142821 0.507200 0.142709 0.507031 0.143438 0.452693
0 0.684913 0.429677 0.685169 0.429044 0.684176 0.428806 0.683920 0.429439 0.450970
0 0.705625 0.430210 0.705883 0.429552 0.704552 0.429240 0.704293 0.429899 0.449552
0 0.713609 0.905901 0.713867 0.905104 0.713069 0.904950 0.712811 0.905748 0.447589
0 0.725444 0.890465 0.725890 0.889690 0.725107 0.889422 0.724662 0.890197 0.442433
0 0.724605 0.888728 0.724968 0.887743 0.724145 0.887563 0.723782 0.888548 0.440110
0 0.702296 0.435059 0.702462 0.434387 0.701533 0.434250 0.701367 0.434922 0.438246
0 0.720943 0.884232 0.721161 0.883503 0.720350 0.883359 0.720132 0.884088 0.435774
0 0.695044 0.433433 0.695057 0.432686 0.694089 0.432676 0.694075 0.433423 0.435508
0 0.730488 0.889901 0.730782 0.889029 0.729897 0.888852 0.729604 0.889724 0.433415
1 0.132592 0.125373 0.134716 0.123517 0.133700 0.122826 0.131576 0.124682 0.430492
0 0.684610 0.341019 0.684786 0.340365 0.683900 0.340223 0.683723 0.340876 0.427805
0 0.540096 0.148535 0.540387 0.147851 0.539562 0.147642 0.539271 0.148326 0.422736
0 0.070805 0.529309 0.070834 0.528255 0.069866 0.528239 0.069838 0.529293 0.420844
0 0.507939 0.145873 0.508216 0.145081 0.507425 0.144917 0.507147 0.145708 0.416562
0 0.451811 0.993918 0.451926 0.993269 0.451027 0.993174 0.450912 0.993823 0.415354
0 0.701766 0.434003 0.701919 0.433370 0.700945 0.433230 0.700792 0.433864 0.414033
1 0.636940 0.412052 0.639068 0.411937 0.638980 0.410976 0.636852 0.411091 0.412485
0 0.504352 0.143949 0.504494 0.143180 0.503640 0.143087 0.503498 0.143855 0.411566
0 0.699954 0.430163 0.700113 0.429532 0.699099 0.429381 0.698941 0.430011 0.408407
0 0.636705 0.969305 0.636971 0.968653 0.636154 0.968456 0.635889 0.969107 0.405526
1 0.724191 0.896196 0.724894 0.895544 0.723323 0.894538 0.722621 0.895190 0.403465
0 0.727435 0.884055 0.727455 0.883328 0.726511 0.883313 0.726491 0.884039 0.402510
0 0.451826 0.993109 0.451956 0.992402 0.451087 0.992307 0.450958 0.993014 0.397424
0 0.473547 0.275458 0.473932 0.274880 0.472952 0.274492 0.472567 0.275070 0.393716
0 0.284341 0.100279 0.284480 0.099621 0.283596 0.099510 0.283457 0.100168 0.391896
0 0.721235 0.927140 0.721477 0.926253 0.720567 0.926105 0.720325 0.926993 0.389433
0 0.728690 0.889243 0.728929 0.888441 0.728152 0.888303 0.727913 0.889105 0.389254
0 0.825103 0.911796 0.825391 0.910946 0.824586 0.910784 0.824298 0.911634 0.387223
0 0.513724 0.140668 0.514050 0.139864 0.513282 0.139679 0.512955 0.140483 0.384564
0 0.408843 0.633889 0.408981 0.633149 0.408105 0.633052 0.407967 0.633792 0.383858
0 0.826774 0.910103 0.827039 0.909379 0.826227 0.909202 0.825962 0.909926 0.377000
0 0.697847 0.437184 0.697950 0.436480 0.697113 0.436407 0.697010 0.437111 0.373930
0 0.836751 0.917120 0.837787 0.916245 0.837043 0.915722 0.836008 0.916597 0.372381
0 0.171604 0.805089 0.171713 0.804427 0.170824 0.804341 0.170716 0.805002 0.371171
0 0.503098 0.139503 0.503225 0.138765 0.502409 0.138682 0.502282 0.139419 0.369346
0 0.687559 0.429775 0.687740 0.429119 0.686730 0.428953 0.686549 0.429609 0.368814
0 0.505940 0.143216 0.506213 0.142521 0.505405 0.142333 0.505132 0.143027 0.368163
0 0.824760 0.909242 0.824911 0.908525 0.824102 0.908423 0.823950 0.909140 0.364252
0 0.684455 0.428352 0.684571 0.427713 0.683459 0.427593 0.683343 0.428232 0.363350
0 0.867690 0.925244 0.867780 0.924526 0.866954 0.924465 0.866864 0.925183 0.363207
0 0.829041 0.906240 0.829317 0.905594 0.828522 0.905392 0.828246 0.906039 0.361509
0 0.270021 0.128988 0.270426 0.128387 0.269479 0.128007 0.269074 0.128608 0.351492
0 0.581441 0.250891 0.581637 0.250274 0.580707 0.250099 0.580511 0.250716 0.348874
0 0.700644 0.436617 0.700741 0.435972 0.699760 0.435883 0.699662 0.436529 0.346563
0 0.700811 0.434634 0.701031 0.434010 0.700125 0.433820 0.699904 0.434443 0.345327
0 0.729957 0.882458 0.730092 0.881702 0.729300 0.881618 0.729165 0.882374 0.344366
0 0.821556 0.910057 0.821772 0.909343 0.820945 0.909194 0.820729 0.909909 0.344263
0 0.700254 0.433647 0.700415 0.432949 0.699506 0.432825 0.699345 0.433523 0.342307
0 0.450813 0.993695 0.450939 0.993053 0.450036 0.992948 0.449910 0.993590 0.339847
0 0.687755 0.435095 0.687890 0.434398 0.686973 0.434293 0.686839 0.434990 0.331868
0 0.734292 0.893819 0.734556 0.892987 0.733752 0.892836 0.733489 0.893667 0.323222
0 0.728520 0.885117 0.728785 0.884395 0.727934 0.884210 0.727670 0.884932 0.322111
0 0.581131 0.207579 0.581161 0.206718 0.580280 0.206700 0.580250 0.207561 0.320952
0 0.505751 0.144158 0.505907 0.143445 0.505035 0.143332 0.504879 0.144045 0.320887
0 0.736850 0.889534 0.736957 0.888847 0.736097 0.888768 0.735991 0.889454 0.318582
0 0.408815 0.635624 0.408969 0.634899 0.408117 0.634791 0.407963 0.635515 0.317742
0 0.502288 0.150512 0.502478 0.149673 0.501639 0.149560 0.501449 0.150399 0.315606
0 0.717536 0.893459 0.717804 0.892839 0.716890 0.892604 0.716622 0.893224 0.315265
0 0.541935 0.147489 0.542061 0.146761 0.541219 0.146675 0.541093 0.147402 0.309288
0 0.682917 0.978514 0.683576 0.977873 0.682916 0.977470 0.682258 0.978111 0.308341
0 0.573052 0.190241 0.573246 0.189577 0.572431 0.189435 0.572237 0.190099 0.307497
0 0.684176 0.430842 0.684453 0.430236 0.683465 0.429968 0.683189 0.430573 0.305182
0 0.690299 0.341689 0.690318 0.340954 0.689342 0.340939 0.689322 0.341673 0.302464
0 0.835505 0.910978 0.836046 0.910163 0.835293 0.909866 0.834751 0.910681 0.301225
0 0.458589 0.993444 0.458747 0.992732 0.457887 0.992618 0.457728 0.993330 0.295709
0 0.718942 0.884380 0.719120 0.883684 0.718326 0.883564 0.718149 0.884260 0.295099
0 0.208235 0.063414 0.208482 0.062726 0.207678 0.062555 0.207431 0.063242 0.294071
0 0.683238 0.341019 0.683331 0.340345 0.682445 0.340272 0.682352 0.340946 0.292514
0 0.504111 0.139619 0.504228 0.138877 0.503400 0.138799 0.503283 0.139542 0.292202
0 0.409102 0.632278 0.409351 0.631635 0.408493 0.631437 0.408244 0.632080 0.291110
0 0.544034 0.150856 0.544051 0.150159 0.543015 0.150143 0.542997 0.150841 0.287512
0 0.690812 0.441695 0.690938 0.441028 0.690110 0.440935 0.689983 0.441602 0.281588
0 0.407492 0.636918 0.407614 0.636252 0.406603 0.636142 0.406481 0.636807 0.280969
0 0.690061 0.342248 0.690199 0.341485 0.689350 0.341394 0.689213 0.342157 0.276889
0 0.508022 0.138229 0.508142 0.137494 0.507298 0.137413 0.507179 0.138148 0.274896
0 0.636183 0.971060 0.636508 0.970440 0.635660 0.970176 0.635336 0.970796 0.272562
0 0.842089 0.922453 0.842718 0.921405 0.841918 0.921120 0.841289 0.922167 0.270718
0 0.720683 0.889302 0.720845 0.888456 0.720009 0.888361 0.719846 0.889207 0.270206
0 0.725995 0.883183 0.726221 0.882519 0.725376 0.882349 0.725151 0.883013 0.268510
0 0.502870 0.138674 0.502970 0.137960 0.502151 0.137891 0.502051 0.138605 0.265022
0 0.901974 0.956503 0.902111 0.955843 0.901313 0.955745 0.901176 0.956405 0.260288
0 0.724606 0.884257 0.724762 0.883542 0.723941 0.883436 0.723785 0.884151 0.258594
0 0.941773 0.153443 0.945579 0.147474 0.942888 0.146454 0.939083 0.152423 0.256882
0 0.452371 0.991632 0.452402 0.990874 0.451455 0.990851 0.451424 0.991609 0.255114
0 0.715881 0.905268 0.716097 0.904288 0.715244 0.904177 0.715028 0.905157 0.249117
0 0.497688 0.988107 0.498639 0.987412 0.498014 0.986904 0.497063 0.987600 0.246865
0 0.684565 0.426223 0.684781 0.425562 0.683641 0.425341 0.683426 0.426002 0.244152
0 0.714279 0.911582 0.714523 0.910926 0.713670 0.910737 0.713426 0.911393 0.244013
0 0.722240 0.885177 0.722465 0.884380 0.721705 0.884252 0.721481 0.885049 0.241534
0 0.509873 0.149275 0.510040 0.148519 0.509226 0.148413 0.509060 0.149168 0.240544
0 0.688864 0.441483 0.689135 0.440824 0.688255 0.440609 0.687984 0.441268 0.237176
0 0.725180 0.887132 0.725362 0.886388 0.724454 0.886256 0.724272 0.886999 0.232279
0 0.501749 0.144472 0.501885 0.143778 0.501047 0.143680 0.500911 0.144375 0.231323
0 0.673126 0.427950 0.673314 0.427301 0.672136 0.427099 0.671949 0.427748 0.231122
0 0.729278 0.886187 0.729479 0.885279 0.728617 0.885166 0.728417 0.886074 0.229849
0 0.704547 0.434549 0.704607 0.433915 0.703664 0.433862 0.703604 0.434496 0.225121
0 0.719643 0.936219 0.720040 0.935377 0.719159 0.935130 0.718763 0.935972 0.218203
0 0.505083 0.141552 0.505231 0.140781 0.504361 0.140681 0.504213 0.141453 0.213170
0 0.507347 0.142457 0.507500 0.141671 0.506639 0.141571 0.506486 0.142357 0.210154
0 0.694273 0.428037 0.694556 0.427383 0.693560 0.427128 0.693278 0.427782 0.209719
0 0.501785 0.153806 0.502864 0.153764 0.502821 0.153102 0.501742 0.153144 0.205230
1 0.729091 0.900553 0.729705 0.899988 0.728460 0.899186 0.727847 0.899751 0.198158
0 0.714248 0.928023 0.714504 0.927373 0.713275 0.927085 0.713019 0.927734 0.197296
0 0.700097 0.432454 0.700258 0.431762 0.699361 0.431639 0.699201 0.432331 0.194197
0 0.455586 0.992947 0.455722 0.992268 0.454732 0.992150 0.454596 0.992829 0.193218
0 0.820099 0.910618 0.820333 0.909837 0.819508 0.909690 0.819274 0.910471 0.189603
0 0.731537 0.882450 0.731673 0.881716 0.730868 0.881628 0.730732 0.882361 0.184987
0 0.505041 0.140047 0.505198 0.139246 0.504342 0.139147 0.504186 0.139948 0.182847
0 0.705931 0.432288 0.706094 0.431632 0.705251 0.431507 0.705088 0.432163 0.182771
0 0.599946 0.280551 0.600069 0.279897 0.599107 0.279789 0.598984 0.280444 0.180116
0 0.694116 0.435475 0.694236 0.434821 0.693265 0.434716 0.693145 0.435369 0.179705
0 0.666647 0.353435 0.667134 0.352682 0.666387 0.352395 0.665900 0.353148 0.179510
0 0.815200 0.913978 0.815238 0.913285 0.814114 0.913248 0.814076 0.913941 0.177681
0 0.691420 0.436681 0.691555 0.436023 0.690585 0.435905 0.690450 0.436563 0.173938
0 0.726984 0.890823 0.727400 0.890027 0.726566 0.889767 0.726149 0.890563 0.173880
0 0.688382 0.428302 0.688532 0.427668 0.687471 0.427518 0.687320 0.428152 0.171926
0 0.638214 0.968777 0.638340 0.968125 0.637520 0.968031 0.637395 0.968683 0.171690
0 0.375713 0.993810 0.376925 0.993795 0.376912 0.993151 0.375699 0.993165 0.171610
0 0.696922 0.437168 0.697002 0.436438 0.696163 0.436383 0.696082 0.437113 0.170523
0 0.729802 0.886412 0.730014 0.885519 0.729137 0.885395 0.728925 0.886288 0.167744
0 0.726683 0.886450 0.726809 0.885737 0.725998 0.885651 0.725872 0.886365 0.167257
0 0.715846 0.937140 0.716198 0.936390 0.714183 0.935827 0.713830 0.936577 0.165946
0 0.216428 0.071991 0.216573 0.071267 0.215695 0.071163 0.215551 0.071887 0.163900
0 0.724968 0.911297 0.725409 0.910558 0.724673 0.910297 0.724232 0.911036 0.158869
0 0.702703 0.433355 0.702861 0.432663 0.701951 0.432540 0.701794 0.433232 0.156417
0 0.634564 0.976991 0.634806 0.976210 0.633991 0.976060 0.633749 0.976841 0.154186
0 0.505057 0.146757 0.505177 0.146019 0.504253 0.145929 0.504132 0.146667 0.153552
0 0.508638 0.142192 0.508778 0.141409 0.507920 0.141318 0.507780 0.142100 0.153159
0 0.193899 0.701749 0.194971 0.700311 0.190236 0.698212 0.189164 0.699649 0.151893
0 0.902437 0.956968 0.902671 0.956345 0.901850 0.956162 0.901616 0.956785 0.150945
0 0.506481 0.141863 0.506663 0.141054 0.505842 0.140944 0.505660 0.141753 0.150340
0 0.725587 0.883421 0.725717 0.882729 0.724909 0.882639 0.724780 0.883331 0.149623
0 0.262329 0.103386 0.265553 0.103284 0.265499 0.102273 0.262275 0.102375 0.148870
0 0.506898 0.146203 0.507055 0.145445 0.506150 0.145333 0.505992 0.146091 0.147871
0 0.506810 0.138312 0.506920 0.137560 0.506097 0.137488 0.505986 0.138240 0.147082
0 0.286651 0.732309 0.286803 0.731654 0.285942 0.731536 0.285791 0.732191 0.145377
0 0.375732 0.157996 0.375859 0.157326 0.374984 0.157227 0.374857 0.157898 0.144073
0 0.480387 0.169827 0.480505 0.169135 0.479647 0.169048 0.479528 0.169739 0.143434
0 0.829934 0.908345 0.830269 0.907589 0.829492 0.907384 0.829157 0.908139 0.143169
0 0.684813 0.435698 0.684954 0.435066 0.683957 0.434934 0.683817 0.435566 0.136982
0 0.720699 0.887057 0.720897 0.886094 0.720070 0.885993 0.719872 0.886956 0.128016
0 0.719627 0.894829 0.720261 0.894269 0.718895 0.893351 0.718262 0.893912 0.127556
0 0.244102 0.093573 0.244262 0.092877 0.243422 0.092762 0.243261 0.093457 0.127405
0 0.845938 0.915563 0.846721 0.914702 0.846009 0.914317 0.845226 0.915178 0.126360
0 0.143233 0.063204 0.143501 0.062577 0.142637 0.062357 0.142369 0.062984 0.123900
0 0.721253 0.887836 0.721453 0.886888 0.720604 0.886781 0.720403 0.887729 0.121140
0 0.136433 0.123117 0.137731 0.123103 0.137716 0.122275 0.136418 0.122289 0.121054
0 0.454717 0.994516 0.454907 0.993797 0.453974 0.993651 0.453785 0.994370 0.117343
0 0.638810 0.969024 0.639090 0.968322 0.638286 0.968131 0.638006 0.968834 0.116559
0 0.509705 0.146427 0.509936 0.145623 0.509150 0.145489 0.508919 0.146293 0.115946
0 0.704564 0.937515 0.704806 0.935708 0.703177 0.935578 0.702935 0.937385 0.112428
0 0.723548 0.419418 0.723635 0.418768 0.722770 0.418700 0.722683 0.419350 0.111548
0 0.726083 0.905026 0.726634 0.903743 0.725597 0.903479 0.725047 0.904761 0.110950
0 0.689502 0.435475 0.689643 0.434849 0.688650 0.434716 0.688510 0.435343 0.109138
0 0.816792 0.919331 0.816803 0.918618 0.815957 0.918610 0.815947 0.919323 0.109036
0 0.618801 0.320659 0.618954 0.319953 0.618147 0.319848 0.617993 0.320554 0.108301
0 0.686180 0.342019 0.686391 0.341311 0.685558 0.341164 0.685347 0.341871 0.108182
0 0.373806 0.624716 0.373955 0.624070 0.373066 0.623948 0.372917 0.624594 0.106153
0 0.822681 0.911954 0.822845 0.911177 0.822130 0.911087 0.821966 0.911865 0.103519
1 0.262041 0.103430 0.265913 0.103310 0.265861 0.102304 0.261989 0.102424 0.102917
0 0.692476 0.343744 0.692590 0.343048 0.691694 0.342961 0.691580 0.343657 0.101229
0 0.407974 0.635287 0.408142 0.634534 0.407307 0.634424 0.407140 0.635177 0.099876
0 0.501245 0.144225 0.501379 0.143539 0.500454 0.143431 0.500320 0.144118 0.098843
0 0.457120 0.993931 0.457229 0.993246 0.456291 0.993157 0.456183 0.993842 0.092767
0 0.406259 0.634897 0.406291 0.634176 0.405335 0.634150 0.405302 0.634871 0.092699
0 0.825395 0.907771 0.825543 0.907065 0.824650 0.906954 0.824502 0.907659 0.088362
0 0.234031 0.865328 0.234165 0.864655 0.233345 0.864558 0.233212 0.865231 0.088351
0 0.827059 0.909130 0.827297 0.908355 0.826492 0.908208 0.826254 0.908983 0.085209
0 0.501990 0.144814 0.502127 0.144050 0.501286 0.143960 0.501149 0.144724 0.085072
0 0.501280 0.141004 0.501578 0.140311 0.500784 0.140108 0.500486 0.140801 0.084336
0 0.725986 0.884744 0.726289 0.884007 0.725476 0.883808 0.725173 0.884546 0.083608
0 0.693245 0.439898 0.693392 0.439234 0.692526 0.439119 0.692378 0.439784 0.080444
0 0.719563 0.887780 0.719683 0.886953 0.718813 0.886878 0.718692 0.887705 0.076664
0 0.504199 0.139250 0.504367 0.138472 0.503577 0.138371 0.503410 0.139149 0.075961
0 0.727675 0.885244 0.727826 0.884437 0.726953 0.884340 0.726802 0.885147 0.075558
0 0.692400 0.435961 0.692557 0.435291 0.691590 0.435157 0.691433 0.435827 0.073208
0 0.503551 0.150384 0.503894 0.149626 0.503064 0.149403 0.502721 0.150161 0.069497
0 0.192522 0.723341 0.192666 0.722271 0.190784 0.722121 0.190641 0.723191 0.069305
0 0.455903 0.995344 0.456121 0.994582 0.455236 0.994431 0.455018 0.995193 0.069289
0 0.705664 0.940398 0.705822 0.939679 0.704817 0.939549 0.704660 0.940268 0.068262
0 0.463728 0.906552 0.472411 0.903072 0.471280 0.901395 0.462597 0.904874 0.067920
0 0.046072 0.320853 0.046777 0.319723 0.043803 0.318620 0.043098 0.319750 0.066880
0 0.716087 0.890425 0.716121 0.889772 0.715044 0.889740 0.715010 0.890392 0.066422
0 0.707293 0.925062 0.707496 0.924059 0.706223 0.923906 0.706020 0.924909 0.066118
0 0.690157 0.441151 0.690304 0.440521 0.689386 0.440393 0.689239 0.441024 0.065945
0 0.600523 0.286630 0.601394 0.286618 0.601377 0.285909 0.600507 0.285921 0.064917
0 0.497856 0.984941 0.497930 0.984308 0.496953 0.984240 0.496879 0.984873 0.064115
0 0.716953 0.936214 0.717255 0.935410 0.714899 0.934885 0.714597 0.935689 0.061169
0 0.133192 0.125114 0.134688 0.123760 0.133608 0.123051 0.132113 0.124405 0.061029
0 0.532363 0.162798 0.533297 0.161564 0.532238 0.161087 0.531304 0.162321 0.059424
0 0.232519 0.863326 0.232765 0.862615 0.231876 0.862432 0.231630 0.863143 0.058929
0 0.726945 0.887020 0.727095 0.886252 0.726216 0.886149 0.726065 0.886917 0.056850
0 0.517120 0.140680 0.517308 0.139959 0.516486 0.139831 0.516297 0.140552 0.056812
0 0.450358 0.992127 0.450483 0.991454 0.449576 0.991353 0.449450 0.992026 0.056079
0 0.410990 0.636140 0.411057 0.635400 0.410111 0.635349 0.410044 0.636089 0.055796
0 0.729908 0.888068 0.730155 0.887229 0.729302 0.887080 0.729055 0.887919 0.055418
0 0.503005 0.141602 0.503213 0.140846 0.502397 0.140713 0.502189 0.141469 0.055400
0 0.717597 0.467968 0.718835 0.466445 0.715476 0.464822 0.714239 0.466344 0.055127
0 0.403742 0.634415 0.403898 0.633790 0.403071 0.633667 0.402915 0.634293 0.054569
1 0.240458 0.103367 0.243306 0.103271 0.243250 0.102290 0.240402 0.102387 0.053710
0 0.712319 0.890261 0.712628 0.889364 0.711663 0.889167 0.711354 0.890064 0.053184
0 0.405487 0.635212 0.405656 0.634466 0.404844 0.634357 0.404675 0.635103 0.052912
0 0.458968 0.992246 0.459147 0.991478 0.458147 0.991340 0.457967 0.992108 0.052012
0 0.730272 0.887222 0.730589 0.886330 0.729821 0.886168 0.729504 0.887060 0.050435
0 0.265686 0.992843 0.265834 0.992211 0.264935 0.992085 0.264786 0.992717 0.050367
0 0.730076 0.883729 0.730303 0.882823 0.729539 0.882709 0.729312 0.883615 0.050183
0 0.501044 0.142215 0.501136 0.141433 0.500297 0.141374 0.500205 0.142156 0.049609
0 0.556224 0.181934 0.556537 0.181359 0.555524 0.181032 0.555212 0.181606 0.049100
0 0.697026 0.436746 0.697116 0.436049 0.696234 0.435981 0.696144 0.436678 0.047811
0 0.338689 1.000000 0.338794 0.999154 0.335638 0.998982 0.335533 1.000000 0.046559
0 0.812905 0.918830 0.813340 0.918117 0.812549 0.917830 0.812113 0.918543 0.045912
0 0.501937 0.142570 0.502074 0.141863 0.501291 0.141773 0.501153 0.142480 0.045254
0 0.727719 0.887937 0.727980 0.887099 0.727231 0.886961 0.726971 0.887798 0.045253
0 0.663601 0.968015 0.663872 0.967300 0.663045 0.967114 0.662774 0.967829 0.043688
0 0.715106 0.938822 0.715768 0.938165 0.712963 0.936486 0.712301 0.937143 0.043424
0 0.501819 0.152254 0.501924 0.151537 0.501021 0.151459 0.500916 0.152176 0.042941
0 0.499331 0.145145 0.499433 0.144487 0.498526 0.144403 0.498424 0.145062 0.042292
0 0.823590 0.911922 0.823744 0.911097 0.822834 0.910996 0.822679 0.911821 0.041961
0 0.824136 0.912747 0.824451 0.911865 0.823648 0.911695 0.823334 0.912577 0.041534
0 0.502421 0.152851 0.502460 0.152150 0.501457 0.152116 0.501417 0.152817 0.041200
0 0.716068 0.892461 0.716170 0.891730 0.715162 0.891646 0.715061 0.892378 0.039968
0 0.692378 0.344494 0.692510 0.343725 0.691625 0.343635 0.691493 0.344403 0.039043
0 0.041817 0.319150 0.042506 0.318146 0.040113 0.317170 0.039424 0.318174 0.038995
0 0.450371 0.992713 0.450475 0.992024 0.449549 0.991941 0.449445 0.992631 0.038949
0 0.729216 0.884717 0.729479 0.883841 0.728624 0.883689 0.728362 0.884565 0.037529
0 0.683800 0.371275 0.684413 0.370643 0.683305 0.370004 0.682692 0.370636 0.036936
0 0.451657 0.991802 0.451786 0.991126 0.450939 0.991030 0.450810 0.991706 0.036281
0 0.579818 0.219726 0.579955 0.219051 0.579070 0.218944 0.578933 0.219619 0.035970
0 0.719600 0.885511 0.719850 0.884669 0.719107 0.884538 0.718857 0.885380 0.035251
0 0.509739 0.141419 0.509890 0.140602 0.509004 0.140505 0.508853 0.141322 0.034974
0 0.458692 0.992992 0.458853 0.992317 0.457986 0.992194 0.457825 0.992869 0.033441
0 0.391272 0.991800 0.391483 0.991026 0.390662 0.990893 0.390451 0.991667 0.032784
1 0.725956 0.905275 0.726657 0.903665 0.725547 0.903377 0.724846 0.904987 0.032735
0 0.503633 0.137930 0.503939 0.137175 0.503102 0.136973 0.502796 0.137729 0.032676
0 0.450899 0.992502 0.451159 0.991865 0.450320 0.991662 0.450061 0.992298 0.032217
0 0.696829 0.435602 0.696952 0.434944 0.696063 0.434846 0.695940 0.435504 0.030369
0 0.410248 0.635488 0.410406 0.634818 0.409524 0.634695 0.409367 0.635365 0.029819
0 0.509680 0.139217 0.509845 0.138403 0.508985 0.138299 0.508820 0.139113 0.028808
0 0.704273 0.934314 0.704508 0.932682 0.702674 0.932525 0.702439 0.934157 0.028653
0 0.406663 0.631939 0.406818 0.631266 0.405948 0.631147 0.405793 0.631820 0.028532
0 0.728394 0.888444 0.728795 0.887600 0.728009 0.887378 0.727608 0.888222 0.027740
0 0.721931 0.888142 0.722182 0.887238 0.721455 0.887117 0.721203 0.888022 0.026321
0 0.649778 0.463403 0.649963 0.462761 0.649074 0.462609 0.648890 0.463251 0.025890
0 0.730104 0.885494 0.730403 0.884440 0.729625 0.884308 0.729326 0.885363 0.025260
0 0.528098 0.145272 0.528193 0.144577 0.527298 0.144504 0.527203 0.145199 0.025216
0 0.722004 0.886598 0.722292 0.885594 0.721513 0.885462 0.721225 0.886466 0.024907
0 0.507757 0.138805 0.507893 0.138065 0.507111 0.137980 0.506975 0.138720 0.024482
0 0.502311 0.148958 0.502430 0.148230 0.501471 0.148137 0.501352 0.148864 0.024140
0 0.376405 0.994668 0.376429 0.993986 0.375335 0.993963 0.375311 0.994645 0.024036
0 0.455624 0.992542 0.455861 0.991836 0.455067 0.991678 0.454830 0.992384 0.023512
0 0.508209 0.140968 0.508515 0.140198 0.507700 0.140005 0.507394 0.140776 0.023343
0 0.666888 0.432160 0.667068 0.431455 0.666189 0.431321 0.666009 0.432027 0.023258
0 0.100335 0.844835 0.102083 0.841526 0.100165 0.840924 0.098418 0.844234 0.023128
0 0.741193 0.900210 0.741540 0.899483 0.740763 0.899263 0.740417 0.899990 0.022674
0 0.006424 0.889484 0.006679 0.888295 0.005582 0.888154 0.005326 0.889344 0.022584
0 0.372871 0.157338 0.373090 0.156627 0.372225 0.156469 0.372006 0.157179 0.022379
0 0.452584 0.993652 0.452742 0.992959 0.451900 0.992844 0.451741 0.993538 0.021759
0 0.263572 0.622860 0.264674 0.622841 0.264643 0.621757 0.263541 0.621776 0.021746
0 0.507397 0.144324 0.507576 0.143604 0.506771 0.143485 0.506592 0.144205 0.021256
0 0.691243 0.341445 0.691394 0.340720 0.690545 0.340615 0.690394 0.341340 0.021193
0 0.262656 0.559594 0.263593 0.559593 0.263591 0.558651 0.262655 0.558652 0.021143
0 0.727796 0.889097 0.728059 0.888234 0.727298 0.888097 0.727036 0.888959 0.021076
0 0.800145 0.928528 0.801917 0.928151 0.800396 0.923900 0.798623 0.924277 0.020294
0 0.199624 0.053662 0.199902 0.052937 0.199100 0.052755 0.198823 0.053480 0.020178
0 0.724245 0.886395 0.724435 0.885505 0.723596 0.885398 0.723406 0.886288 0.020099
0 0.689933 0.441942 0.690049 0.441314 0.689228 0.441224 0.689112 0.441852 0.019951
0 0.504427 0.140747 0.504589 0.139943 0.503768 0.139844 0.503605 0.140648 0.019943
0 0.797380 0.234286 0.803879 0.231291 0.802782 0.229876 0.796283 0.232871 0.019779
0 0.688485 0.003819 0.698805 0.000908 0.697715 -0.001389 0.687395 0.001522 0.019580
0 0.719419 0.884479 0.719667 0.883710 0.718888 0.883561 0.718640 0.884330 0.019312
0 0.638035 0.412076 0.638079 0.411236 0.636977 0.411202 0.636934 0.412042 0.019016
0 0.406383 0.638844 0.406451 0.638176 0.405529 0.638120 0.405462 0.638789 0.018851
0 0.928612 0.989891 0.928756 0.989194 0.927905 0.989089 0.927760 0.989786 0.018843
0 0.503473 0.141144 0.503794 0.140448 0.502990 0.140227 0.502668 0.140923 0.018573
0 0.234689 0.869130 0.234966 0.868352 0.234021 0.868152 0.233744 0.868930 0.018238
0 0.817050 0.913809 0.817254 0.913083 0.816372 0.912936 0.816169 0.913662 0.018010
0 0.693620 0.435583 0.693737 0.434935 0.692810 0.434835 0.692693 0.435483 0.017872
0 0.506627 0.140038 0.506783 0.139206 0.505989 0.139118 0.505833 0.139950 0.017801
0 0.234719 0.866050 0.234816 0.865348 0.233930 0.865275 0.233834 0.865977 0.017763
0 0.543280 0.150282 0.543542 0.149513 0.542695 0.149342 0.542433 0.150111 0.017452
0 0.699570 0.433473 0.699583 0.432750 0.698635 0.432740 0.698622 0.433463 0.016389
0 0.705756 0.929755 0.705944 0.928823 0.704627 0.928665 0.704439 0.929597 0.016357
0 0.456529 0.990397 0.456681 0.989724 0.455781 0.989604 0.455629 0.990277 0.016329
0 0.714765 0.902780 0.715040 0.902055 0.714159 0.901857 0.713884 0.902582 0.016290
0 0.503820 0.142948 0.504168 0.142235 0.503304 0.141985 0.502957 0.142697 0.015995
0 0.712596 0.909174 0.712678 0.908504 0.711837 0.908443 0.711755 0.909112 0.015832
0 0.449524 0.992787 0.449704 0.992091 0.448786 0.991950 0.448606 0.992646 0.015143
0 0.705325 0.924363 0.705594 0.922531 0.704238 0.922413 0.703969 0.924245 0.015077
0 0.930698 0.160943 0.935136 0.158339 0.933625 0.156809 0.929188 0.159414 0.014964
0 0.935319 0.158589 0.939532 0.153143 0.937437 0.152179 0.933223 0.157625 0.014782
0 0.601678 0.256803 0.601753 0.256152 0.600810 0.256088 0.600735 0.256738 0.014740
0 0.288555 0.738039 0.288667 0.737401 0.287829 0.737314 0.287717 0.737952 0.014544
0 0.731200 0.883519 0.731422 0.882656 0.730721 0.882549 0.730499 0.883412 0.014002
0 0.705100 0.945562 0.705948 0.944960 0.704474 0.943727 0.703626 0.944329 0.013543
0 0.430079 0.168804 0.430238 0.168161 0.429379 0.168035 0.429220 0.168678 0.013452
0 0.272250 0.993839 0.273567 0.993824 0.273554 0.993134 0.272237 0.993149 0.013395
0 0.690023 0.344049 0.690164 0.343279 0.689320 0.343187 0.689179 0.343958 0.013183
0 0.872804 0.210151 0.878810 0.204996 0.877275 0.203933 0.871269 0.209088 0.013168
0 0.755219 0.891983 0.756393 0.891162 0.755715 0.890586 0.754541 0.891407 0.012866
0 0.508600 0.153970 0.508801 0.153264 0.507957 0.153122 0.507757 0.153828 0.012810
0 0.501152 0.140668 0.501296 0.139870 0.500368 0.139770 0.500224 0.140569 0.012651
0 0.688196 0.350235 0.688830 0.349581 0.688162 0.349196 0.687528 0.349851 0.012495
1 0.732030 0.944775 0.732199 0.943043 0.730916 0.942968 0.730747 0.944701 0.012415
0 0.686407 0.351627 0.686879 0.351014 0.686146 0.350679 0.685674 0.351292 0.012219
0 0.705659 0.930489 0.705909 0.929582 0.704572 0.929363 0.704322 0.930270 0.011809
0 0.731364 0.881841 0.731483 0.881160 0.730725 0.881081 0.730606 0.881762 0.011752
0 0.688768 0.755769 0.688901 0.755031 0.688093 0.754945 0.687960 0.755682 0.011629
0 0.434067 0.995293 0.434169 0.994645 0.433326 0.994567 0.433224 0.995214 0.011593
0 0.710855 0.897191 0.710997 0.896399 0.709888 0.896281 0.709747 0.897073 0.011485
0 0.696933 0.433007 0.697112 0.432353 0.696190 0.432202 0.696010 0.432856 0.011454
0 0.499660 0.142471 0.499788 0.141734 0.498916 0.141643 0.498787 0.142381 0.011343
0 0.404993 0.633614 0.405148 0.632967 0.404255 0.632840 0.404100 0.633486 0.011337
0 0.716151 0.891722 0.716286 0.890927 0.715259 0.890823 0.715125 0.891619 0.011200
0 0.721362 0.886822 0.721702 0.885954 0.720873 0.885760 0.720533 0.886629 0.011131
0 0.716807 0.939080 0.717228 0.938069 0.715215 0.937570 0.714794 0.938581 0.011083
0 0.625591 0.995784 0.625966 0.995211 0.625026 0.994844 0.624650 0.995417 0.011055
0 0.513925 0.983927 0.514060 0.983286 0.513139 0.983171 0.513004 0.983812 0.010900
0 0.348271 0.625310 0.348528 0.624562 0.347713 0.624396 0.347457 0.625144 0.010511
1 0.406146 0.532617 0.406198 0.531759 0.404657 0.531703 0.404605 0.532562 0.010414
0 0.726754 0.881909 0.726928 0.881208 0.726065 0.881080 0.725891 0.881781 0.010397
0 0.695351 0.437540 0.695466 0.436875 0.694528 0.436778 0.694413 0.437443 0.010389
0 0.406125 0.638586 0.406156 0.637812 0.405212 0.637789 0.405181 0.638563 0.010280
0 0.405583 0.632718 0.405749 0.632039 0.404875 0.631912 0.404709 0.632590 0.010026
0 0.118118 0.819296 0.118761 0.818775 0.117955 0.818183 0.117312 0.818705 0.009908
0 0.294364 0.106255 0.294570 0.105585 0.293720 0.105430 0.293515 0.106100 0.009701
0 0.590030 0.254436 0.590141 0.253785 0.589232 0.253693 0.589121 0.254344 0.009687
0 0.703909 0.939787 0.704193 0.938370 0.702599 0.938180 0.702314 0.939597 0.009638
0 0.724346 0.882696 0.724510 0.882008 0.723653 0.881886 0.723489 0.882575 0.009629
0 0.509846 0.139626 0.509991 0.138821 0.509192 0.138735 0.509046 0.139540 0.009605
0 0.452524 0.991262 0.452735 0.990534 0.451862 0.990384 0.451651 0.991112 0.009581
0 0.508497 0.146056 0.508779 0.145297 0.507942 0.145112 0.507660 0.145871 0.009542
0 0.272997 0.994964 0.273029 0.994239 0.271995 0.994211 0.271962 0.994937 0.009461
0 0.451690 0.994389 0.451845 0.993672 0.450994 0.993563 0.450839 0.994279 0.009410
0 0.726080 0.888429 0.726498 0.887628 0.725704 0.887382 0.725287 0.888183 0.009282
0 0.374610 0.157446 0.374746 0.156777 0.373883 0.156673 0.373748 0.157342 0.009218
0 0.691307 0.441620 0.691566 0.441001 0.690729 0.440793 0.690470 0.441412 0.009195
0 0.216009 0.850375 0.216062 0.849583 0.215120 0.849546 0.215067 0.850338 0.009161
0 0.731791 0.884770 0.731991 0.883953 0.731168 0.883833 0.730968 0.884650 0.009127
0 0.705019 0.897083 0.705134 0.896386 0.704241 0.896298 0.704126 0.896995 0.008886
0 0.824565 0.908199 0.824965 0.907441 0.824081 0.907164 0.823681 0.907922 0.008853
0 0.503079 0.143298 0.503248 0.142570 0.502359 0.142448 0.502190 0.143175 0.008840
1 0.339508 1.000000 0.339611 0.999013 0.335828 0.998838 0.335726 1.000000 0.008780
0 0.376510 0.157967 0.376555 0.157183 0.375521 0.157148 0.375476 0.157932 0.008746
0 0.715091 0.892310 0.715204 0.891593 0.714239 0.891502 0.714126 0.892219 0.008671
0 0.450473 0.995380 0.450605 0.994740 0.449769 0.994638 0.449637 0.995278 0.008639
0 0.404366 0.633590 0.404555 0.632931 0.403697 0.632785 0.403508 0.633444 0.008621
0 0.304720 0.978598 0.304856 0.977921 0.303972 0.977816 0.303837 0.978493 0.008585
0 0.710699 0.436796 0.710854 0.436146 0.710034 0.436029 0.709879 0.436679 0.008547
0 0.715029 0.902182 0.715121 0.901486 0.714158 0.901410 0.714065 0.902106 0.008537
0 0.718119 0.887766 0.718143 0.886981 0.717228 0.886964 0.717204 0.887749 0.008478
0 0.715304 0.904038 0.715517 0.903179 0.714603 0.903043 0.714389 0.903902 0.008474
0 0.413816 0.635197 0.413949 0.634537 0.413130 0.634439 0.412997 0.635099 0.008417
0 0.690787 0.342042 0.690973 0.341267 0.690222 0.341160 0.690036 0.341935 0.008259
0 0.694743 0.434885 0.694897 0.434258 0.693899 0.434112 0.693745 0.434739 0.008252
0 0.500724 0.139724 0.500859 0.139043 0.500029 0.138945 0.499893 0.139626 0.008199
0 0.486880 0.156704 0.487067 0.156056 0.486220 0.155910 0.486032 0.156558 0.008184
0 0.372844 0.152295 0.372971 0.151662 0.372080 0.151556 0.371954 0.152189 0.008170
0 0.378741 0.987252 0.378825 0.986605 0.377827 0.986528 0.377743 0.987175 0.008112
0 0.169432 0.823423 0.169657 0.822737 0.168790 0.822568 0.168564 0.823254 0.007914
0 0.695490 0.435691 0.695657 0.435029 0.694686 0.434884 0.694519 0.435546 0.007892
0 0.451647 0.991266 0.451848 0.990562 0.450951 0.990409 0.450750 0.991113 0.007658
0 0.821523 0.911232 0.821806 0.910432 0.821099 0.910283 0.820816 0.911083 0.007495
0 0.414427 0.634549 0.414605 0.633904 0.413809 0.633774 0.413631 0.634418 0.007474
0 0.499425 0.984147 0.499581 0.983463 0.498740 0.983349 0.498584 0.984033 0.007391
0 0.722810 0.887433 0.722824 0.886708 0.721898 0.886698 0.721884 0.887423 0.007323
0 0.507738 0.141743 0.507936 0.140864 0.507107 0.140754 0.506909 0.141632 0.007281
0 0.706861 0.900367 0.707007 0.899604 0.706075 0.899497 0.705929 0.900261 0.007235
0 0.206250 0.057007 0.206484 0.056323 0.205572 0.056137 0.205338 0.056821 0.007214
0 0.970612 0.463512 0.975234 0.461832 0.974434 0.460523 0.969812 0.462203 0.007143
0 0.718636 0.883654 0.718816 0.882973 0.718034 0.882850 0.717853 0.883531 0.007087
0 0.695724 0.438319 0.695889 0.437627 0.695012 0.437502 0.694846 0.438194 0.007051
0 0.513984 0.275600 0.514199 0.274787 0.512710 0.274553 0.512495 0.275366 0.007012
0 0.456504 0.990894 0.456662 0.990147 0.455837 0.990044 0.455679 0.990791 0.006910
0 0.139675 0.785271 0.139899 0.784499 0.139109 0.784362 0.138885 0.785135 0.006856
0 0.272743 0.995362 0.272745 0.994512 0.271421 0.994510 0.271419 0.995360 0.006798
0 0.727862 0.881891 0.728028 0.881167 0.727191 0.881053 0.727025 0.881776 0.006680
0 0.702868 0.920201 0.704734 0.919763 0.702731 0.914696 0.700865 0.915135 0.006630
0 0.712956 0.905984 0.713334 0.905143 0.712546 0.904932 0.712167 0.905773 0.006613
0 0.625934 0.996401 0.626331 0.995784 0.625355 0.995411 0.624958 0.996027 0.006592
0 0.543902 0.149683 0.544104 0.148921 0.543307 0.148795 0.543105 0.149557 0.006557
0 0.499413 0.143415 0.499518 0.142741 0.498661 0.142662 0.498556 0.143336 0.006495
0 0.499877 0.146044 0.499977 0.145370 0.499013 0.145284 0.498912 0.145959 0.006476
0 0.542987 0.149866 0.543226 0.149071 0.542395 0.148923 0.542156 0.149718 0.006348
1 0.097242 0.868446 0.099370 0.867828 0.097074 0.863123 0.094945 0.863741 0.006340
0 0.823572 0.912373 0.823597 0.911647 0.822619 0.911627 0.822594 0.912353 0.006206
0 0.709518 0.920175 0.709846 0.919129 0.708827 0.918939 0.708499 0.919985 0.006184
0 0.170874 0.805360 0.171049 0.804580 0.169978 0.804438 0.169804 0.805218 0.006016
0 0.829238 0.911656 0.829665 0.911031 0.828847 0.910699 0.828420 0.911323 0.005747
0 0.456787 0.518273 0.457308 0.517322 0.455796 0.516830 0.455275 0.517781 0.005737
0 0.719844 0.889027 0.720036 0.888210 0.719201 0.888093 0.719008 0.888909 0.005710
0 0.697692 0.431278 0.697873 0.430603 0.696933 0.430453 0.696751 0.431128 0.005709
0 0.498759 0.147733 0.498874 0.147100 0.498020 0.147008 0.497905 0.147641 0.005673
0 0.822583 0.910364 0.822809 0.909586 0.822043 0.909454 0.821817 0.910232 0.005670
0 0.976810 0.149332 0.978101 0.147516 0.969647 0.143945 0.968357 0.145762 0.005628
0 0.449448 0.994699 0.449648 0.993993 0.448700 0.993833 0.448500 0.994539 0.005591
0 0.715526 0.897748 0.715707 0.896989 0.714577 0.896829 0.714396 0.897588 0.005588
0 0.723342 0.882762 0.723590 0.882011 0.722680 0.881833 0.722432 0.882584 0.005584
0 0.294374 0.105691 0.294527 0.104997 0.293690 0.104887 0.293537 0.105581 0.005579
0 0.505849 0.139423 0.506146 0.138684 0.505277 0.138476 0.504979 0.139215 0.005505
0 0.732206 0.882900 0.732396 0.882104 0.731617 0.881993 0.731426 0.882789 0.005476
0 0.373683 0.157391 0.373810 0.156698 0.372952 0.156605 0.372825 0.157297 0.005461
0 0.796946 0.927255 0.798475 0.926462 0.797059 0.924838 0.795529 0.925632 0.005445
0 0.619381 0.345446 0.619432 0.344638 0.618503 0.344603 0.618452 0.345412 0.005349
1 0.070393 0.530255 0.070795 0.528405 0.069720 0.528266 0.069318 0.530116 0.005303
0 0.689206 0.340912 0.689525 0.340267 0.688692 0.340023 0.688374 0.340667 0.005272
0 0.498790 0.145117 0.498921 0.144471 0.497982 0.144357 0.497851 0.145003 0.005176
1 0.683216 0.978310 0.684254 0.977317 0.683518 0.976860 0.682480 0.977853 0.005125
0 0.927113 0.159703 0.927591 0.158738 0.926237 0.158340 0.925759 0.159305 0.005033
0 0.688948 0.435522 0.689084 0.434853 0.688128 0.434737 0.687992 0.435407 0.004938
0 0.605511 0.257326 0.605713 0.256542 0.604673 0.256383 0.604472 0.257168 0.004842
0 0.501836 0.152937 0.502955 0.152934 0.502953 0.152273 0.501833 0.152276 0.004792
0 0.871362 0.923402 0.871812 0.922522 0.870501 0.922124 0.870052 0.923004 0.004770
0 0.459760 0.991077 0.460050 0.990295 0.459099 0.990085 0.458809 0.990867 0.004741
0 0.719815 0.881885 0.720021 0.881222 0.719214 0.881073 0.719008 0.881735 0.004720
0 0.826250 0.904930 0.826413 0.904211 0.825559 0.904096 0.825397 0.904815 0.004690
0 0.700321 0.435826 0.700471 0.435126 0.699531 0.435007 0.699381 0.435706 0.004690
0 0.459661 0.992757 0.459834 0.992017 0.458917 0.991889 0.458743 0.992630 0.004687
0 0.730109 0.881041 0.730298 0.880323 0.729492 0.880196 0.729303 0.880914 0.004685
0 0.502851 0.152496 0.502915 0.151771 0.501920 0.151719 0.501856 0.152444 0.004672
0 0.376821 0.157712 0.376991 0.157034 0.376150 0.156909 0.375981 0.157587 0.004632
0 0.508632 0.149883 0.508926 0.148996 0.508162 0.148845 0.507867 0.149732 0.004526
0 0.730603 0.881481 0.731013 0.880781 0.730184 0.880492 0.729774 0.881192 0.004525
0 0.714055 0.889787 0.714494 0.888851 0.713434 0.888556 0.712995 0.889492 0.004481
0 0.509703 0.140066 0.509722 0.139323 0.508751 0.139308 0.508731 0.140051 0.004471
0 0.508139 0.137802 0.508466 0.137098 0.507637 0.136869 0.507310 0.137574 0.004464
0 0.637172 0.968711 0.637308 0.968085 0.636495 0.967981 0.636360 0.968606 0.004451
0 0.453195 0.994224 0.453519 0.993601 0.452651 0.993333 0.452328 0.993955 0.004423
0 0.725592 0.881845 0.725747 0.881151 0.724862 0.881033 0.724707 0.881728 0.004396
0 0.583388 0.208323 0.583524 0.207632 0.582738 0.207539 0.582601 0.208230 0.004384
0 0.731900 0.881996 0.732033 0.881230 0.731191 0.881144 0.731059 0.881910 0.004381
0 0.710797 0.897856 0.710987 0.896972 0.709932 0.896837 0.709743 0.897721 0.004359
0 0.499031 0.142928 0.499333 0.142295 0.498527 0.142066 0.498225 0.142700 0.004356
0 0.453750 0.992814 0.453928 0.992119 0.453020 0.991981 0.452842 0.992676 0.004268
0 0.728980 0.881017 0.729154 0.880303 0.728318 0.880182 0.728144 0.880896 0.004205
0 0.693845 0.432672 0.694117 0.431978 0.693153 0.431753 0.692881 0.432446 0.004185
1 0.263646 0.559466 0.263708 0.557987 0.262570 0.557959 0.262509 0.559438 0.004153
0 0.699108 0.433046 0.699283 0.432371 0.698298 0.432219 0.698123 0.432894 0.004146
0 0.715189 0.891768 0.715325 0.890994 0.714329 0.890890 0.714192 0.891664 0.004069
0 0.073941 0.070667 0.074228 0.068902 0.072813 0.068765 0.072526 0.070530 0.004048
0 0.636229 0.969424 0.636374 0.968775 0.635566 0.968667 0.635420 0.969317 0.004011
0 0.500743 0.138965 0.500943 0.138276 0.500075 0.138126 0.499875 0.138815 0.003970
0 0.728378 0.881442 0.728759 0.880732 0.727850 0.880442 0.727469 0.881153 0.003949
0 0.511039 0.139147 0.511193 0.138338 0.510430 0.138252 0.510276 0.139060 0.003937
0 0.686420 0.435691 0.686581 0.435011 0.685662 0.434881 0.685502 0.435562 0.003931
0 0.695101 0.437090 0.695122 0.436325 0.694160 0.436309 0.694139 0.437075 0.003864
0 0.723784 0.888505 0.724205 0.887685 0.723362 0.887428 0.722942 0.888248 0.003862
0 0.685119 0.426620 0.685357 0.425951 0.684002 0.425666 0.683765 0.426335 0.003781
0 0.455140 0.991124 0.455323 0.990395 0.454508 0.990273 0.454324 0.991002 0.003760
0 0.686980 0.443485 0.687233 0.442850 0.686377 0.442647 0.686124 0.443283 0.003754
0 0.541688 0.150228 0.541943 0.149387 0.541111 0.149237 0.540855 0.150078 0.003712
1 0.639505 0.410671 0.639677 0.409898 0.638569 0.409752 0.638397 0.410524 0.003677
0 0.697730 0.435889 0.697876 0.435222 0.696979 0.435106 0.696834 0.435773 0.003666
0 0.689935 0.433976 0.690142 0.433347 0.689166 0.433157 0.688960 0.433786 0.003654
0 0.452686 0.994434 0.452847 0.993728 0.451913 0.993601 0.451751 0.994307 0.003535
0 0.681956 0.429040 0.682281 0.428449 0.681342 0.428142 0.681017 0.428733 0.003523
0 0.220473 0.139105 0.221078 0.137916 0.219084 0.137313 0.218479 0.138501 0.003510
0 0.712642 0.895148 0.712907 0.894360 0.711910 0.894161 0.711646 0.894949 0.003499
0 0.501328 0.139475 0.501637 0.138818 0.500811 0.138587 0.500502 0.139244 0.003476
0 0.727846 0.881023 0.728049 0.880332 0.727196 0.880183 0.726992 0.880873 0.003471
0 0.323845 0.981774 0.324249 0.980735 0.323394 0.980537 0.322990 0.981577 0.003412
0 0.707990 0.946383 0.708720 0.945470 0.707655 0.944963 0.706924 0.945876 0.003409
0 0.690545 0.433383 0.690561 0.432648 0.689601 0.432636 0.689584 0.433370 0.003405
0 0.235103 0.866748 0.235231 0.865999 0.234377 0.865912 0.234248 0.866661 0.003397
0 0.103911 0.844720 0.104981 0.840160 0.102667 0.839837 0.101596 0.844397 0.003348
0 0.550277 0.149821 0.550434 0.149121 0.549540 0.149002 0.549384 0.149702 0.003346
0 0.693205 0.440918 0.693348 0.440240 0.692500 0.440134 0.692357 0.440811 0.003307
0 0.184695 0.054950 0.184885 0.054328 0.184078 0.054181 0.183888 0.054803 0.003278
0 0.720960 0.882846 0.721167 0.882139 0.720382 0.882003 0.720175 0.882709 0.003248
0 0.508061 0.144733 0.508443 0.143986 0.507644 0.143743 0.507262 0.144490 0.003213
0 0.189645 0.054083 0.189949 0.053391 0.189160 0.053185 0.188856 0.053878 0.003208
0 0.508128 0.143043 0.508458 0.142203 0.507663 0.142017 0.507333 0.142857 0.003182
0 0.823800 0.909389 0.824045 0.908547 0.823308 0.908419 0.823062 0.909262 0.003167
0 0.703575 0.941185 0.704403 0.940212 0.703409 0.939709 0.702581 0.940681 0.003143
0 0.688577 0.434948 0.688744 0.434301 0.687825 0.434160 0.687658 0.434807 0.003141
0 0.833839 0.361296 0.835218 0.361290 0.835213 0.360536 0.833834 0.360542 0.003138
0 0.456476 0.993867 0.456614 0.993184 0.455615 0.993065 0.455477 0.993748 0.003102
0 0.825021 0.904931 0.825213 0.904254 0.824341 0.904107 0.824149 0.904783 0.003092
0 0.551053 0.149803 0.551258 0.149091 0.550408 0.148946 0.550203 0.149658 0.003083
1 0.176615 0.252344 0.177454 0.250943 0.176548 0.250620 0.175709 0.252022 0.003081
0 0.565787 0.246660 0.565927 0.246020 0.565067 0.245908 0.564928 0.246548 0.003071
0 0.733300 0.884512 0.733530 0.883791 0.732782 0.883649 0.732552 0.884371 0.003070
0 0.828561 0.905927 0.828721 0.905219 0.827850 0.905102 0.827690 0.905811 0.003059
0 0.716552 0.894016 0.717033 0.893314 0.716059 0.892917 0.715577 0.893618 0.003033
0 0.234028 0.868754 0.234307 0.867993 0.233348 0.867784 0.233068 0.868544 0.003019
0 0.692261 0.343292 0.692426 0.342548 0.691555 0.342433 0.691390 0.343176 0.002989
0 0.731895 0.883907 0.731922 0.883183 0.730964 0.883161 0.730937 0.883886 0.002885
0 0.502107 0.138919 0.502259 0.138199 0.501426 0.138094 0.501273 0.138814 0.002884
0 0.405887 0.635622 0.406169 0.634791 0.405289 0.634614 0.405008 0.635445 0.002855
0 0.717261 0.888196 0.717413 0.887392 0.716420 0.887281 0.716268 0.888084 0.002848
0 0.735184 0.886869 0.735562 0.886217 0.734819 0.885960 0.734440 0.886612 0.002820
0 0.324251 0.736670 0.324321 0.735944 0.323446 0.735894 0.323376 0.736620 0.002804
0 0.404294 0.632859 0.404513 0.632189 0.403646 0.632021 0.403428 0.632691 0.002790
0 0.309543 0.946315 0.311204 0.945397 0.308333 0.942310 0.306673 0.943228 0.002784
0 0.172924 0.805028 0.173061 0.804337 0.172150 0.804229 0.172012 0.804920 0.002771
0 0.724414 0.881832 0.724595 0.881144 0.723664 0.880999 0.723483 0.881686 0.002766
0 0.704762 0.891851 0.704922 0.891104 0.704038 0.890992 0.703878 0.891739 0.002760
0 0.500840 0.143369 0.500977 0.142641 0.500205 0.142555 0.500068 0.143283 0.002752
0 0.461617 0.991306 0.462124 0.990583 0.461095 0.990154 0.460588 0.990877 0.002742
0 0.274932 0.724160 0.276521 0.722158 0.274226 0.721075 0.272637 0.723077 0.002727
0 0.682630 0.438463 0.682840 0.437810 0.681983 0.437646 0.681773 0.438299 0.002710
0 0.715436 0.905673 0.715654 0.904617 0.714785 0.904510 0.714567 0.905566 0.002709
0 0.712581 0.897502 0.712966 0.896714 0.711986 0.896429 0.711601 0.897216 0.002705
0 0.499571 0.139803 0.499774 0.139121 0.498929 0.138972 0.498726 0.139654 0.002704
0 0.408895 0.637858 0.409051 0.637134 0.408111 0.637013 0.407954 0.637738 0.002703
0 0.702924 0.434451 0.703197 0.433780 0.702234 0.433548 0.701961 0.434219 0.002695
0 0.717089 0.894397 0.717534 0.893649 0.716482 0.893277 0.716037 0.894024 0.002693
0 0.690443 0.429792 0.690455 0.429038 0.689512 0.429029 0.689500 0.429783 0.002690
0 0.698266 0.434370 0.698580 0.433739 0.697586 0.433445 0.697272 0.434076 0.002678
0 0.647293 0.968446 0.647402 0.967810 0.646552 0.967724 0.646442 0.968359 0.002676
0 0.732109 0.887529 0.732131 0.886786 0.731148 0.886769 0.731126 0.887511 0.002662
0 0.690922 0.435769 0.691085 0.435104 0.690134 0.434966 0.689971 0.435630 0.002660
0 0.416414 0.245638 0.416871 0.245068 0.415972 0.244639 0.415514 0.245208 0.002632
0 0.686419 0.427955 0.686627 0.427322 0.685568 0.427115 0.685360 0.427748 0.002623
0 0.638844 0.968418 0.639155 0.967730 0.638356 0.967516 0.638045 0.968203 0.002614
0 0.707201 0.940559 0.707572 0.939895 0.706282 0.939468 0.705912 0.940132 0.002601
0 0.706861 0.899888 0.707055 0.899004 0.706098 0.898879 0.705904 0.899763 0.002589
0 0.704248 0.945049 0.705162 0.944413 0.703124 0.942672 0.702210 0.943308 0.002576
0 0.331215 0.987603 0.331306 0.986923 0.329974 0.986817 0.329883 0.987497 0.002537
0 0.500289 0.143765 0.500315 0.143048 0.499376 0.143027 0.499349 0.143745 0.002535
0 0.731278 0.881021 0.731463 0.880313 0.730630 0.880184 0.730445 0.880891 0.002530
0 0.706375 0.929110 0.706758 0.927897 0.705195 0.927604 0.704812 0.928817 0.002504
0 0.182134 0.057499 0.182298 0.056871 0.181500 0.056747 0.181336 0.057375 0.002468
0 0.696240 0.436169 0.696524 0.435484 0.695555 0.435245 0.695271 0.435930 0.002453
0 0.133904 0.776591 0.134175 0.775836 0.133181 0.775623 0.132909 0.776378 0.002450
0 0.169389 0.802318 0.169526 0.801680 0.168672 0.801571 0.168536 0.802210 0.002398
0 0.722672 0.891126 0.722684 0.890390 0.721720 0.890381 0.721709 0.891117 0.002342
0 0.724471 0.418769 0.724625 0.418142 0.723794 0.418020 0.723640 0.418647 0.002313
0 0.714050 0.892302 0.714187 0.891561 0.713217 0.891454 0.713079 0.892195 0.002293
0 0.707963 0.355547 0.708123 0.354893 0.707261 0.354768 0.707101 0.355421 0.002285
0 0.723057 0.888938 0.723310 0.888091 0.722542 0.887954 0.722289 0.888802 0.002277
0 0.582001 0.216707 0.582210 0.215991 0.581364 0.215844 0.581155 0.216560 0.002266
0 0.517903 0.877205 0.518284 0.875874 0.516480 0.875567 0.516099 0.876898 0.002261
0 0.713576 0.898209 0.713610 0.897489 0.712663 0.897462 0.712629 0.898182 0.002253
0 0.714949 0.893369 0.715076 0.892626 0.714076 0.892524 0.713949 0.893268 0.002229
0 0.510078 0.138108 0.510211 0.137361 0.509454 0.137281 0.509321 0.138027 0.002186
0 0.698453 0.432738 0.698736 0.432053 0.697715 0.431802 0.697432 0.432487 0.002145
0 0.707595 0.945437 0.709174 0.944431 0.708197 0.943520 0.706618 0.944525 0.002134
0 0.692182 0.434809 0.692377 0.434157 0.691294 0.433965 0.691099 0.434617 0.002131
0 0.453869 0.993869 0.454139 0.993111 0.453225 0.992918 0.452956 0.993676 0.002127
0 0.509544 0.143692 0.509560 0.142946 0.508602 0.142934 0.508586 0.143679 0.002118
0 0.689204 0.443415 0.689442 0.442799 0.688609 0.442608 0.688371 0.443224 0.002113
0 0.373391 0.156768 0.373540 0.156116 0.372670 0.155998 0.372521 0.156649 0.002112
0 0.695928 0.437958 0.696240 0.437310 0.695376 0.437062 0.695064 0.437711 0.002108
0 0.726014 0.881466 0.726442 0.880750 0.725515 0.880420 0.725086 0.881136 0.002087
0 0.691664 0.432639 0.691932 0.432020 0.690830 0.431736 0.690561 0.432355 0.002084
0 0.718221 0.884095 0.718249 0.883354 0.717315 0.883333 0.717287 0.884074 0.002056
0 0.693735 0.436248 0.693952 0.435580 0.693006 0.435397 0.692789 0.436066 0.002052
0 0.404860 0.635886 0.405252 0.635143 0.404352 0.634861 0.403960 0.635605 0.002045
0 0.543163 0.984695 0.543249 0.984062 0.542398 0.983993 0.542312 0.984626 0.002044
0 0.825204 0.906769 0.825353 0.906069 0.824544 0.905966 0.824395 0.906666 0.002043
0 0.823866 0.905794 0.824041 0.905116 0.823198 0.904986 0.823023 0.905665 0.002042
0 0.706791 0.944555 0.707654 0.943830 0.706807 0.943231 0.705945 0.943956 0.002027
0 0.095282 0.458922 0.095462 0.457991 0.094601 0.457892 0.094421 0.458823 0.002025
0 0.677805 0.430708 0.678011 0.430024 0.677078 0.429856 0.676872 0.430541 0.002024
0 0.369930 0.637000 0.369982 0.636100 0.368900 0.636063 0.368849 0.636964 0.002010
0 0.685793 0.345083 0.685811 0.344325 0.684856 0.344311 0.684838 0.345069 0.001992
0 0.343703 0.730047 0.343883 0.729367 0.343048 0.729236 0.342869 0.729916 0.001971
0 0.141398 0.371534 0.141874 0.370526 0.140964 0.370271 0.140489 0.371280 0.001967
0 0.404856 0.634354 0.405033 0.633661 0.404122 0.633523 0.403945 0.634217 0.001967
0 0.459689 0.996662 0.460002 0.995900 0.459207 0.995705 0.458893 0.996468 0.001967
0 0.723220 0.881935 0.723455 0.881250 0.722548 0.881065 0.722313 0.881750 0.001955
0 0.232514 0.861935 0.232745 0.861220 0.231874 0.861053 0.231643 0.861768 0.001945
0 0.457041 0.990385 0.457221 0.989675 0.456392 0.989550 0.456213 0.990261 0.001937
0 0.499683 0.141710 0.499858 0.140962 0.498907 0.140830 0.498732 0.141578 0.001931
0 0.694972 0.426278 0.695001 0.425551 0.694027 0.425527 0.693997 0.426254 0.001926
0 0.828501 0.906593 0.828686 0.905865 0.827859 0.905740 0.827675 0.906469 0.001917
0 0.689715 0.342993 0.689868 0.342183 0.689074 0.342094 0.688921 0.342904 0.001915
0 0.411144 0.631886 0.411379 0.631199 0.410538 0.631028 0.410303 0.631715 0.001895
0 0.705847 0.944073 0.707021 0.943214 0.704602 0.941250 0.703429 0.942110 0.001892
0 0.729011 0.881854 0.729171 0.881111 0.728356 0.881006 0.728195 0.881750 0.001892
0 0.586908 0.212878 0.587102 0.212236 0.586287 0.212089 0.586093 0.212731 0.001876
0 0.500392 0.140221 0.500421 0.139498 0.499470 0.139476 0.499441 0.140198 0.001862
0 0.509735 0.140974 0.509972 0.140129 0.509176 0.139996 0.508939 0.140841 0.001842
0 0.722310 0.366947 0.722383 0.366262 0.721481 0.366205 0.721408 0.366890 0.001830
0 0.294363 0.107994 0.294585 0.107341 0.293696 0.107162 0.293474 0.107815 0.001827
0 0.709385 0.897088 0.709506 0.896356 0.708566 0.896264 0.708445 0.896996 0.001814
0 0.006848 0.888751 0.007195 0.887462 0.006091 0.887285 0.005743 0.888574 0.001811
0 0.337070 0.109798 0.337263 0.109114 0.336454 0.108978 0.336260 0.109662 0.001800
0 0.549880 0.150623 0.550034 0.149966 0.549191 0.149849 0.549037 0.150505 0.001795
0 0.727655 0.414530 0.727816 0.413838 0.726981 0.413723 0.726821 0.414415 0.001789
0 0.694344 0.440971 0.694526 0.440324 0.693701 0.440187 0.693520 0.440834 0.001785
1 0.266913 0.485651 0.267436 0.484205 0.266419 0.483986 0.265896 0.485432 0.001784
0 0.714256 0.886847 0.714691 0.886190 0.713882 0.885873 0.713448 0.886530 0.001765
0 0.719161 0.883197 0.719498 0.882501 0.718578 0.882237 0.718241 0.882933 0.001748
0 0.800920 0.723357 0.805637 0.722174 0.804838 0.720283 0.800122 0.721466 0.001745
0 0.405522 0.631890 0.405720 0.631235 0.404801 0.631070 0.404604 0.631725 0.001737
0 0.707604 0.897303 0.707840 0.896555 0.706871 0.896374 0.706636 0.897122 0.001732
0 0.698417 0.437934 0.698739 0.437282 0.697876 0.437028 0.697553 0.437680 0.001724
0 0.816655 0.907688 0.816818 0.906988 0.815930 0.906865 0.815766 0.907565 0.001723
0 0.719745 0.882768 0.719956 0.882079 0.719159 0.881934 0.718948 0.882623 0.001712
0 0.701009 0.346035 0.701268 0.345411 0.700423 0.345203 0.700164 0.345827 0.001699
0 0.407732 0.631784 0.407911 0.631092 0.407059 0.630960 0.406879 0.631653 0.001699
0 0.369232 0.151510 0.369310 0.150805 0.368321 0.150740 0.368243 0.151445 0.001699
0 0.691925 0.441828 0.692146 0.441155 0.691252 0.440980 0.691031 0.441653 0.001696
0 0.205285 0.935666 0.207358 0.935492 0.206537 0.929672 0.204464 0.929846 0.001691
0 0.693357 0.429535 0.693616 0.428831 0.692626 0.428613 0.692366 0.429318 0.001635
0 0.689923 0.429531 0.690143 0.428867 0.689269 0.428695 0.689050 0.429359 0.001628
0 0.705722 0.897102 0.705833 0.896365 0.704903 0.896282 0.704792 0.897019 0.001628
0 0.712263 0.905238 0.712819 0.904317 0.711997 0.904022 0.711440 0.904942 0.001607
0 0.717375 0.888819 0.717559 0.887995 0.716637 0.887872 0.716452 0.888695 0.001606
0 0.704714 0.897826 0.704851 0.897111 0.703971 0.897011 0.703835 0.897726 0.001604
0 0.685210 0.342027 0.685386 0.341301 0.684536 0.341179 0.684360 0.341905 0.001599
0 0.732031 0.892565 0.732236 0.891797 0.731390 0.891662 0.731184 0.892430 0.001579
0 0.824851 0.910422 0.825178 0.909443 0.824426 0.909294 0.824099 0.910273 0.001579
0 0.794543 0.925637 0.795853 0.924986 0.795149 0.924143 0.793838 0.924793 0.001565
0 0.827298 0.904929 0.827477 0.904214 0.826694 0.904098 0.826515 0.904813 0.001562
0 0.408825 0.631002 0.409093 0.630294 0.408256 0.630105 0.407987 0.630813 0.001551
0 0.448590 0.992473 0.448931 0.991837 0.448035 0.991551 0.447694 0.992186 0.001529
0 0.505329 0.145922 0.505547 0.145126 0.504729 0.144994 0.504512 0.145789 0.001503
0 0.444246 0.999506 0.444565 0.998881 0.443743 0.998631 0.443423 0.999256 0.001498
0 0.690603 0.426300 0.690629 0.425572 0.689640 0.425552 0.689615 0.426279 0.001497
0 0.866459 0.989683 0.867113 0.989241 0.866272 0.988503 0.865619 0.988946 0.001477
0 0.273237 0.723252 0.273419 0.722101 0.271840 0.721952 0.271658 0.723104 0.001474
0 0.455014 0.993744 0.455219 0.993001 0.454348 0.992858 0.454142 0.993601 0.001469
0 0.171839 0.803246 0.172015 0.802604 0.171175 0.802467 0.170999 0.803109 0.001463
0 0.644800 0.409242 0.645218 0.408707 0.644281 0.408273 0.643864 0.408808 0.001452
0 0.693311 0.433111 0.693499 0.432389 0.692546 0.432241 0.692357 0.432963 0.001431
0 0.267155 0.720113 0.267482 0.719244 0.266362 0.718994 0.266035 0.719862 0.001405
0 0.710993 0.887863 0.711085 0.887053 0.710003 0.886980 0.709912 0.887790 0.001389
0 0.334008 0.980020 0.334290 0.979362 0.333381 0.979130 0.333099 0.979788 0.001382
0 0.636005 0.970501 0.636188 0.969838 0.635390 0.969707 0.635207 0.970370 0.001380
0 0.694329 0.436771 0.694545 0.436046 0.693577 0.435875 0.693362 0.436600 0.001374
0 0.824373 0.906283 0.824795 0.905540 0.823899 0.905238 0.823477 0.905981 0.001372
0 0.711509 0.896102 0.711748 0.895320 0.710737 0.895137 0.710498 0.895918 0.001363
0 0.540817 0.149685 0.541020 0.148860 0.540207 0.148741 0.540004 0.149566 0.001362
0 0.690583 0.345313 0.690605 0.344533 0.689614 0.344516 0.689593 0.345297 0.001361
0 0.731402 0.893287 0.731641 0.892574 0.730803 0.892407 0.730564 0.893120 0.001359
0 0.713116 0.888677 0.713268 0.887708 0.712305 0.887618 0.712153 0.888587 0.001357
0 0.421300 0.995958 0.421424 0.995301 0.420303 0.995176 0.420180 0.995833 0.001346
0 0.702301 0.966787 0.702699 0.966106 0.701925 0.965837 0.701527 0.966518 0.001338
1 0.530862 0.445905 0.531507 0.444609 0.530620 0.444346 0.529974 0.445643 0.001333
0 0.548632 0.308081 0.548678 0.307234 0.547556 0.307197 0.547509 0.308044 0.001332
0 0.732448 0.881001 0.732628 0.880298 0.731816 0.880174 0.731636 0.880877 0.001325
0 0.404864 0.632277 0.405216 0.631603 0.404319 0.631325 0.403967 0.631999 0.001324
0 0.934870 0.461995 0.936470 0.461943 0.936426 0.461140 0.934826 0.461193 0.001320
0 0.501789 0.151523 0.502031 0.150632 0.501261 0.150507 0.501019 0.151398 0.001319
0 0.666926 0.966036 0.667162 0.965343 0.666244 0.965158 0.666008 0.965851 0.001312
0 0.685933 0.338052 0.685969 0.337318 0.685005 0.337290 0.684970 0.338024 0.001310
0 0.806299 0.916288 0.806447 0.915617 0.805586 0.915504 0.805438 0.916175 0.001304
0 0.684132 0.342124 0.684280 0.341423 0.683369 0.341309 0.683222 0.342010 0.001301
0 0.717495 0.884455 0.717683 0.883777 0.716854 0.883640 0.716666 0.884319 0.001300
0 0.451526 0.995532 0.451700 0.994851 0.450770 0.994710 0.450595 0.995391 0.001293
0 0.695960 0.430902 0.696254 0.430240 0.695369 0.430006 0.695075 0.430668 0.001288
0 0.362732 0.597710 0.362792 0.596924 0.361856 0.596881 0.361796 0.597668 0.001285
1 0.206223 0.461924 0.207157 0.460452 0.206081 0.460046 0.205148 0.461518 0.001282
0 0.704726 0.927103 0.705452 0.926154 0.704107 0.925542 0.703381 0.926491 0.001277
0 0.727302 0.880519 0.727338 0.879769 0.726386 0.879742 0.726350 0.880492 0.001274
1 0.055614 0.098104 0.056267 0.097087 0.049061 0.094336 0.048408 0.095353 0.001265
0 0.685641 0.429857 0.685654 0.429168 0.684675 0.429156 0.684662 0.429845 0.001260
0 0.706902 0.898959 0.707098 0.898101 0.706141 0.897971 0.705945 0.898830 0.001258
0 0.509442 0.136663 0.509473 0.135922 0.508486 0.135897 0.508455 0.136638 0.001249
0 0.509808 0.153120 0.510028 0.152414 0.509199 0.152260 0.508979 0.152966 0.001240
0 0.728156 0.890404 0.728623 0.889521 0.727758 0.889249 0.727291 0.890132 0.001236
0 0.504836 0.136726 0.504869 0.135977 0.503903 0.135952 0.503870 0.136700 0.001227
0 0.722600 0.880415 0.722634 0.879702 0.721669 0.879674 0.721634 0.880387 0.001221
0 0.713572 0.887440 0.713606 0.886709 0.712672 0.886683 0.712639 0.887414 0.001219
0 0.636112 0.968920 0.636301 0.968262 0.635403 0.968109 0.635215 0.968766 0.001217
0 0.472018 0.772932 0.472993 0.771600 0.467857 0.769365 0.466882 0.770696 0.001211
0 0.647440 0.968095 0.647593 0.967411 0.646783 0.967303 0.646630 0.967987 0.001206
0 0.799163 0.924924 0.801468 0.924893 0.801408 0.922266 0.799102 0.922297 0.001198
0 0.714842 0.887376 0.715140 0.886614 0.714209 0.886397 0.713911 0.887160 0.001195
0 0.472274 0.988281 0.472467 0.987600 0.471554 0.987445 0.471360 0.988126 0.001192
0 0.406056 0.986651 0.406239 0.985983 0.405342 0.985837 0.405159 0.986504 0.001190
0 0.706167 0.921339 0.706423 0.920299 0.704381 0.920001 0.704126 0.921040 0.001187
0 0.690680 0.427740 0.690846 0.427083 0.689968 0.426951 0.689802 0.427608 0.001185
0 0.825042 0.905758 0.825193 0.905072 0.824349 0.904961 0.824197 0.905647 0.001183
0 0.583681 0.210248 0.583854 0.209601 0.582996 0.209464 0.582822 0.210111 0.001182
0 0.581982 0.251189 0.582172 0.250559 0.581117 0.250369 0.580927 0.250999 0.001180
0 0.183553 0.737866 0.183684 0.737229 0.182864 0.737129 0.182733 0.737765 0.001178
0 0.505328 0.139015 0.505545 0.138221 0.504721 0.138087 0.504505 0.138881 0.001175
0 0.584299 0.210878 0.584443 0.210200 0.583567 0.210089 0.583423 0.210768 0.001174
0 0.457244 0.994379 0.457346 0.993626 0.456385 0.993549 0.456283 0.994302 0.001168
0 0.792492 0.926282 0.794507 0.925829 0.792951 0.921711 0.790935 0.922163 0.001166
0 0.685123 0.342982 0.685351 0.342213 0.684467 0.342057 0.684239 0.342826 0.001159
0 0.600000 0.270451 0.600233 0.269742 0.599366 0.269572 0.599133 0.270282 0.001158
0 0.716296 0.889810 0.716426 0.889113 0.715348 0.888993 0.715218 0.889690 0.001151
0 0.449440 0.993804 0.449674 0.993078 0.448657 0.992883 0.448423 0.993610 0.001151
0 0.375418 0.626710 0.375626 0.626029 0.374691 0.625860 0.374484 0.626542 0.001145
0 0.676909 0.435727 0.677060 0.435079 0.676228 0.434964 0.676078 0.435612 0.001145
0 0.688553 0.436633 0.688833 0.435912 0.687881 0.435692 0.687601 0.436413 0.001144
0 0.722063 0.881824 0.722301 0.881125 0.721455 0.880954 0.721217 0.881652 0.001142
0 0.375068 0.157195 0.375338 0.156531 0.374506 0.156330 0.374236 0.156993 0.001139
0 0.375066 0.624073 0.375234 0.623363 0.374312 0.623234 0.374145 0.623944 0.001137
0 0.704839 0.432096 0.705002 0.431384 0.704023 0.431251 0.703861 0.431964 0.001136
0 0.827852 0.908783 0.827874 0.908065 0.826921 0.908048 0.826899 0.908766 0.001133
0 0.706226 0.900487 0.706449 0.899718 0.705520 0.899558 0.705298 0.900327 0.001131
0 0.718850 0.887388 0.719013 0.886582 0.718146 0.886478 0.717984 0.887284 0.001125
1 0.033241 0.311473 0.035015 0.311063 0.033659 0.307573 0.031885 0.307983 0.001123
0 0.336890 0.982038 0.336939 0.981319 0.335637 0.981266 0.335587 0.981984 0.001114
1 0.117956 0.819135 0.118763 0.818599 0.117789 0.817727 0.116982 0.818264 0.001107
0 0.205857 0.724377 0.206744 0.722813 0.201982 0.721208 0.201095 0.722772 0.001096
0 0.963954 0.144138 0.965525 0.143166 0.961916 0.139699 0.960345 0.140671 0.001095
0 0.717157 0.895538 0.717983 0.894649 0.717109 0.894166 0.716284 0.895055 0.001092
0 0.502915 0.147989 0.503112 0.147223 0.502241 0.147089 0.502044 0.147856 0.001092
0 0.694458 0.431112 0.694593 0.430463 0.693608 0.430341 0.693473 0.430990 0.001087
0 0.699796 0.436967 0.699814 0.436222 0.698845 0.436208 0.698826 0.436952 0.001085
0 0.871007 0.926368 0.871159 0.925659 0.870262 0.925544 0.870110 0.926254 0.001080
0 0.360716 0.143091 0.360832 0.142421 0.360022 0.142337 0.359905 0.143007 0.001077
0 0.503639 0.151892 0.504039 0.151085 0.503122 0.150815 0.502722 0.151622 0.001077
0 0.690560 0.440701 0.690590 0.439958 0.689655 0.439935 0.689625 0.440679 0.001071
0 0.505098 0.147261 0.505120 0.146544 0.504145 0.146526 0.504124 0.147244 0.001070
0 0.476939 0.512584 0.477083 0.511896 0.476222 0.511789 0.476078 0.512476 0.001069
0 0.694588 0.429651 0.694781 0.428942 0.693748 0.428775 0.693555 0.429483 0.001067
0 0.232467 0.862457 0.232662 0.861772 0.231761 0.861619 0.231566 0.862304 0.001067
0 0.543476 0.147272 0.543501 0.146556 0.542470 0.146536 0.542446 0.147251 0.001063
0 0.736322 0.884438 0.736570 0.883703 0.735695 0.883528 0.735447 0.884263 0.001052
1 0.049244 0.098047 0.049911 0.097106 0.045166 0.095104 0.044498 0.096045 0.001052
0 0.472619 0.774306 0.472797 0.773243 0.471834 0.773147 0.471656 0.774211 0.001051
0 0.569040 0.998492 0.569910 0.997586 0.569026 0.997081 0.568156 0.997987 0.001044
1 0.934851 0.159493 0.939423 0.153941 0.937219 0.152863 0.932648 0.158414 0.001034
0 0.634830 0.970393 0.635029 0.969779 0.634162 0.969612 0.633963 0.970226 0.001030
0 0.403036 0.634043 0.403363 0.633396 0.402463 0.633126 0.402136 0.633773 0.001020
0 0.403598 0.633667 0.403813 0.633002 0.402918 0.632830 0.402703 0.633495 0.001020
0 0.694364 0.438235 0.694480 0.437610 0.693526 0.437505 0.693410 0.438131 0.001008
