0 0.9500938057899475 0.5905485153198242 0.9610193371772766 0.5801043510437012 0.9785348773002625 0.5984271764755249 0.9676093459129333 0.608871340751648
0 0.7350748181343079 0.6878887414932251 0.7384358048439026 0.6684266328811646 0.7511081099510193 0.6706150770187378 0.7477471232414246 0.6900771856307983
0 0.9315922260284424 0.6711212992668152 0.9540796279907227 0.670711100101471 0.9543138742446899 0.6835517287254333 0.9318264722824097 0.6839619278907776
0 0.7668522000312805 0.6764312982559204 0.7751148343086243 0.6663095951080322 0.7920907139778137 0.680167555809021 0.78382807970047 0.6902892589569092
0 0.5907468795776367 0.6206079125404358 0.5998461246490479 0.6120973229408264 0.613379955291748 0.6265674233436584 0.6042807102203369 0.6350780129432678
0 0.8181382417678833 0.574093759059906 0.829954981803894 0.5693859457969666 0.8377324342727661 0.5889074206352234 0.8259156942367554 0.5936152338981628
0 0.5819754600524902 0.8380218148231506 0.6019972562789917 0.8300690054893494 0.6064411401748657 0.8412569165229797 0.5864193439483643 0.849209725856781
0 0.7728860974311829 0.5324362516403198 0.7808164954185486 0.5233167409896851 0.7928560376167297 0.5337865352630615 0.784925639629364 0.5429060459136963
0 0.8003547191619873 0.5370408296585083 0.8134764432907104 0.532285213470459 0.817734956741333 0.5440351963043213 0.8046132326126099 0.5487908124923706
0 0.8281930088996887 0.5128005743026733 0.8348622918128967 0.5045961141586304 0.8478514552116394 0.5151548385620117 0.8411821722984314 0.5233592987060547
0 0.7912172675132751 0.5242795348167419 0.7986316084861755 0.5160554051399231 0.8088297247886658 0.5252493023872375 0.8014153838157654 0.5334734320640564
0 0.8408299088478088 0.5525656938552856 0.8527320027351379 0.5523718595504761 0.8529775738716125 0.5674518346786499 0.8410754799842834 0.5676456689834595
0 0.8538691997528076 0.5523979663848877 0.8649255037307739 0.5482538938522339 0.8699016571044922 0.561530351638794 0.8588453531265259 0.5656744241714478
0 0.8763692378997803 0.5625146627426147 0.8854684829711914 0.551598072052002 0.8997933864593506 0.5635381937026978 0.8906941413879395 0.5744547843933105
0 0.8827170729637146 0.5515314340591431 0.8900887370109558 0.5430737733840942 0.9011717438697815 0.5527336597442627 0.8938000798225403 0.5611913204193115
0 0.918244481086731 0.542284369468689 0.9240609407424927 0.531694769859314 0.9403325319290161 0.5406322479248047 0.9345160722732544 0.5512218475341797
0 0.9258378744125366 0.5645603537559509 0.9381750822067261 0.5631178021430969 0.9399795532226562 0.578550398349762 0.9276423454284668 0.579992949962616
0 0.850504994392395 0.5809482336044312 0.8582026958465576 0.5729383230209351 0.8692041635513306 0.5835111141204834 0.861506462097168 0.5915210247039795
0 0.7980009317398071 0.588416337966919 0.8075852394104004 0.5811357498168945 0.8183813095092773 0.5953480005264282 0.8087970018386841 0.6026285886764526
0 0.7475873231887817 0.5930365324020386 0.7548763751983643 0.5832830667495728 0.7707518339157104 0.5951472520828247 0.7634627819061279 0.6049007177352905
0 0.7010054588317871 0.66683030128479 0.7098617553710938 0.6493450403213501 0.7212182283401489 0.6550970077514648 0.7123619318008423 0.6725822687149048
0 0.7289302349090576 0.632561981678009 0.7371760606765747 0.6247380375862122 0.7512924671173096 0.6396154761314392 0.7430466413497925 0.6474394202232361
0 0.8096541166305542 0.6399633288383484 0.8173023462295532 0.6288346648216248 0.8325122594833374 0.6392876505851746 0.8248640298843384 0.6504163146018982
0 0.8066988587379456 0.610707700252533 0.8167669177055359 0.6015990376472473 0.8286536335945129 0.6147378087043762 0.8185855746269226 0.6238464713096619
0 0.775565505027771 0.6397735476493835 0.7858611345291138 0.632382333278656 0.797284722328186 0.648294985294342 0.7869890928268433 0.6556861996650696
0 0.8128595352172852 0.6905997395515442 0.815487265586853 0.6799528002738953 0.8357824087142944 0.6849618554115295 0.8331546783447266 0.6956087946891785
0 0.8549716472625732 0.7041642665863037 0.8672728538513184 0.700141191482544 0.8723018169403076 0.7155181169509888 0.8600006103515625 0.7195411920547485
0 0.8861919045448303 0.7279393672943115 0.8893149495124817 0.7181195020675659 0.9033192992210388 0.7225732803344727 0.9001962542533875 0.7323931455612183
0 0.922019898891449 0.7200480699539185 0.923631489276886 0.7093105316162109 0.9432235360145569 0.7122510671615601 0.9416119456291199 0.7229886054992676
0 0.8599609732627869 0.6693251729011536 0.8616653084754944 0.6575713753700256 0.8848846554756165 0.6609382033348083 0.8831803202629089 0.6726920008659363
0 0.8915717601776123 0.6574200391769409 0.8965781927108765 0.6469212770462036 0.9141571521759033 0.6553040742874146 0.9091507196426392 0.6658028364181519
0 0.887641191482544 0.6172260642051697 0.8923091888427734 0.6068382859230042 0.9082421064376831 0.6139982342720032 0.9035741090774536 0.6243860125541687
0 0.8958708643913269 0.6340357065200806 0.9023579955101013 0.6250925064086914 0.9155240654945374 0.6346427202224731 0.9090369343757629 0.6435859203338623
0 0.9662737846374512 0.5512149333953857 0.9773416519165039 0.5459342002868652 0.9845919609069824 0.5611299276351929 0.9735240936279297 0.5664106607437134
0 0.9894698262214661 0.5704947113990784 0.9978814721107483 0.5638883709907532 1.0066943168640137 0.5751093029975891 0.9982826113700867 0.5817156434059143
0 0.8859964609146118 0.5961094498634338 0.8946574926376343 0.5893167853355408 0.9041472673416138 0.6014166474342346 0.8954862356185913 0.6082093119621277
0 0.855376660823822 0.6082128286361694 0.8636344075202942 0.5995594263076782 0.8777247071266174 0.613005518913269 0.8694669604301453 0.6216589212417603
0 0.9050096273422241 0.6102963089942932 0.9149214029312134 0.6033437848091125 0.9230443239212036 0.6149241328239441 0.9131325483322144 0.6218766570091248
0 0.8803479075431824 0.6834157705307007 0.8882376551628113 0.674354076385498 0.9020107388496399 0.6863458156585693 0.894120991230011 0.695407509803772
0 0.9008067846298218 0.7008680701255798 0.9092371463775635 0.6927116513252258 0.9196243286132812 0.7034477591514587 0.9111939668655396 0.7116041779518127
0 0.9914085865020752 0.6410261988639832 0.9991911053657532 0.6279849410057068 1.0097148418426514 0.634265124797821 1.0019323825836182 0.6473063826560974
0 0.5532431602478027 0.7874512076377869 0.5534839630126953 0.773923933506012 0.571613073348999 0.7742466330528259 0.5713722705841064 0.7877739071846008
0 0.6127181649208069 0.8642538189888 0.615845263004303 0.8532337546348572 0.6349939703941345 0.8586675524711609 0.6318668723106384 0.8696876168251038
0 0.6618337035179138 0.860256552696228 0.6788883805274963 0.860256552696228 0.6788883805274963 0.8716005086898804 0.6618337035179138 0.8716005086898804
0 0.6403958201408386 0.8441422581672668 0.6457750201225281 0.8314881920814514 0.6570586562156677 0.8362848162651062 0.6516794562339783 0.8489388823509216
0 0.6901545524597168 0.8451663851737976 0.6930546760559082 0.834560215473175 0.7098617553710938 0.8391559720039368 0.7069616317749023 0.8497621417045593
0 0.6092293858528137 0.8802471160888672 0.6268501877784729 0.8787559270858765 0.6277686953544617 0.8896095752716064 0.6101478934288025 0.8911007642745972
0 0.5543192028999329 0.8980855941772461 0.5565425753593445 0.8871465921401978 0.5718761086463928 0.8902631998062134 0.5696527361869812 0.9012022018432617
0 0.57659512758255 0.8722060322761536 0.5807943940162659 0.8613592982292175 0.5965320467948914 0.867452085018158 0.5923327803611755 0.878298819065094
0 0.6718882322311401 0.8955756425857544 0.6871862411499023 0.8948190212249756 0.6877154111862183 0.9055180549621582 0.672417402267456 0.906274676322937
0 0.8107342720031738 0.9065518379211426 0.8253375291824341 0.9045053720474243 0.8268550634384155 0.9153341054916382 0.8122518062591553 0.9173805713653564
0 0.8516575694084167 0.8815338611602783 0.8670896887779236 0.8798282146453857 0.8683018088340759 0.8907949924468994 0.8528696894645691 0.892500638961792
0 0.8329729437828064 0.8677288889884949 0.8491373658180237 0.8661075234413147 0.8502386212348938 0.8770875334739685 0.8340741991996765 0.8787088990211487
0 0.8624112606048584 0.8634309768676758 0.8667548894882202 0.8536421060562134 0.8852771520614624 0.861860990524292 0.8809335231781006 0.8716498613357544
0 0.8888127207756042 0.8632124066352844 0.8931511044502258 0.8526358008384705 0.9099255204200745 0.8595165610313416 0.9055871367454529 0.8700931668281555
0 0.8614990711212158 0.8451567888259888 0.8655798435211182 0.834595799446106 0.8833609819412231 0.8414664268493652 0.8792802095413208 0.852027416229248
0 0.8719121813774109 0.8838931918144226 0.8759586215019226 0.8730928301811218 0.8953173756599426 0.8803456425666809 0.8912709355354309 0.8911460041999817
0 0.8982252478599548 0.9014874696731567 0.9009895920753479 0.8893449306488037 0.9174373745918274 0.8930894136428833 0.9146730303764343 0.9052319526672363
0 0.8878740072250366 0.9143648743629456 0.8893324136734009 0.9044111371040344 0.9072002172470093 0.9070290923118591 0.905741810798645 0.9169828295707703
0 0.886806845664978 0.9162908792495728 0.8892444372177124 0.906479001045227 0.9020127058029175 0.9096510410308838 0.8995751142501831 0.9194629192352295
0 0.9207544326782227 0.9085345268249512 0.9356493949890137 0.9077591896057129 0.9361737966537476 0.9178351163864136 0.9212788343429565 0.9186104536056519
0 0.9387157559394836 0.9014120101928711 0.9528811573982239 0.9005860090255737 0.9534748196601868 0.9107682704925537 0.9393094182014465 0.9115942716598511
0 0.9223591089248657 0.895709753036499 0.9233027696609497 0.8845442533493042 0.9399410486221313 0.8859504461288452 0.9389973878860474 0.89711594581604
0 0.8221555948257446 0.8927759528160095 0.8239630460739136 0.8825629353523254 0.8381564617156982 0.88507479429245 0.8363490104675293 0.895287811756134
0 0.8349400162696838 0.895982027053833 0.849180281162262 0.8939063549041748 0.8506262898445129 0.9038273096084595 0.8363860249519348 0.9059029817581177
0 0.9173979163169861 0.8422689437866211 0.9317323565483093 0.8352726697921753 0.9364989399909973 0.845038890838623 0.9221644997596741 0.8520351648330688
0 0.8588629961013794 0.5250841975212097 0.867007851600647 0.5169426798820496 0.8779618740081787 0.5279012322425842 0.8698170185089111 0.5360427498817444
