0 0.848578691482544 0.8160287141799927 0.851586103439331 0.8046572208404541 0.8699578046798706 0.8095160722732544 0.8669503927230835 0.820887565612793
0 0.36248743534088135 0.13420137763023376 0.3764769434928894 0.12814953923225403 0.3807242512702942 0.13796770572662354 0.36673474311828613 0.14401954412460327
0 0.8125236630439758 0.8378691673278809 0.8170779347419739 0.8277755975723267 0.8305723071098328 0.8338643312454224 0.8260180354118347 0.8439579010009766
0 0.5021741390228271 0.8194679021835327 0.5126701593399048 0.8164869546890259 0.5166274309158325 0.8304204940795898 0.5061314105987549 0.8334014415740967
0 0.518310010433197 0.7987762093544006 0.5234257578849792 0.7881699204444885 0.5400579571723938 0.7961922287940979 0.5349422097206116 0.80679851770401
0 0.0630030483007431 0.9931931495666504 0.064527228474617 0.9829421043395996 0.07802766561508179 0.9849494695663452 0.07650348544120789 0.995200514793396
0 0.8103333711624146 0.839961051940918 0.8156794309616089 0.8302723169326782 0.8288555145263672 0.8375425338745117 0.8235094547271729 0.8472312688827515
0 0.4724985957145691 0.8312358856201172 0.476330041885376 0.8215886354446411 0.48948460817337036 0.8268129825592041 0.4856531620025635 0.8364602327346802
0 0.906893253326416 0.8356276750564575 0.9172922372817993 0.8338660001754761 0.9193911552429199 0.8462551832199097 0.9089921712875366 0.8480168581008911
0 0.924339771270752 0.8319921493530273 0.9284930229187012 0.8228163719177246 0.9415600299835205 0.8287308216094971 0.9374067783355713 0.8379065990447998
0 0.9787119030952454 0.7685530185699463 0.985064685344696 0.7608398199081421 0.9951017498970032 0.7691066265106201 0.9887489676475525 0.7768198251724243
0 0.4513096213340759 0.800952136516571 0.4640188217163086 0.7956424355506897 0.46814650297164917 0.8055223822593689 0.4554373025894165 0.8108320832252502
0 0.49853402376174927 0.843781054019928 0.5015797019004822 0.8338366150856018 0.5169263482093811 0.83853679895401 0.5138806700706482 0.8484812378883362
0 0.4641290009021759 0.8493775129318237 0.47659817337989807 0.8414618968963623 0.4823388159275055 0.8505048751831055 0.4698696434497833 0.8584204912185669
0 0.22537265717983246 0.7266748547554016 0.24332161247730255 0.7231596112251282 0.24575592577457428 0.7355892062187195 0.2278069704771042 0.7391044497489929
0 0.20701229572296143 0.7522996664047241 0.20860373973846436 0.7422306537628174 0.22411999106407166 0.744683027267456 0.22252854704856873 0.7547520399093628
0 0.19147145748138428 0.7292032241821289 0.20472121238708496 0.7268606424331665 0.20641344785690308 0.7364319562911987 0.1931636929512024 0.7387745380401611
0 0.1516478806734085 0.7701793909072876 0.16442494094371796 0.7630617618560791 0.1693047434091568 0.7718216180801392 0.15652768313884735 0.7789392471313477
