0 0.39583098888397217 0.19127753376960754 0.39870893955230713 0.18022671341896057 0.4187483787536621 0.18544551730155945 0.41587042808532715 0.19649633765220642
0 0.3048851191997528 0.28458309173583984 0.31487199664115906 0.28014934062957764 0.3202156126499176 0.29218578338623047 0.31022873520851135 0.2966195344924927
0 0.30977198481559753 0.32056400179862976 0.31537553668022156 0.3102808892726898 0.33503779768943787 0.32099536061286926 0.32943424582481384 0.3312784731388092
0 0.27711841464042664 0.23306944966316223 0.2865348756313324 0.22933927178382874 0.2912804186344147 0.24131888151168823 0.2818639576435089 0.24504905939102173
0 0.4118417501449585 0.24090535938739777 0.4181002974510193 0.23338450491428375 0.42802417278289795 0.2416427582502365 0.42176562547683716 0.24916361272335052
0 0.5508649349212646 0.0929727852344513 0.5604943037033081 0.08792681992053986 0.5666240453720093 0.09962441027164459 0.5569946765899658 0.10467037558555603
0 0.5835155844688416 0.06869255006313324 0.5916786789894104 0.061790138483047485 0.600797712802887 0.07257473468780518 0.5926346182823181 0.07947714626789093
0 0.8159548044204712 0.09298154711723328 0.8229285478591919 0.08173000812530518 0.8319405317306519 0.08731566369533539 0.8249667882919312 0.09856720268726349
0 0.864035427570343 0.12280452251434326 0.8711509108543396 0.11617220193147659 0.8802074790000916 0.12588852643966675 0.873091995716095 0.132520854473114
1 0.9794606566429138 0.14382685720920563 1.0023047924041748 0.13899485766887665 1.0045583248138428 0.14964903891086578 0.9817142486572266 0.15448103845119476
