0 0.037927526980638504 0.7604299187660217 0.05835026875138283 0.7449477314949036 0.12545084953308105 0.8334608674049377 0.10502810776233673 0.8489430546760559
0 0.183897003531456 0.579773485660553 0.2080448418855667 0.5720290541648865 0.2277878075838089 0.6335894465446472 0.20363996922969818 0.6413338780403137
0 0.20662733912467957 0.17311245203018188 0.22019219398498535 0.16870126128196716 0.23071962594985962 0.20107415318489075 0.21715477108955383 0.20548534393310547
0 0.1369054913520813 0.09771335870027542 0.17779970169067383 0.08540203422307968 0.1822156310081482 0.1000702902674675 0.14132142066955566 0.11238161474466324
0 0.16581237316131592 0.31060147285461426 0.18676728010177612 0.3028343915939331 0.19100511074066162 0.31426769495010376 0.17005020380020142 0.3220347762107849
0 0.11990536749362946 0.2708435356616974 0.13935987651348114 0.2633366286754608 0.14465723931789398 0.2770650088787079 0.1252027302980423 0.28457191586494446
0 0.18223890662193298 0.3051653802394867 0.20272976160049438 0.2969113886356354 0.20739221572875977 0.30848607420921326 0.18690136075019836 0.3167400658130646
0 0.16023893654346466 0.3701561689376831 0.17196519672870636 0.36652451753616333 0.179064080119133 0.3894461989402771 0.1673378199338913 0.3930778503417969
0 0.1921151578426361 0.1181468740105629 0.2036733627319336 0.1149376928806305 0.2091156542301178 0.1345386803150177 0.1975574493408203 0.1377478539943695
0 0.1512989103794098 0.3451588749885559 0.16258278489112854 0.3413122892379761 0.16917401552200317 0.36064761877059937 0.15789014101028442 0.3644942045211792
0 0.11779484897851944 0.1522883176803589 0.12796875834465027 0.14902547001838684 0.13243767619132996 0.162960022687912 0.12226375937461853 0.16622287034988403
0 0.19171233475208282 0.8040096759796143 0.20781661570072174 0.7917648553848267 0.2701035141944885 0.8736845254898071 0.2539992332458496 0.8859293460845947
0 0.15111754834651947 0.8490592837333679 0.17071108520030975 0.8343051075935364 0.2310878187417984 0.9144853949546814 0.21149428188800812 0.9292395710945129
