0 0.07304884493350983 0.2454122006893158 0.08247433602809906 0.23506301641464233 0.09031008183956146 0.2421993911266327 0.08088459074497223 0.25254857540130615
0 0.16935259103775024 0.08836494386196136 0.1831199824810028 0.0797775536775589 0.1888352930545807 0.08894044160842896 0.17506790161132812 0.09752783179283142
0 0.24702520668506622 0.13230571150779724 0.25399965047836304 0.11846403777599335 0.26421427726745605 0.12361088395118713 0.25723981857299805 0.13745255768299103
0 0.27474939823150635 0.11310598999261856 0.2894818186759949 0.10739930719137192 0.29330432415008545 0.11726748198270798 0.2785719037055969 0.12297416478395462
0 0.3668861389160156 0.10448987036943436 0.37959766387939453 0.09437967091798782 0.3864724636077881 0.10302331298589706 0.3737609386444092 0.1131335124373436
0 0.2641153931617737 0.09044820070266724 0.2763795256614685 0.08406604826450348 0.28107213973999023 0.093083456158638 0.2688080072402954 0.09946560859680176
0 0.2827334702014923 0.09845006465911865 0.293646901845932 0.0887426882982254 0.30081209540367126 0.09679809212684631 0.28989866375923157 0.10650546848773956
0 0.21656091511249542 0.14871326088905334 0.23007552325725555 0.1399286687374115 0.23579339683055878 0.14872527122497559 0.22227878868579865 0.15750986337661743
0 0.07065508514642715 0.011336981318891048 0.08453985303640366 0.006681348197162151 0.08785378187894821 0.016564656049013138 0.07396901398897171 0.021220289170742035
0 0.8644766807556152 0.31557780504226685 0.8678638935089111 0.30152690410614014 0.8787736892700195 0.3041568994522095 0.8753864765167236 0.3182078003883362
0 0.11197784543037415 0.08914725482463837 0.12482297420501709 0.08246105909347534 0.12948423624038696 0.09141601622104645 0.11663910746574402 0.09810221195220947
0 0.1811317503452301 0.17586252093315125 0.19616949558258057 0.17086321115493774 0.19935595989227295 0.1804479956626892 0.18431821465492249 0.1854473054409027
0 0.8494345545768738 0.35272955894470215 0.8603174090385437 0.34935134649276733 0.8652293086051941 0.36517494916915894 0.8543464541435242 0.36855316162109375
0 0.813310980796814 0.4441167414188385 0.81537926197052 0.42941316962242126 0.8263242244720459 0.4309527575969696 0.8242559432983398 0.44565632939338684
0 0.7746687531471252 0.6637787818908691 0.7822834849357605 0.6565557718276978 0.7922500967979431 0.6670628786087036 0.7846353650093079 0.674285888671875
0 0.45717567205429077 0.05124969780445099 0.47157222032546997 0.04690314084291458 0.4746241569519043 0.05701166391372681 0.4602276086807251 0.061358220875263214
0 0.839032769203186 0.39080607891082764 0.8500542640686035 0.390710711479187 0.8501811027526855 0.4053611755371094 0.8391596078872681 0.40545654296875
0 0.09873157739639282 0.07297608256340027 0.11084310710430145 0.06688261032104492 0.11528629064559937 0.07571399211883545 0.10317476093769073 0.0818074643611908
0 0.9640517234802246 0.31911832094192505 0.9741415977478027 0.3170838952064514 0.9767839908599854 0.3301887512207031 0.9666941165924072 0.33222317695617676
0 0.8916463255882263 0.5042296648025513 0.8973552584648132 0.49479496479034424 0.9102817177772522 0.5026167631149292 0.9045727849006653 0.5120514631271362
0 0.29765984416007996 0.038291193544864655 0.30849161744117737 0.029617175459861755 0.3147457540035248 0.03742710500955582 0.30391398072242737 0.046101123094558716
0 0.9788697957992554 0.4964044392108917 0.9867839813232422 0.48540398478507996 0.9954390525817871 0.49163076281547546 0.9875248670578003 0.5026311874389648
0 0.7290899753570557 0.4804449677467346 0.7354034185409546 0.46770167350769043 0.7450634241104126 0.47248756885528564 0.7387499809265137 0.48523086309432983
0 0.05250684171915054 0.043739140033721924 0.06264951080083847 0.034795209765434265 0.06955703347921371 0.04262852668762207 0.05941436439752579 0.05157245695590973
0 0.8198412656784058 0.4534111022949219 0.8303169012069702 0.45310860872268677 0.8307195901870728 0.4670522212982178 0.8202439546585083 0.4673547148704529
0 0.7777568101882935 0.5081287026405334 0.7813067436218262 0.4948345720767975 0.7918287515640259 0.49764424562454224 0.7882788181304932 0.5109384059906006
1 0.5980677008628845 0.12712238729000092 0.6289507746696472 0.11763058602809906 0.6330683827400208 0.13102801144123077 0.6021853089332581 0.14051981270313263
1 0.6610963940620422 0.09215592592954636 0.686082661151886 0.07837875932455063 0.6920542120933533 0.08920868486166 0.6670679450035095 0.10298585146665573
0 0.7536935806274414 0.47433367371559143 0.7554874420166016 0.46152397990226746 0.7663605213165283 0.4630466401576996 0.7645666599273682 0.47585633397102356
0 0.7991754412651062 0.4827324450016022 0.8098552823066711 0.4803146421909332 0.8130156397819519 0.4942742884159088 0.802335798740387 0.49669209122657776
0 0.8304253816604614 0.5086662173271179 0.8424280881881714 0.5071293711662292 0.844488263130188 0.5232183337211609 0.832485556602478 0.5247551798820496
0 0.857543408870697 0.44189393520355225 0.8684472441673279 0.44189393520355225 0.8684472441673279 0.45484673976898193 0.857543408870697 0.45484673976898193
0 0.33968743681907654 0.1289551854133606 0.34574589133262634 0.11751663684844971 0.35501477122306824 0.12242588400840759 0.34895631670951843 0.13386443257331848
0 0.08344530314207077 0.08720678091049194 0.09645817428827286 0.08522604405879974 0.0979253277182579 0.09486480057239532 0.08491245657205582 0.09684553742408752
0 0.08579224348068237 0.07892188429832458 0.10051633417606354 0.07557566463947296 0.10266950726509094 0.08505012094974518 0.08794541656970978 0.0883963406085968
0 0.08693006634712219 0.06968961656093597 0.10039840638637543 0.06418010592460632 0.10431620478630066 0.07375742495059967 0.09084786474704742 0.07926693558692932
0 0.04107631370425224 0.03923797979950905 0.051932912319898605 0.03923797979950905 0.051932912319898605 0.05123751983046532 0.04107631370425224 0.05123751983046532
0 0.04627412185072899 0.021600279957056046 0.05906417593359947 0.014175641350448132 0.06444516777992249 0.023445211350917816 0.0516551174223423 0.030869849026203156
0 0.3723781108856201 0.03155281022191048 0.3821318745613098 0.02252318151295185 0.3887515664100647 0.02967372164130211 0.378997802734375 0.038703352212905884
