0 0.12513801455497742 0.009976686909794807 0.131128191947937 0.0006094574928283691 0.14442884922027588 0.009114980697631836 0.13843867182731628 0.018482210114598274
0 0.1027231365442276 -0.00026440853253006935 0.10953590273857117 -0.00906972587108612 0.12245026230812073 0.0009222500957548618 0.11563749611377716 0.009727567434310913
0 0.5759832859039307 0.0843629315495491 0.5847082138061523 0.0778583362698555 0.5943756103515625 0.09082559496164322 0.5856506824493408 0.09733019024133682
0 0.301974892616272 0.0737602561712265 0.3028768301010132 0.06353487074375153 0.3178921341896057 0.0648593157529831 0.3169901967048645 0.07508470118045807
1 0.09511737525463104 0.030054381117224693 0.10597537457942963 0.02900136075913906 0.10766889154911041 0.04646372050046921 0.09681089222431183 0.04751674085855484
0 0.4412032961845398 0.08914556354284286 0.4531012177467346 0.08304917067289352 0.45765990018844604 0.0919460579752922 0.4457619786262512 0.09804245084524155
0 0.4923976957798004 0.0869881734251976 0.49701276421546936 0.07850975543260574 0.5098345279693604 0.08548901230096817 0.5052194595336914 0.09396743029356003
0 0.5433349609375 0.1025228276848793 0.5512906312942505 0.09226023405790329 0.5592608451843262 0.09843883663415909 0.5513051748275757 0.1087014302611351
0 0.6032617688179016 0.12142982333898544 0.6105569005012512 0.11071383208036423 0.6193624138832092 0.11670836061239243 0.6120672821998596 0.12742435932159424
0 0.6601461172103882 0.12568852305412292 0.6674102544784546 0.11788180470466614 0.6775588989257812 0.127325177192688 0.6702947616577148 0.13513189554214478
