0 0.6929752230644226 -0.03496982902288437 0.7155771851539612 -0.0385625995695591 0.7246403098106384 0.018453169614076614 0.7020383477210999 0.022045940160751343
0 0.30400586128234863 0.5758043527603149 0.30706799030303955 0.5590662956237793 0.37093913555145264 0.5707510709762573 0.3678770065307617 0.587489128112793
0 0.581243634223938 -0.0008041560649871826 0.61597740650177 -0.0063490718603134155 0.6364407539367676 0.1218346655368805 0.6017069816589355 0.12737958133220673
0 0.6304243803024292 -0.03251023590564728 0.6646705865859985 -0.03783808648586273 0.6845943927764893 0.09022766351699829 0.6503481864929199 0.09555551409721375
0 0.7223026156425476 -0.05401824787259102 0.754672110080719 -0.05969434604048729 0.7726461291313171 0.04280741885304451 0.7402766346931458 0.04848351702094078
0 0.9779053330421448 0.9544374346733093 0.9792540669441223 0.944267213344574 0.9934685826301575 0.94615238904953 0.9921198487281799 0.9563226103782654
0 0.1326698213815689 0.11482222378253937 0.14144183695316315 0.09826241433620453 0.2418764978647232 0.15146438777446747 0.23310448229312897 0.1680241972208023
0 0.13940325379371643 0.10468423366546631 0.148178368806839 0.08811454474925995 0.24861451983451843 0.14130432903766632 0.23983940482139587 0.15787401795387268
0 0.1457200050354004 0.09328997135162354 0.1544942557811737 0.07672294974327087 0.25494641065597534 0.12992459535598755 0.24617215991020203 0.1464916169643402
0 0.15540792047977448 0.08498883247375488 0.16418300569057465 0.06841914355754852 0.2646319270133972 0.12161561846733093 0.25585687160491943 0.1381853073835373
