0 0.21661528944969177 0.04236911982297897 0.22627845406532288 0.03405018150806427 0.24130383133888245 0.0515034943819046 0.23164066672325134 0.059822432696819305
0 0.11415725946426392 0.16128264367580414 0.11668813228607178 0.1493217498064041 0.13948765397071838 0.15414603054523468 0.13695678114891052 0.1661069244146347
0 -0.0015844821464270353 0.28941816091537476 0.01000865176320076 0.28679656982421875 0.014600944705307484 0.30710452795028687 0.003007810562849045 0.30972611904144287
0 0.07918443530797958 0.4023096263408661 0.08887172490358353 0.39397671818733215 0.09967757016420364 0.40653887391090393 0.0899902805685997 0.41487178206443787
0 0.04764183238148689 0.3961107134819031 0.05488096550107002 0.3868410587310791 0.06782928109169006 0.3969530463218689 0.06059015169739723 0.40622270107269287
0 0.02140539325773716 0.40392613410949707 0.022162796929478645 0.3813799023628235 0.03520052880048752 0.38181787729263306 0.03444312512874603 0.40436410903930664
0 0.009326263330876827 0.4373096227645874 0.019839541986584663 0.43292319774627686 0.025716494768857956 0.44700896739959717 0.015203217044472694 0.4513953924179077
0 0.17094063758850098 0.28833502531051636 0.1761728823184967 0.2786707878112793 0.18917623162269592 0.285710871219635 0.1839439868927002 0.29537510871887207
0 0.24893519282341003 0.29288285970687866 0.25751909613609314 0.28622156381607056 0.2660661041736603 0.2972354292869568 0.2574822008609772 0.3038967251777649
0 0.13761809468269348 0.2870267331600189 0.14497631788253784 0.2778109610080719 0.15858760476112366 0.28867873549461365 0.1512293815612793 0.29789450764656067
0 0.21297645568847656 0.2900784909725189 0.2195163071155548 0.28050824999809265 0.23325258493423462 0.2898949682712555 0.22671273350715637 0.29946520924568176
0 0.10963920503854752 0.4034922420978546 0.11977801471948624 0.398344486951828 0.12695848941802979 0.41248688101768494 0.11681968718767166 0.41763463616371155
0 0.29291781783103943 0.2818490266799927 0.2981230318546295 0.2702544927597046 0.3127678334712982 0.2768290638923645 0.30756261944770813 0.2884235978126526
0 0.152743399143219 0.3709646761417389 0.15635141730308533 0.35203370451927185 0.16802403330802917 0.35425838828086853 0.16441601514816284 0.37318935990333557
0 0.15911465883255005 0.3433597981929779 0.16253513097763062 0.3269205391407013 0.17374947667121887 0.3292538821697235 0.1703290045261383 0.3456931412220001
0 0.21472680568695068 0.13582055270671844 0.22511282563209534 0.13004691898822784 0.234354168176651 0.14667092263698578 0.22396814823150635 0.15244455635547638
0 0.1443653404712677 0.41280826926231384 0.1548747420310974 0.40768012404441833 0.16219285130500793 0.422677606344223 0.15168344974517822 0.42780575156211853
0 0.08556722849607468 0.416275292634964 0.0932406410574913 0.40744367241859436 0.10580412298440933 0.41835954785346985 0.0981307104229927 0.4271911680698395
0 0.19320929050445557 0.33366021513938904 0.19545558094978333 0.3194294273853302 0.20647329092025757 0.32116857171058655 0.2042270004749298 0.3353993594646454
0 0.03937171399593353 0.33408281207084656 0.05133160203695297 0.3311205804347992 0.05593893676996231 0.3497225344181061 0.04397904872894287 0.35268476605415344
0 0.04525984823703766 0.4229889214038849 0.0509646013379097 0.4133453667163849 0.06349041312932968 0.4207551181316376 0.05778566002845764 0.4303986728191376
0 0.06140756979584694 0.4448999762535095 0.0681958794593811 0.4360477924346924 0.08000269532203674 0.44510185718536377 0.07321438193321228 0.4539540410041809
0 0.029180850833654404 0.2511352300643921 0.038915541023015976 0.24594509601593018 0.04644988104701042 0.2600765824317932 0.03671519085764885 0.2652667164802551
0 0.19158081710338593 0.2735145390033722 0.19289948046207428 0.26253756880760193 0.20803774893283844 0.2643561065196991 0.20671908557415009 0.27533307671546936
0 0.032489120960235596 0.4474164843559265 0.04257109761238098 0.4414324164390564 0.05078728497028351 0.4552750587463379 0.04070530831813812 0.461259126663208
0 0.22491417825222015 0.22942915558815002 0.23265217244625092 0.2216009795665741 0.24282969534397125 0.23166126012802124 0.2350917011499405 0.23948943614959717
0 0.06731919199228287 0.3230126202106476 0.07094763964414597 0.3047259747982025 0.08240523189306259 0.30699941515922546 0.0787767842411995 0.32528606057167053
0 0.36607834696769714 0.224379763007164 0.37303534150123596 0.21176700294017792 0.3826814591884613 0.21708764135837555 0.3757244646549225 0.22970040142536163
0 0.08985184133052826 0.2700413465499878 0.10062998533248901 0.2572234869003296 0.10909955203533173 0.26434528827667236 0.09832140803337097 0.27716314792633057
0 0.2266598492860794 0.25953254103660583 0.2364501804113388 0.2551577389240265 0.24219094216823578 0.2680048644542694 0.23240061104297638 0.27237966656684875
0 0.15507926046848297 0.09758695960044861 0.16524387896060944 0.09290164709091187 0.17229391634464264 0.10819646716117859 0.16212929785251617 0.11288177967071533
0 0.3527323007583618 0.2952989935874939 0.3621003031730652 0.2883729338645935 0.37042737007141113 0.2996358871459961 0.36105936765670776 0.3065619468688965
0 0.11560346186161041 0.3090525269508362 0.12673762440681458 0.3075662851333618 0.12877410650253296 0.3228222131729126 0.1176399439573288 0.32430845499038696
0 0.07092289626598358 0.4558684527873993 0.08422577381134033 0.45038244128227234 0.08834920823574066 0.46038129925727844 0.07504633069038391 0.4658673107624054
0 0.15115149319171906 0.3860726058483124 0.16280986368656158 0.3859741985797882 0.1629519909620285 0.40280839800834656 0.15129362046718597 0.4029068052768707
0 0.2677624523639679 0.23120349645614624 0.27698639035224915 0.22406253218650818 0.2861967980861664 0.23595958948135376 0.27697286009788513 0.24310055375099182
0 0.30717599391937256 0.25651654601097107 0.3221895098686218 0.2543785870075226 0.3237155079841614 0.2650946080684662 0.3087019920349121 0.2672325670719147
0 0.08016903698444366 0.44310078024864197 0.09393924474716187 0.44246706366539 0.09443618357181549 0.45326563715934753 0.08066597580909729 0.4538993537425995
0 0.06474931538105011 0.3500898480415344 0.07573892176151276 0.3468629717826843 0.0800725519657135 0.3616216778755188 0.06908294558525085 0.3648485541343689
0 0.09219224750995636 0.20713134109973907 0.10208301246166229 0.20078231394290924 0.11110138893127441 0.21483148634433746 0.10121062397956848 0.2211805135011673
0 0.18151336908340454 0.3831856846809387 0.19263988733291626 0.38163065910339355 0.19495254755020142 0.3981783390045166 0.1838260293006897 0.39973336458206177
0 0.1598941832780838 0.3121849000453949 0.17069916427135468 0.3089844882488251 0.17513935267925262 0.32397493720054626 0.16433437168598175 0.3271753489971161
0 0.21039608120918274 0.3542046546936035 0.21073466539382935 0.3416905999183655 0.22115924954414368 0.3419726490974426 0.22082066535949707 0.35448670387268066
0 0.22351883351802826 0.34290632605552673 0.23023797571659088 0.33463653922080994 0.24062006175518036 0.34307190775871277 0.23390091955661774 0.35134169459342957
0 0.30990779399871826 0.2772428095340729 0.3202851414680481 0.27516260743141174 0.3230147361755371 0.28877946734428406 0.3126373887062073 0.2908596694469452
0 0.12453749030828476 0.3704773485660553 0.1355179101228714 0.3604181110858917 0.14281630516052246 0.36838486790657043 0.13183589279651642 0.378444105386734
0 0.34922218322753906 0.3023681342601776 0.35682499408721924 0.2951752841472626 0.365572452545166 0.3044213354587555 0.35796964168548584 0.31161418557167053
0 0.26961466670036316 0.2712704539299011 0.2802201211452484 0.2683408260345459 0.2845098078250885 0.2838698625564575 0.27390435338020325 0.28679949045181274
0 0.07744631171226501 0.47438743710517883 0.0781174898147583 0.4635957181453705 0.09213469922542572 0.46446749567985535 0.09146352112293243 0.4752592146396637
0 0.16639864444732666 0.39702269434928894 0.1752007007598877 0.3910975158214569 0.18242114782333374 0.4018237292766571 0.1736190915107727 0.40774890780448914
0 0.23836606740951538 0.3155708312988281 0.23874640464782715 0.3048308491706848 0.2521900236606598 0.30530697107315063 0.251809686422348 0.31604695320129395
0 0.30890944600105286 0.1679004430770874 0.3152429163455963 0.15905854105949402 0.32665321230888367 0.1672317385673523 0.3203197419643402 0.17607364058494568
0 0.058235619217157364 0.4702351689338684 0.06895285844802856 0.46835559606552124 0.07131904363632202 0.48184734582901 0.06060180068016052 0.4837269186973572
0 0.3513476848602295 0.18696340918540955 0.3599153757095337 0.17627555131912231 0.36827564239501953 0.18297737836837769 0.35970795154571533 0.19366523623466492
0 0.12005733698606491 0.3526739478111267 0.12152384966611862 0.3399554491043091 0.13191205263137817 0.34115326404571533 0.13044553995132446 0.35387176275253296
0 0.10567320883274078 0.4511193633079529 0.11411695182323456 0.44376832246780396 0.12385441362857819 0.4549531936645508 0.11541067063808441 0.4623042345046997
0 0.03568164259195328 0.4828859567642212 0.044546812772750854 0.4769417643547058 0.051870569586753845 0.4878644347190857 0.04300539940595627 0.4938086271286011
0 0.3399656414985657 0.15018108487129211 0.34179461002349854 0.13587921857833862 0.35228562355041504 0.1372208297252655 0.3504566550254822 0.151522696018219
0 0.34374910593032837 0.27928662300109863 0.35392236709594727 0.2792043089866638 0.35402369499206543 0.2917211055755615 0.34385043382644653 0.29180341958999634
0 0.18660135567188263 0.36477410793304443 0.1892881542444229 0.3501942753791809 0.1997019201517105 0.35211336612701416 0.19701512157917023 0.3666931986808777
0 0.37341925501823425 0.024857474491000175 0.37477633357048035 0.010738755576312542 0.38518020510673523 0.011738749220967293 0.38382312655448914 0.02585746720433235
0 0.2865597903728485 0.20522142946720123 0.29527732729911804 0.19892214238643646 0.30281177163124084 0.20934899151325226 0.2940942347049713 0.21564827859401703
0 0.00502359215170145 0.4626110792160034 0.014550432562828064 0.4582061171531677 0.019925132393836975 0.4698302149772644 0.010398291051387787 0.4742351770401001
0 0.1903252899646759 0.29205769300460815 0.20315688848495483 0.28674936294555664 0.20721161365509033 0.2965506911277771 0.1943800151348114 0.3018590211868286
0 0.3445565402507782 0.30983513593673706 0.35274937748908997 0.3029382824897766 0.361648827791214 0.3135099411010742 0.3534559905529022 0.32040679454803467
0 0.34425830841064453 0.26534393429756165 0.3482065200805664 0.2532471716403961 0.3580334186553955 0.2564544975757599 0.35408520698547363 0.2685512602329254
0 0.3795320689678192 0.20785082876682281 0.38803938031196594 0.19662784039974213 0.3963804543018341 0.202950581908226 0.3878731429576874 0.2141735702753067
0 0.3560372292995453 0.22146546840667725 0.36164626479148865 0.20900776982307434 0.3710937201976776 0.21326148509979248 0.36548468470573425 0.22571918368339539
0 0.32991838455200195 0.2340453863143921 0.3305371403694153 0.21980944275856018 0.3414015769958496 0.22028163075447083 0.3407828211784363 0.23451757431030273
0 0.30784037709236145 0.29963815212249756 0.30927643179893494 0.28763818740844727 0.31929346919059753 0.2888369560241699 0.31785741448402405 0.3008369207382202
0 0.10712528973817825 0.35974037647247314 0.1155206635594368 0.35323119163513184 0.12327810376882553 0.36323654651641846 0.11488272994756699 0.36974573135375977
0 0.3397708237171173 0.011843523941934109 0.34980472922325134 0.008534646593034267 0.3539019525051117 0.02095925062894821 0.34386804699897766 0.024268127977848053
0 0.3213009834289551 0.2917388677597046 0.32907378673553467 0.284673273563385 0.3380618691444397 0.294560968875885 0.3302890658378601 0.3016265630722046
0 -0.006305296439677477 0.486622154712677 0.0038157706148922443 0.48332178592681885 0.007938740774989128 0.49596548080444336 -0.002182325813919306 0.4992658495903015
0 0.35985517501831055 0.13640114665031433 0.36251723766326904 0.12222617864608765 0.37281179428100586 0.12415948510169983 0.37014973163604736 0.1383344531059265
0 0.12485355883836746 0.4274524450302124 0.12830112874507904 0.41737931966781616 0.1408374011516571 0.4216699004173279 0.13738982379436493 0.4317430257797241
0 0.02354057878255844 0.4791494905948639 0.03338136151432991 0.4783134162425995 0.03437568247318268 0.49001696705818176 0.02453489974141121 0.49085304141044617
0 0.09303521364927292 0.3782041668891907 0.09587600082159042 0.36583203077316284 0.10578709095716476 0.36810773611068726 0.10294630378484726 0.3804798722267151
0 0.207708939909935 0.3658562898635864 0.21671856939792633 0.36092978715896606 0.22302667796611786 0.37246620655059814 0.21401704847812653 0.3773927092552185
0 0.35689812898635864 0.2952708899974823 0.35728514194488525 0.28305724263191223 0.3669850826263428 0.2833646237850189 0.36659806966781616 0.295578271150589
0 0.3782397508621216 0.2471318393945694 0.3812215328216553 0.23716197907924652 0.3932126760482788 0.24074827134609222 0.3902308940887451 0.2507181167602539
0 0.003365742973983288 0.4856933057308197 0.013263523578643799 0.4821721613407135 0.017508335411548615 0.4941040575504303 0.007610555738210678 0.4976252019405365
0 0.34867486357688904 0.2709966003894806 0.3547873795032501 0.2603519856929779 0.36358121037483215 0.2654017508029938 0.35746869444847107 0.27604636549949646
0 0.18540067970752716 0.21706393361091614 0.19640471041202545 0.2165917456150055 0.19706307351589203 0.23193445801734924 0.18605904281139374 0.2324066460132599
0 0.1115255281329155 0.14802473783493042 0.1208738312125206 0.14569950103759766 0.12361007183790207 0.15670013427734375 0.11426176875829697 0.1590253710746765
0 0.21474985778331757 0.3151170313358307 0.222554549574852 0.3084163963794708 0.23032353818416595 0.31746551394462585 0.22251884639263153 0.3241661489009857
0 0.3509818911552429 0.28526824712753296 0.35790544748306274 0.2750588059425354 0.3659856915473938 0.2805384397506714 0.359062135219574 0.29074788093566895
0 0.3648160696029663 0.278401255607605 0.37508124113082886 0.2774229645729065 0.37628746032714844 0.2900797724723816 0.3660222887992859 0.2910580635070801
0 0.2131122201681137 0.0431118868291378 0.21432889997959137 0.03321107104420662 0.225843146443367 0.03462601080536842 0.22462646663188934 0.044526826590299606
