0 0.3491322100162506 0.21955838799476624 0.3515830934047699 0.20698478817939758 0.38950130343437195 0.21437594294548035 0.38705042004585266 0.226949542760849
0 0.23055428266525269 0.4585797190666199 0.2664260268211365 0.44535261392593384 0.2710150480270386 0.4577980041503906 0.23514330387115479 0.47102510929107666
0 0.21647107601165771 0.20828354358673096 0.21714532375335693 0.19607943296432495 0.24722778797149658 0.19774144887924194 0.24655354022979736 0.20994555950164795
0 0.3045535087585449 0.30782079696655273 0.3096144199371338 0.2962733507156372 0.3401489853858948 0.3096558451652527 0.3350880742073059 0.3212032914161682
0 0.3991546928882599 0.45317625999450684 0.39949026703834534 0.44132763147354126 0.42872461676597595 0.442155659198761 0.4283890426158905 0.45400428771972656
0 0.21823875606060028 0.7807629704475403 0.238388791680336 0.7750063538551331 0.2415698915719986 0.7861413359642029 0.22141985595226288 0.7918979525566101
0 0.03252676874399185 0.3338058888912201 0.04691580682992935 0.330126017332077 0.049410104751586914 0.33987924456596375 0.035021066665649414 0.3435591161251068
0 0.25561991333961487 0.9033790826797485 0.2721165716648102 0.8998267650604248 0.27447035908699036 0.9107574224472046 0.25797370076179504 0.9143097400665283
0 0.12280939519405365 0.8160256743431091 0.1356402486562729 0.8089041113853455 0.14052943885326385 0.8177129626274109 0.12769858539104462 0.8248345255851746
0 0.21686287224292755 0.45914897322654724 0.23175008594989777 0.4584566056728363 0.23222996294498444 0.46877434849739075 0.21734274923801422 0.4694667160511017
0 0.3085646629333496 0.4626118242740631 0.31459957361221313 0.45144233107566833 0.32412999868392944 0.4565916359424591 0.3180950880050659 0.4677611291408539
0 -0.007303333375602961 0.45843493938446045 0.0066172475926578045 0.45370203256607056 0.00996871292591095 0.46355950832366943 -0.003951867576688528 0.4682924151420593
0 0.051710423082113266 0.35138797760009766 0.06650853902101517 0.3462330102920532 0.06984014809131622 0.3557968735694885 0.05504202842712402 0.36095184087753296
1 0.25520989298820496 0.6339555978775024 0.26018694043159485 0.5741647481918335 0.301053911447525 0.5775665044784546 0.29607686400413513 0.6373573541641235
1 0.31086698174476624 0.6060462594032288 0.3319719731807709 0.5752947926521301 0.3442131578922272 0.5836960673332214 0.32310816645622253 0.6144475340843201
1 0.39883723855018616 0.6361249089241028 0.4110497534275055 0.6265928149223328 0.43473508954048157 0.6569384932518005 0.42252257466316223 0.6664705872535706
