0 0.6406939029693604 0.04672398418188095 0.6482495069503784 0.038363754749298096 0.6600314378738403 0.04901184141635895 0.6524758338928223 0.0573720708489418
0 0.2631148397922516 0.10095613449811935 0.26704141497612 0.09150891751050949 0.27927103638648987 0.09659192711114883 0.27534446120262146 0.1060391440987587
0 0.6650305986404419 0.04513436183333397 0.6747555732727051 0.04008456692099571 0.6814541816711426 0.05298486724495888 0.6717292070388794 0.058034662157297134
0 0.39542198181152344 0.3974653482437134 0.4064353108406067 0.37787747383117676 0.41660594940185547 0.38359594345092773 0.4055926203727722 0.40318381786346436
0 0.6860410571098328 0.02045033872127533 0.6950722336769104 0.01563584804534912 0.7012354731559753 0.02719702571630478 0.6922042965888977 0.03201151639223099
0 0.6730331778526306 0.0025925752706825733 0.6830002665519714 0.0012747272849082947 0.6846471428871155 0.013729985803365707 0.6746800541877747 0.015047833323478699
0 0.6562634706497192 0.06146899238228798 0.6652641296386719 0.057769615203142166 0.6700007915496826 0.0692940354347229 0.66100013256073 0.07299341261386871
0 0.16271361708641052 0.4103889465332031 0.17072534561157227 0.40342432260513306 0.1801031231880188 0.41421204805374146 0.17209139466285706 0.4211766719818115
0 0.6536962985992432 0.0626586303114891 0.6624412536621094 0.05888443440198898 0.667320728302002 0.0701904371380806 0.6585757732391357 0.07396463304758072
0 0.6518462300300598 0.009412828832864761 0.6599531769752502 0.003274083137512207 0.667963445186615 0.013852640986442566 0.6598564982414246 0.01999138668179512
0 0.12740395963191986 0.38409915566444397 0.13719765841960907 0.3801901638507843 0.14231590926647186 0.3930136263370514 0.13252221047878265 0.39692261815071106
0 0.17831802368164062 0.35447970032691956 0.18765667080879211 0.3498181402683258 0.1934944987297058 0.36151322722435 0.18415585160255432 0.3661747872829437
0 0.6200217604637146 0.005045644473284483 0.6276484131813049 -0.0016245846636593342 0.6357561945915222 0.007645745296031237 0.6281295418739319 0.014315973967313766
0 0.6935179829597473 0.011902276426553726 0.7017647624015808 0.007149666082113981 0.7078791260719299 0.01775939017534256 0.6996323466300964 0.022512000054121017
0 0.6953887343406677 0.010645049624145031 0.7037201523780823 0.00596469733864069 0.7096726298332214 0.016560684889554977 0.7013412117958069 0.02124103531241417
1 0.316564679145813 0.6826964616775513 0.3325262665748596 0.6814050674438477 0.335127055644989 0.7135510444641113 0.3191654682159424 0.7148424386978149
