0 0.22451314330101013 0.9918003082275391 0.2288576364517212 0.9781816005706787 0.24035382270812988 0.981848955154419 0.23600932955741882 0.9954676628112793
0 0.24582859873771667 0.9699575901031494 0.24707373976707458 0.9570454359054565 0.25747159123420715 0.9580481052398682 0.25622645020484924 0.970960259437561
0 0.2641220986843109 0.9427244663238525 0.27960172295570374 0.9304850101470947 0.28671297430992126 0.939478874206543 0.27123335003852844 0.9517183303833008
0 0.2990219295024872 0.9549738764762878 0.3073981702327728 0.9418221116065979 0.3169136345386505 0.9478824734687805 0.30853739380836487 0.9610342383384705
0 0.310958594083786 0.9299876093864441 0.3221381604671478 0.9206057190895081 0.32889291644096375 0.9286547303199768 0.31771335005760193 0.9380366206169128
0 0.3327423632144928 0.9043251276016235 0.339562326669693 0.8929398059844971 0.3489495813846588 0.8985629081726074 0.3421296179294586 0.9099482297897339
0 0.36044901609420776 0.9143360257148743 0.36608290672302246 0.9013175368309021 0.37653523683547974 0.9058409333229065 0.37090134620666504 0.9188594222068787
0 0.38333046436309814 0.8886491060256958 0.394223153591156 0.8845024108886719 0.3989986181259155 0.897046685218811 0.38810592889785767 0.901193380355835
0 0.42482519149780273 0.8718344569206238 0.4382397532463074 0.8598647713661194 0.445625901222229 0.8681425452232361 0.43221133947372437 0.8801122307777405
0 0.38943374156951904 0.8286872506141663 0.39257657527923584 0.8136140704154968 0.40421533584594727 0.8160408139228821 0.40107250213623047 0.8311139941215515
0 0.43099838495254517 0.8486061096191406 0.43892866373062134 0.835529088973999 0.44898033142089844 0.8416247367858887 0.44105005264282227 0.8547017574310303
0 0.4145689010620117 0.9024109840393066 0.4257811903953552 0.9014497995376587 0.42710578441619873 0.9169003963470459 0.4158934950828552 0.9178615808486938
0 0.48766636848449707 0.8549542427062988 0.49165165424346924 0.8435322046279907 0.5013145208358765 0.8469036817550659 0.4973292350769043 0.858325719833374
0 0.48158520460128784 0.8369371891021729 0.4874042272567749 0.8247864246368408 0.4979647397994995 0.8298438787460327 0.49214571714401245 0.8419946432113647
0 0.4405972361564636 0.8074612617492676 0.44721436500549316 0.793392539024353 0.4583233594894409 0.7986176013946533 0.4517062306404114 0.8126863241195679
1 0.5813128352165222 0.4205850064754486 0.6190875172615051 0.4028734862804413 0.6255384087562561 0.4166318476200104 0.5877637267112732 0.4343433678150177
1 0.6222137212753296 0.3227720260620117 0.6236488819122314 0.3064565658569336 0.6877009868621826 0.3120909333229065 0.6862658262252808 0.3284063935279846
