0 0.8310725092887878 0.8305157423019409 0.8366921544075012 0.8192448616027832 0.8526658415794373 0.8272092342376709 0.8470461964607239 0.8384801149368286
0 0.8203722834587097 0.7988124489784241 0.8231211304664612 0.7886330485343933 0.8379426598548889 0.7926355004310608 0.8351938128471375 0.8028149008750916
0 0.8832595944404602 0.8465194702148438 0.8876920342445374 0.8358575105667114 0.9043014645576477 0.8427624702453613 0.8998690247535706 0.8534244298934937
0 0.915061891078949 0.8158438801765442 0.9183421730995178 0.8058461546897888 0.9325152039527893 0.8104963898658752 0.9292349219322205 0.8204941153526306
0 0.9141250252723694 0.7868005633354187 0.9164252877235413 0.7755619883537292 0.934725821018219 0.7793076634407043 0.9324255585670471 0.7905462384223938
0 0.8473528027534485 0.8061462640762329 0.8522787690162659 0.7962111234664917 0.8673335909843445 0.8036755323410034 0.8624076247215271 0.8136106729507446
0 0.528517484664917 0.32616347074508667 0.5318074226379395 0.3158862590789795 0.5473716259002686 0.3208686113357544 0.5440816879272461 0.3311458230018616
0 0.8179103136062622 0.7755265235900879 0.8251181840896606 0.7667909860610962 0.8369338512420654 0.7765401601791382 0.829725980758667 0.7852756977081299
0 0.5965895056724548 0.44551047682762146 0.6128211617469788 0.4438026249408722 0.6141420006752014 0.45635613799095154 0.5979103446006775 0.4580639898777008
0 0.5530263185501099 0.4668805003166199 0.5662651062011719 0.4588874578475952 0.571609377861023 0.46773916482925415 0.5583705902099609 0.4757322072982788
0 0.8654707074165344 0.6755340695381165 0.8654707074165344 0.6623974442481995 0.8770876526832581 0.6623974442481995 0.8770876526832581 0.6755340695381165
0 0.8519138097763062 0.7147789001464844 0.8612269163131714 0.7092317342758179 0.8686448335647583 0.7216856479644775 0.8593317270278931 0.727232813835144
0 0.8465867042541504 0.7261889576911926 0.8563414812088013 0.7220345139503479 0.8617650270462036 0.7347690463066101 0.8520102500915527 0.7389234900474548
0 0.8205825686454773 0.86235111951828 0.8229239583015442 0.8518527150154114 0.8377986550331116 0.8551701903343201 0.8354572653770447 0.8656685948371887
0 0.869663417339325 0.8877415060997009 0.8760738968849182 0.8792172074317932 0.8881292939186096 0.8882830739021301 0.8817188143730164 0.8968073725700378
0 0.9859358668327332 0.7993970513343811 0.9973833560943604 0.7912481427192688 1.003612995147705 0.7999994158744812 0.9921654462814331 0.8081483244895935
