0 0.23660224676132202 0.7944896817207336 0.24357640743255615 0.7843772768974304 0.2519853711128235 0.7901765704154968 0.24501121044158936 0.8002889752388
0 0.13893814384937286 0.457774817943573 0.1426333338022232 0.446455180644989 0.16000275313854218 0.4521252512931824 0.15630756318569183 0.46344488859176636
0 0.17971143126487732 0.45427390933036804 0.19122380018234253 0.44347527623176575 0.19883999228477478 0.45159485936164856 0.18732762336730957 0.46239349246025085
0 0.13826435804367065 0.14188778400421143 0.14838671684265137 0.13352954387664795 0.15932875871658325 0.14678102731704712 0.14920639991760254 0.1551392674446106
0 0.0956200510263443 0.08674357086420059 0.10399423539638519 0.07762592285871506 0.1151631772518158 0.08788413554430008 0.1067889928817749 0.09700178354978561
0 0.10234425216913223 0.11220178008079529 0.11047623306512833 0.10280054807662964 0.12094194442033768 0.11185328662395477 0.11280996352434158 0.12125451862812042
0 0.11666160821914673 0.1317654252052307 0.12508949637413025 0.12364593148231506 0.13528618216514587 0.13422992825508118 0.12685829401016235 0.14234942197799683
0 0.12246321141719818 0.09591692686080933 0.12988026440143585 0.08812406659126282 0.1389702707529068 0.09677572548389435 0.13155321776866913 0.10456858575344086
0 0.10148235410451889 0.15921077132225037 0.10672704130411148 0.14930599927902222 0.11972212046384811 0.1561870276927948 0.11447743326425552 0.16609179973602295
0 0.11195572465658188 0.19357800483703613 0.12495874613523483 0.19335931539535522 0.12513649463653564 0.20392832159996033 0.11213348060846329 0.20414701104164124
0 0.09439932554960251 0.2169284075498581 0.10578132420778275 0.21188820898532867 0.1101514920592308 0.22175712883472443 0.09876949340105057 0.22679732739925385
0 0.19312052428722382 0.4578269124031067 0.1968868225812912 0.4444410800933838 0.207377627491951 0.4473928213119507 0.2036113291978836 0.4607786536216736
0 0.1708279699087143 0.4212297797203064 0.18111233413219452 0.4201640486717224 0.18253977596759796 0.43393874168395996 0.17225541174411774 0.43500447273254395
