0 0.11788661777973175 0.1783095747232437 0.14078137278556824 0.17526431381702423 0.14236675202846527 0.18718351423740387 0.11947199702262878 0.19022877514362335
0 0.33806031942367554 0.1637885421514511 0.3492257595062256 0.15135039389133453 0.3577854037284851 0.15903423726558685 0.34661996364593506 0.17147238552570343
0 0.40221720933914185 0.1806573122739792 0.410614013671875 0.1724468320608139 0.41763943433761597 0.17963166534900665 0.4092426300048828 0.18784214556217194
0 0.40924131870269775 0.157966747879982 0.42233771085739136 0.151438370347023 0.4270309805870056 0.16085346043109894 0.413934588432312 0.16738183796405792
0 0.08136019855737686 0.3158094882965088 0.08594881743192673 0.30616283416748047 0.10264921933412552 0.31410670280456543 0.09806060045957565 0.32375335693359375
0 0.5261279940605164 0.00837909895926714 0.5312719941139221 -0.006345360539853573 0.541861355304718 -0.00264595914632082 0.5367173552513123 0.012078500352799892
0 0.5425819754600525 0.012116248719394207 0.55618816614151 0.008968643844127655 0.5585265755653381 0.019077014178037643 0.5449203848838806 0.02222461998462677
0 0.3392784297466278 0.18486347794532776 0.3530106246471405 0.18048396706581116 0.3563280999660492 0.19088605046272278 0.3425959050655365 0.19526556134223938
0 0.3699619770050049 0.1825861632823944 0.38089561462402344 0.1728205382823944 0.38807225227355957 0.18085557222366333 0.377138614654541 0.19062119722366333
0 0.4056950807571411 0.17718909680843353 0.41334784030914307 0.16830767691135406 0.42122048139572144 0.1750912219285965 0.4135677218437195 0.18397264182567596
