0 0.46195077896118164 0.8828855752944946 0.47062939405441284 0.8743710517883301 0.4841066598892212 0.8881081342697144 0.47542804479599 0.8966226577758789
0 0.6985165476799011 0.9802460670471191 0.7112124562263489 0.9747289419174194 0.7152300477027893 0.9839740991592407 0.7025341391563416 0.9894912242889404
0 0.3609849214553833 0.9297551512718201 0.36942750215530396 0.9198787808418274 0.382263720035553 0.9308516383171082 0.3738211393356323 0.9407280087471008
0 0.39399558305740356 0.9509751200675964 0.404491126537323 0.9447181820869446 0.41380131244659424 0.9603354334831238 0.4033057689666748 0.9665923714637756
0 0.48395538330078125 0.8888341784477234 0.48829853534698486 0.8792523741722107 0.5014519095420837 0.8852145075798035 0.4971087574958801 0.8947963118553162
0 0.8775774836540222 0.7470795512199402 0.8890085816383362 0.7433761954307556 0.8935046792030334 0.7572540640830994 0.8820735812187195 0.7609574198722839
0 0.9316241145133972 0.7937672734260559 0.941166341304779 0.7883414626121521 0.9474876523017883 0.7994586825370789 0.9379454255104065 0.8048844933509827
0 0.3835659623146057 0.9193596243858337 0.392505407333374 0.9147307276725769 0.3989921808242798 0.9272581934928894 0.3900527358055115 0.9318870902061462
0 0.39788004755973816 0.9115166664123535 0.4053516089916229 0.9021776914596558 0.41948041319847107 0.9134813547134399 0.4120088517665863 0.9228203296661377
0 0.9921813011169434 0.7471139430999756 1.0021997690200806 0.7436790466308594 1.0060917139053345 0.7550303936004639 0.9960732460021973 0.7584652900695801
