0 0.6801430583000183 0.9683312177658081 0.6853287816047668 0.9576623439788818 0.7053058743476868 0.9673725366592407 0.7001201510429382 0.978041410446167
0 0.6299030184745789 0.9819673895835876 0.6357837319374084 0.9725504517555237 0.6496568322181702 0.9812138676643372 0.6437761187553406 0.9906308054924011
0 0.7209435701370239 0.9278721809387207 0.7267435789108276 0.9189108610153198 0.7389647960662842 0.9268208742141724 0.7331647872924805 0.9357821941375732
0 0.6430220007896423 0.9511467218399048 0.6462844014167786 0.9403001070022583 0.6644353270530701 0.9457594156265259 0.6611729264259338 0.9566060304641724
0 0.6758641004562378 0.9439314603805542 0.6801095008850098 0.9332786798477173 0.6985118389129639 0.9406125545501709 0.6942664384841919 0.9512653350830078
0 0.857981264591217 0.5585530400276184 0.8680658936500549 0.5556947588920593 0.8713410496711731 0.5672503113746643 0.8612564206123352 0.5701085925102234
0 0.8314692378044128 0.5749410390853882 0.8387936949729919 0.5675251483917236 0.8485148549079895 0.5771263837814331 0.8411903977394104 0.5845422744750977
0 0.8409435153007507 0.5959559679031372 0.8495721220970154 0.5907224416732788 0.8560124039649963 0.601340651512146 0.8473837971687317 0.6065741777420044
0 0.8603655099868774 0.5955681800842285 0.8675540685653687 0.5873196125030518 0.878617525100708 0.596961259841919 0.8714289665222168 0.6052098274230957
0 0.8981673121452332 0.5738397240638733 0.9057623744010925 0.5679334998130798 0.9129588007926941 0.5771875977516174 0.9053637385368347 0.5830938220024109
0 0.864168107509613 0.6386995911598206 0.8715562224388123 0.6307428479194641 0.8816825747489929 0.6401455998420715 0.8742944598197937 0.648102343082428
0 0.5841470956802368 0.9374074339866638 0.5881117582321167 0.9282411932945251 0.6004981994628906 0.9335986971855164 0.5965335369110107 0.942764937877655
