0 0.7077853083610535 0.3453074097633362 0.725500762462616 0.32762545347213745 0.7344902157783508 0.3366319537162781 0.7167747616767883 0.3543139100074768
0 0.4119141697883606 0.4118637144565582 0.4282316565513611 0.40341511368751526 0.43433016538619995 0.4151935875415802 0.41801267862319946 0.42364218831062317
0 0.5604269504547119 0.38764604926109314 0.5778160095214844 0.3834729492664337 0.5807756185531616 0.3958055078983307 0.5633865594863892 0.3999786078929901
0 0.36890044808387756 0.4225168228149414 0.38322457671165466 0.41150128841400146 0.39056989550590515 0.42105281352996826 0.37624576687812805 0.4320683479309082
0 0.3615753948688507 0.41297900676727295 0.37719085812568665 0.4033953547477722 0.38351431488990784 0.413698673248291 0.3678988516330719 0.42328232526779175
0 0.5216819047927856 0.3958538770675659 0.5370365381240845 0.3884642720222473 0.542030930519104 0.39884209632873535 0.5266762971878052 0.40623170137405396
0 0.6658471822738647 0.37564530968666077 0.6795308589935303 0.3536296784877777 0.6903413534164429 0.3603489100933075 0.6766576766967773 0.38236454129219055
0 0.4370957612991333 0.38371607661247253 0.45364266633987427 0.3759973347187042 0.45933735370635986 0.3882052004337311 0.4427904486656189 0.3959239423274994
0 0.6816525459289551 0.39835864305496216 0.6896114349365234 0.3811672329902649 0.7004481554031372 0.3861841559410095 0.6924892663955688 0.4033755660057068
0 0.49811577796936035 0.36593785881996155 0.512258768081665 0.35554948449134827 0.5190458297729492 0.36478957533836365 0.5049028396606445 0.37517794966697693
0 0.4541109800338745 0.40028658509254456 0.4696400761604309 0.3929455578327179 0.4742727279663086 0.40274545550346375 0.4587436318397522 0.4100864827632904
0 0.5643944144248962 0.3999856114387512 0.5837817788124084 0.3916124701499939 0.5893210768699646 0.4044382572174072 0.5699337124824524 0.41281139850616455
0 0.7437391877174377 0.384891152381897 0.7450767159461975 0.3631114959716797 0.7585042119026184 0.36393606662750244 0.7571666836738586 0.3857157230377197
0 0.6520221829414368 0.39094340801239014 0.6688420176506042 0.3788725733757019 0.6757048964500427 0.388435423374176 0.6588850617408752 0.40050625801086426
0 0.42637571692466736 0.7256780862808228 0.4569244086742401 0.7234904766082764 0.4578578770160675 0.7365264892578125 0.42730918526649475 0.7387140989303589
0 0.6384128928184509 0.39132770895957947 0.6479063630104065 0.37786635756492615 0.6572661995887756 0.384467214345932 0.6477727293968201 0.3979285657405853
0 0.4665846824645996 0.4111843407154083 0.48090702295303345 0.4026154577732086 0.48664265871047974 0.4122021496295929 0.4723203182220459 0.4207710325717926
0 0.44212162494659424 0.793232262134552 0.464910089969635 0.7792734503746033 0.47121381759643555 0.7895646691322327 0.4484253525733948 0.8035234808921814
0 0.22031892836093903 0.7984859943389893 0.23933722078800201 0.792812705039978 0.24320216476917267 0.8057688474655151 0.22418387234210968 0.8114421367645264
0 0.5375068783760071 0.37158066034317017 0.5540176033973694 0.3661090135574341 0.5578822493553162 0.3777706027030945 0.5413715243339539 0.38324224948883057
0 0.5190372467041016 0.3875301480293274 0.5359064340591431 0.37927478551864624 0.5410342216491699 0.38975292444229126 0.5241650342941284 0.3980082869529724
0 0.3858914375305176 0.4254961609840393 0.40016525983810425 0.4142969846725464 0.4072607159614563 0.42334043979644775 0.39298689365386963 0.4345396161079407
0 0.5659862160682678 0.3586694002151489 0.5890576243400574 0.35247617959976196 0.5921594500541687 0.3640311360359192 0.5690880417823792 0.37022435665130615
0 0.3690863847732544 0.4375704228878021 0.38045990467071533 0.42579594254493713 0.3887753486633301 0.433828204870224 0.37740182876586914 0.445602685213089
0 0.24891309440135956 0.7669249773025513 0.26931047439575195 0.7639951705932617 0.2711992859840393 0.7771453857421875 0.2508019208908081 0.780075192451477
0 0.48275384306907654 0.38405051827430725 0.5007618069648743 0.37413862347602844 0.506158709526062 0.3839437663555145 0.48815077543258667 0.39385566115379333
0 0.6270564198493958 0.41119584441185 0.6397283673286438 0.4005350172519684 0.6470471024513245 0.4092343747615814 0.6343751549720764 0.419895201921463
0 0.41987162828445435 0.39058738946914673 0.42560887336730957 0.3810654282569885 0.4386677145957947 0.3889337182044983 0.43293046951293945 0.3984556794166565
0 0.45401597023010254 0.35116806626319885 0.4737511873245239 0.34410640597343445 0.4777213931083679 0.35520192980766296 0.45798617601394653 0.36226359009742737
0 0.6748380661010742 0.3355606496334076 0.6857215166091919 0.3301509916782379 0.693192720413208 0.34518179297447205 0.6823092699050903 0.3505914509296417
0 0.425752192735672 0.361998975276947 0.43577393889427185 0.3561602830886841 0.44355323910713196 0.3695128560066223 0.4335314929485321 0.37535154819488525
0 0.5896663665771484 0.39124828577041626 0.60503089427948 0.38025766611099243 0.6118389368057251 0.3897750973701477 0.5964744091033936 0.40076571702957153
0 0.5484746098518372 0.26609084010124207 0.5715195536613464 0.2563076317310333 0.5762345194816589 0.2674138844013214 0.5531895756721497 0.27719709277153015
0 0.3427717685699463 0.4612322747707367 0.35249292850494385 0.44678089022636414 0.36247849464416504 0.453497976064682 0.3527573347091675 0.46794936060905457
0 0.47619205713272095 0.3544226884841919 0.49694108963012695 0.3468255400657654 0.5009832978248596 0.3578653931617737 0.4802342653274536 0.3654625415802002
0 0.6597616672515869 0.40563419461250305 0.6714529991149902 0.39395931363105774 0.6793880462646484 0.40190544724464417 0.6676967144012451 0.4135803282260895
0 0.4450211226940155 0.3695521950721741 0.463788241147995 0.3617071509361267 0.46830758452415466 0.37251847982406616 0.44954046607017517 0.3803635239601135
0 0.5521601438522339 0.3735414743423462 0.5707776546478271 0.3667892813682556 0.5746989250183105 0.37760114669799805 0.5560814142227173 0.3843533396720886
0 0.5083402395248413 0.2769796550273895 0.5305966138839722 0.27286067605018616 0.5327572822570801 0.28453585505485535 0.5105009078979492 0.2886548340320587
0 0.3283253610134125 0.4451373815536499 0.3407715857028961 0.4340747594833374 0.3484348952770233 0.44269657135009766 0.3359886705875397 0.45375919342041016
0 0.38857725262641907 0.37671491503715515 0.4071213901042938 0.37194380164146423 0.410054475069046 0.3833440840244293 0.39151033759117126 0.38811519742012024
0 0.5461608171463013 0.40268561244010925 0.5616028308868408 0.39206662774086 0.5681368112564087 0.4015682637691498 0.5526947975158691 0.41218724846839905
0 0.3441978394985199 0.4327210783958435 0.35818758606910706 0.42261314392089844 0.3650341331958771 0.4320889711380005 0.3510443866252899 0.44219690561294556
0 0.482413113117218 0.295230895280838 0.5056208372116089 0.2901492416858673 0.5081546902656555 0.30172136425971985 0.48494696617126465 0.30680301785469055
0 0.4024156630039215 0.712434709072113 0.423829048871994 0.6993109583854675 0.4301569163799286 0.7096357941627502 0.4087435305118561 0.7227595448493958
0 0.23960813879966736 0.4085814356803894 0.2535058557987213 0.40044158697128296 0.25913092494010925 0.4100456237792969 0.2452332079410553 0.4181854724884033
0 0.5908276438713074 0.4105031490325928 0.6035766005516052 0.4014469385147095 0.6099825501441956 0.41046494245529175 0.5972335934638977 0.41952115297317505
0 0.34353917837142944 0.40650078654289246 0.35946565866470337 0.39602693915367126 0.3659602999687195 0.4059026539325714 0.35003381967544556 0.4163765013217926
0 0.5128415822982788 0.35999688506126404 0.5270564556121826 0.34730902314186096 0.5346344709396362 0.3557991087436676 0.5204195976257324 0.3684869706630707
0 0.32576775550842285 0.4666445553302765 0.33573007583618164 0.4496460258960724 0.3462058901786804 0.4557856023311615 0.33624356985092163 0.4727841317653656
0 0.44725584983825684 0.38659361004829407 0.45809322595596313 0.37804630398750305 0.464702844619751 0.3864268362522125 0.4538654685020447 0.39497414231300354
0 0.633788526058197 0.4343712031841278 0.6452228426933289 0.42471006512641907 0.6522557139396667 0.4330337941646576 0.6408213973045349 0.44269493222236633
0 0.47752904891967773 0.3771282732486725 0.494360089302063 0.3669433295726776 0.5001439452171326 0.3765014111995697 0.4833129048347473 0.3866863548755646
0 0.44313156604766846 0.27995944023132324 0.4576309323310852 0.2726293206214905 0.46244776248931885 0.2821572422981262 0.4479483962059021 0.289487361907959
0 0.6130743622779846 0.3993769884109497 0.6287705302238464 0.3857806921005249 0.6366432309150696 0.39486926794052124 0.6209470629692078 0.40846556425094604
0 0.503715455532074 0.38089585304260254 0.5209199786186218 0.37336575984954834 0.5254822373390198 0.3837895393371582 0.5082777142524719 0.3913196325302124
0 0.5116684436798096 0.3506333529949188 0.5242602825164795 0.3370349109172821 0.5326458215713501 0.3447997272014618 0.5200539827346802 0.3583981692790985
0 0.6239302158355713 0.27941611409187317 0.6389962434768677 0.2680315673351288 0.6461286544799805 0.2774703800678253 0.6310626268386841 0.2888549268245697
0 0.3369652330875397 0.4782780706882477 0.3380517065525055 0.4626155197620392 0.3493758738040924 0.46340104937553406 0.3482894003391266 0.47906360030174255
0 0.5927162766456604 0.36073431372642517 0.6116512417793274 0.35423681139945984 0.6153728365898132 0.3650822341442108 0.5964378714561462 0.37157973647117615
0 0.35645627975463867 0.7606629133224487 0.37805062532424927 0.7563846111297607 0.38029927015304565 0.7677345275878906 0.35870492458343506 0.7720128297805786
0 0.6382516622543335 0.368269145488739 0.6542073488235474 0.36059725284576416 0.6592752933502197 0.37113726139068604 0.6433196067810059 0.3788091540336609
0 0.5781219601631165 0.37763920426368713 0.5920150876045227 0.36960968375205994 0.5974133610725403 0.37894997000694275 0.583520233631134 0.38697949051856995
0 0.5336650013923645 0.38884487748146057 0.5511416792869568 0.38093331456184387 0.5559367537498474 0.3915257751941681 0.5384600758552551 0.3994373381137848
0 0.5440197587013245 0.4088411033153534 0.5568308234214783 0.4011763036251068 0.5624576210975647 0.4105810225009918 0.5496465563774109 0.4182458221912384
0 0.7180060148239136 0.40797698497772217 0.7196707725524902 0.38974952697753906 0.7317855358123779 0.39085596799850464 0.7301207780838013 0.40908342599868774
0 0.6261820793151855 0.42010068893432617 0.6377145051956177 0.41084450483322144 0.6446226835250854 0.4194515347480774 0.6330902576446533 0.42870771884918213
0 0.25761303305625916 0.8331643342971802 0.2779916226863861 0.8304221630096436 0.2798040211200714 0.8438912630081177 0.25942543148994446 0.8466334342956543
0 0.33567214012145996 0.7460781931877136 0.34370332956314087 0.7312594056129456 0.35561656951904297 0.7377158999443054 0.34758538007736206 0.7525346875190735
0 0.5468389391899109 0.3570958971977234 0.5611274838447571 0.346546471118927 0.5678240656852722 0.3556166887283325 0.553535521030426 0.3661661148071289
0 0.5321449041366577 0.3491918742656708 0.5456341505050659 0.3403532803058624 0.551658034324646 0.3495468199253082 0.5381687879562378 0.3583854138851166
0 0.4139587879180908 0.3957485258579254 0.4286102056503296 0.38822612166404724 0.4337518811225891 0.3982405364513397 0.41910046339035034 0.4057629406452179
0 0.5843984484672546 0.4192177355289459 0.5986161828041077 0.41046372056007385 0.6046208739280701 0.4202161729335785 0.590403139591217 0.42897018790245056
0 0.45939651131629944 0.3732951283454895 0.46481743454933167 0.36121666431427 0.47465774416923523 0.3656330704689026 0.469236820936203 0.37771153450012207
0 0.5277374386787415 0.2948812246322632 0.5465072989463806 0.28935062885284424 0.5496589541435242 0.30004656314849854 0.530889093875885 0.3055771589279175
0 0.23330296576023102 0.34501853585243225 0.24845446646213531 0.34031155705451965 0.25169628858566284 0.3507467210292816 0.23654477298259735 0.3554536998271942
0 0.6018797159194946 0.3734884560108185 0.619346022605896 0.3678435981273651 0.6228048801422119 0.3785459101200104 0.6053385734558105 0.38419076800346375
0 0.2962682247161865 0.2180846929550171 0.3001514673233032 0.20868173241615295 0.3129081726074219 0.2139500379562378 0.3090249300003052 0.22335299849510193
0 0.44022396206855774 0.27769923210144043 0.455401211977005 0.2710651755332947 0.4596578776836395 0.2808034420013428 0.44448062777519226 0.2874374985694885
0 0.43230676651000977 0.7009568810462952 0.4513341188430786 0.6937044262886047 0.45551156997680664 0.704664409160614 0.4364842176437378 0.7119168639183044
0 0.5455685257911682 0.42618662118911743 0.5582662224769592 0.42010098695755005 0.563205897808075 0.4304077625274658 0.5505082011222839 0.4364933967590332
0 0.24709874391555786 0.36400076746940613 0.26047784090042114 0.3565944731235504 0.26566654443740845 0.3659675419330597 0.25228744745254517 0.3733738362789154
0 0.6145791411399841 0.36191123723983765 0.6306161284446716 0.3531007766723633 0.6361635327339172 0.3631982207298279 0.6201265454292297 0.37200868129730225
0 0.44599881768226624 0.395318865776062 0.46110865473747253 0.38480764627456665 0.46755746006965637 0.39407771825790405 0.4524476230144501 0.4045889377593994
0 0.2638130784034729 0.4315328896045685 0.2768310308456421 0.42467138171195984 0.28193557262420654 0.4343559443950653 0.26891762018203735 0.44121745228767395
0 0.28063875436782837 0.2676105201244354 0.2865261435508728 0.25917062163352966 0.2975819706916809 0.2668827474117279 0.2916945815086365 0.27532264590263367
0 0.463567852973938 0.38704946637153625 0.47823476791381836 0.37767931818962097 0.4843171238899231 0.3871999680995941 0.4696502089500427 0.3965701162815094
0 0.6076894402503967 0.4254904091358185 0.6194645762443542 0.41896072030067444 0.6245670914649963 0.42816224694252014 0.6127919554710388 0.4346919357776642
0 0.6050386428833008 0.41500481963157654 0.6178001165390015 0.4072524607181549 0.623401403427124 0.41647306084632874 0.6106399297714233 0.42422541975975037
0 0.4872789680957794 0.3874723017215729 0.5036593079566956 0.3817703425884247 0.5077190399169922 0.3934328854084015 0.49133867025375366 0.3991348445415497
0 0.5293666124343872 0.5408257842063904 0.5439906120300293 0.5295678973197937 0.5509058237075806 0.5385506749153137 0.5362818241119385 0.5498085618019104
0 0.6445939540863037 0.43493345379829407 0.6540209054946899 0.4248519837856293 0.6618143320083618 0.43213948607444763 0.6523873805999756 0.4422209560871124
0 0.53315269947052 0.4152812659740448 0.5442190170288086 0.4057787358760834 0.5512129068374634 0.41392359137535095 0.5401465892791748 0.4234261214733124
0 0.6192867755889893 0.4323740005493164 0.6321220397949219 0.42110514640808105 0.6391361951828003 0.4290943145751953 0.6263009309768677 0.44036316871643066
0 0.46935686469078064 0.5907185673713684 0.484668105840683 0.5803970694541931 0.4913150370121002 0.5902573466300964 0.4760037958621979 0.6005788445472717
0 0.6007420420646667 0.438966304063797 0.6109617352485657 0.4284633696079254 0.6185516715049744 0.4358486235141754 0.6083319783210754 0.446351557970047
0 0.6002006530761719 0.4116927981376648 0.6137409210205078 0.403617799282074 0.6190248727798462 0.4124780297279358 0.6054846048355103 0.4205530285835266
0 0.45264503359794617 0.4100276529788971 0.4642731249332428 0.40253594517707825 0.47001394629478455 0.4114464819431305 0.4583858549594879 0.41893818974494934
0 0.5124832391738892 0.3995397686958313 0.5248099565505981 0.3948180675506592 0.5284496545791626 0.40432000160217285 0.5161229372024536 0.40904170274734497
0 0.4308222532272339 0.4114060699939728 0.4455304741859436 0.4107484519481659 0.4460095763206482 0.42146363854408264 0.4313013553619385 0.4221212565898895
0 0.39803940057754517 0.662628173828125 0.40930503606796265 0.6507368087768555 0.4174264073371887 0.658430814743042 0.40616077184677124 0.6703221797943115
0 0.4983375072479248 0.5226660966873169 0.5063536167144775 0.5118896961212158 0.5147773027420044 0.5181556940078735 0.5067611932754517 0.5289320945739746
0 0.6123077273368835 0.43726521730422974 0.6223264336585999 0.42819035053253174 0.6292997002601624 0.4358888864517212 0.619280993938446 0.4449637532234192
0 0.21885500848293304 0.38577425479888916 0.23240096867084503 0.3802555799484253 0.23641373217105865 0.39010512828826904 0.22286777198314667 0.3956238031387329
0 0.31736862659454346 0.7316128015518188 0.33739304542541504 0.7303941249847412 0.33811259269714355 0.7422175407409668 0.318088173866272 0.7434362173080444
0 0.6114287376403809 0.4293971061706543 0.6204336881637573 0.42040300369262695 0.62772536277771 0.42770349979400635 0.6187204122543335 0.4366976022720337
0 0.24704448878765106 0.4172147512435913 0.2596431076526642 0.40935468673706055 0.26532894372940063 0.4184683561325073 0.2527303397655487 0.4263284206390381
0 0.9652962684631348 0.056166015565395355 0.9798336029052734 0.04552567005157471 0.9871950149536133 0.05558307468891144 0.9726576805114746 0.06622342020273209
0 0.29184210300445557 0.26004570722579956 0.294550359249115 0.2500802278518677 0.30771076679229736 0.253656804561615 0.30500251054763794 0.2636222839355469
0 0.39323127269744873 0.6927151083946228 0.4028463363647461 0.6781253218650818 0.41291242837905884 0.6847591996192932 0.4032973647117615 0.6993489861488342
0 0.6939356923103333 0.37335944175720215 0.6986472010612488 0.35967499017715454 0.7092655301094055 0.3633308410644531 0.70455402135849 0.37701529264450073
0 0.2211119383573532 0.3646366000175476 0.23426462709903717 0.3608396649360657 0.23717086017131805 0.3709069490432739 0.2240181714296341 0.37470388412475586
0 0.48609066009521484 0.4341687560081482 0.49476635456085205 0.424297034740448 0.5023643374443054 0.43097442388534546 0.4936886429786682 0.44084614515304565
0 0.6437186598777771 0.4168380796909332 0.6577895283699036 0.40575698018074036 0.664585292339325 0.4143863022327423 0.6505144238471985 0.4254674017429352
0 0.618728518486023 0.3770221769809723 0.6339921951293945 0.3691992461681366 0.6389361619949341 0.37884554266929626 0.6236724853515625 0.38666847348213196
0 0.38357216119766235 0.4364067316055298 0.39432281255722046 0.4269639253616333 0.40137410163879395 0.4349917769432068 0.39062345027923584 0.44443458318710327
0 0.47715309262275696 0.4250441789627075 0.48804059624671936 0.41672027111053467 0.4944269359111786 0.42507344484329224 0.4835394322872162 0.4333973526954651
0 0.39831194281578064 0.20713254809379578 0.4110778272151947 0.20131456851959229 0.41542908549308777 0.2108621895313263 0.4026632010936737 0.21668016910552979
0 0.6461434364318848 0.351340115070343 0.6652580499649048 0.3418222665786743 0.6703382730484009 0.35202497243881226 0.6512236595153809 0.36154282093048096
0 0.6346953511238098 0.43261176347732544 0.6363171935081482 0.4227675795555115 0.6495491862297058 0.42494750022888184 0.6479273438453674 0.4347916841506958
0 0.2682735323905945 0.745735228061676 0.28655314445495605 0.7453761696815491 0.2867812514305115 0.7569912075996399 0.2685016393661499 0.7573502659797668
0 0.33737796545028687 0.21951965987682343 0.3498760461807251 0.21673698723316193 0.352084219455719 0.2266547828912735 0.33958613872528076 0.229437455534935
0 0.4993455410003662 0.4258418083190918 0.5086220502853394 0.4158759117126465 0.5159894227981567 0.4227336049079895 0.5067129135131836 0.4326995015144348
0 0.24682867527008057 0.35301434993743896 0.2617737054824829 0.34791213274002075 0.2651786208152771 0.35788553953170776 0.25023359060287476 0.362987756729126
0 0.4435960054397583 0.4056956171989441 0.456603467464447 0.39986497163772583 0.46113836765289307 0.40998172760009766 0.44813090562820435 0.4158123731613159
0 0.5256617069244385 0.42380350828170776 0.5382394790649414 0.41630250215530396 0.5437196493148804 0.4254917502403259 0.5311418771743774 0.43299275636672974
0 0.4159606993198395 0.3786742091178894 0.4269281327724457 0.3711618185043335 0.43301042914390564 0.3800414204597473 0.42204299569129944 0.3875538110733032
0 0.4735669493675232 0.39201831817626953 0.486397385597229 0.385509192943573 0.49118417501449585 0.3949446678161621 0.47835373878479004 0.40145379304885864
0 0.5554472804069519 0.4245532155036926 0.568516194820404 0.4201682209968567 0.5717836022377014 0.42990612983703613 0.5587146878242493 0.43429112434387207
0 0.2697525918483734 0.2800893485546112 0.28194573521614075 0.27698013186454773 0.28439435362815857 0.28658273816108704 0.27220121026039124 0.2896919548511505
0 0.408939003944397 0.4266732931137085 0.4216095209121704 0.4204559326171875 0.4262952208518982 0.4300050139427185 0.41362470388412476 0.4362223744392395
0 0.26275143027305603 0.31991061568260193 0.27436932921409607 0.3144858777523041 0.2786882817745209 0.3237355649471283 0.26707038283348083 0.32916030287742615
0 0.25892266631126404 0.31362414360046387 0.27180811762809753 0.30811572074890137 0.27588382363319397 0.317649781703949 0.2629983723163605 0.3231582045555115
0 0.5153174996376038 0.4105544686317444 0.5277630686759949 0.4044768214225769 0.5322207808494568 0.4136049747467041 0.5197752118110657 0.4196826219558716
0 0.4076669216156006 0.18448562920093536 0.4228472113609314 0.17658109962940216 0.42820435762405396 0.186869278550148 0.41302406787872314 0.1947738081216812
0 0.24834968149662018 0.4377872347831726 0.26164865493774414 0.43113815784454346 0.2663465738296509 0.4405345320701599 0.2530475854873657 0.44718360900878906
0 0.3720271587371826 0.39540988206863403 0.38332438468933105 0.388738214969635 0.3886154294013977 0.3976976275444031 0.37731820344924927 0.4043692946434021
0 0.29290035367012024 0.2207089066505432 0.30479106307029724 0.21945250034332275 0.305807501077652 0.22907179594039917 0.293916791677475 0.23032820224761963
0 0.4180688261985779 0.36419129371643066 0.4299306273460388 0.3568337559700012 0.43558889627456665 0.3659559488296509 0.4237270951271057 0.3733134865760803
0 0.35313230752944946 0.7369208931922913 0.369662880897522 0.7338322997093201 0.3717019557952881 0.7447455525398254 0.3551713824272156 0.7478341460227966
0 0.5750242471694946 0.3698848485946655 0.585974931716919 0.3611513376235962 0.592536449432373 0.36937856674194336 0.5815857648849487 0.3781120777130127
0 0.5714321732521057 0.42850279808044434 0.5833843350410461 0.4206949472427368 0.589073121547699 0.42940330505371094 0.5771209597587585 0.43721115589141846
0 0.4680882394313812 0.42065316438674927 0.4795564115047455 0.4143528938293457 0.48440858721733093 0.4231851100921631 0.4729404151439667 0.42948538064956665
0 0.5661435127258301 0.41695335507392883 0.5663200616836548 0.4042265713214874 0.5772669315338135 0.4043784439563751 0.5770903825759888 0.41710522770881653
0 0.496024489402771 0.5214729309082031 0.5033668279647827 0.5108445882797241 0.5118757486343384 0.5167227983474731 0.5045334100723267 0.5273511409759521
0 0.5948456525802612 0.4218459725379944 0.6100832223892212 0.4197564721107483 0.6115121841430664 0.4301774501800537 0.5962746143341064 0.4322669506072998
0 0.29503288865089417 0.758466899394989 0.31367817521095276 0.7533699870109558 0.31671568751335144 0.7644816040992737 0.29807040095329285 0.7695785164833069
0 0.4842575192451477 0.5340145230293274 0.49328917264938354 0.5237753987312317 0.5014714002609253 0.5309926867485046 0.49243974685668945 0.5412318110466003
0 0.6071755886077881 0.41849467158317566 0.6184301376342773 0.41139063239097595 0.623944878578186 0.42012742161750793 0.6126903295516968 0.42723146080970764
0 0.6853554248809814 0.40598610043525696 0.6945229768753052 0.3966246545314789 0.7019385099411011 0.4038866460323334 0.6927709579467773 0.41324809193611145
0 0.4878867566585541 0.3993067741394043 0.499735951423645 0.39370542764663696 0.5040987730026245 0.40293461084365845 0.4922495484352112 0.4085359573364258
0 0.2302958369255066 0.4008386433124542 0.2415238916873932 0.39211228489875793 0.2478470504283905 0.40024814009666443 0.2366189956665039 0.4089744985103607
0 0.5944680571556091 0.4016300141811371 0.6049186587333679 0.39235588908195496 0.611842691898346 0.4001583158969879 0.6013920903205872 0.40943244099617004
0 0.5033352971076965 0.4300480782985687 0.5081461071968079 0.41775932908058167 0.5239148736000061 0.4239325225353241 0.5191040635108948 0.43622127175331116
0 0.32695120573043823 0.20735439658164978 0.33863145112991333 0.201565682888031 0.3430596590042114 0.2105007767677307 0.33137941360473633 0.2162894904613495
0 0.4543806314468384 0.4299929440021515 0.4661656618118286 0.4246108829975128 0.4703933000564575 0.43386802077293396 0.4586082696914673 0.43925008177757263
0 0.4952649474143982 0.4226475954055786 0.5060462355613708 0.41427773237228394 0.5123266577720642 0.4223676323890686 0.5015453696250916 0.4307374954223633
0 0.5803455710411072 0.38611456751823425 0.5917522311210632 0.379712849855423 0.596754252910614 0.3886255919933319 0.585347592830658 0.3950273096561432
0 0.4456690549850464 0.4251345694065094 0.45480233430862427 0.4137701690196991 0.46301406621932983 0.4203697741031647 0.45388078689575195 0.431734174489975
0 0.47942546010017395 0.8757575154304504 0.4861656129360199 0.866154134273529 0.5009462833404541 0.8765280842781067 0.49420616030693054 0.8861314654350281
0 0.4956490695476532 0.513488233089447 0.502834677696228 0.5012452006340027 0.5121071338653564 0.506687343120575 0.504921555519104 0.5189303755760193
0 0.6158367395401001 0.4128432273864746 0.6237767934799194 0.4062238931655884 0.6318092346191406 0.4158589839935303 0.6238691806793213 0.4224783182144165
0 0.483062207698822 0.43039557337760925 0.4929347038269043 0.4221668541431427 0.499336838722229 0.4298478662967682 0.48946434259414673 0.43807658553123474
0 0.3325883746147156 0.703347384929657 0.34514302015304565 0.6919308304786682 0.35297834873199463 0.7005471587181091 0.34042370319366455 0.7119637131690979
0 0.7154900431632996 0.3242282569408417 0.7284174561500549 0.32412829995155334 0.7284947037696838 0.3341232240200043 0.7155672907829285 0.3342231810092926
0 0.46503594517707825 0.5634714365005493 0.46798792481422424 0.5489983558654785 0.4792824685573578 0.5513020753860474 0.4763304889202118 0.5657751560211182
0 0.49476587772369385 0.5935571193695068 0.5012125968933105 0.5815401077270508 0.5107229948043823 0.5866421461105347 0.5042762756347656 0.5986591577529907
0 0.6157872080802917 0.44587022066116333 0.6250120997428894 0.4366670250892639 0.6322780251502991 0.44394999742507935 0.6230531334877014 0.45315319299697876
0 0.5988304615020752 0.22281692922115326 0.6203300952911377 0.21481706202030182 0.6244025230407715 0.22576163709163666 0.602902889251709 0.2337615042924881
0 0.5624538660049438 0.416718065738678 0.5743392705917358 0.40863144397735596 0.5807822942733765 0.4181011915206909 0.5688968896865845 0.42618781328201294
0 0.570527195930481 0.42102259397506714 0.5817246437072754 0.4145062565803528 0.5868686437606812 0.42334556579589844 0.5756711959838867 0.4298619031906128
0 0.48921018838882446 0.3924943506717682 0.5016012787818909 0.3877080976963043 0.5052968263626099 0.39727547764778137 0.49290573596954346 0.40206173062324524
0 0.48070475459098816 0.4138091206550598 0.49040600657463074 0.40436625480651855 0.4976727068424225 0.411831796169281 0.4879714548587799 0.42127466201782227
0 0.4138573110103607 0.20800495147705078 0.425540953874588 0.2021920084953308 0.43004968762397766 0.2112542688846588 0.41836604475975037 0.21706721186637878
0 0.41002026200294495 0.1981181651353836 0.42181453108787537 0.19163359701633453 0.4266960322856903 0.20051215589046478 0.4149017632007599 0.20699672400951385
0 0.37296751141548157 0.4533303380012512 0.3826564848423004 0.4418572187423706 0.3908422291278839 0.44877004623413086 0.38115325570106506 0.4602431654930115
0 0.6644943356513977 0.3939109444618225 0.6734041571617126 0.3847074508666992 0.6809750199317932 0.3920367360115051 0.6720651984214783 0.4012402296066284
0 0.5915282368659973 0.43217021226882935 0.6023373007774353 0.42479825019836426 0.6080960631370544 0.4332418441772461 0.5972869992256165 0.4406138062477112
0 0.3694528639316559 0.7013339400291443 0.3846752345561981 0.6924313902854919 0.39046332240104675 0.7023283839225769 0.3752409517765045 0.7112309336662292
0 0.5188208222389221 0.5234779715538025 0.530457079410553 0.511633574962616 0.5381963849067688 0.5192368626594543 0.5265601277351379 0.5310812592506409
0 0.6020209789276123 0.3335767090320587 0.623950719833374 0.32976236939430237 0.6259690523147583 0.34136632084846497 0.6040393114089966 0.3451806604862213
0 0.2738184630870819 0.27032291889190674 0.2809993326663971 0.2598356604576111 0.2896011173725128 0.2657254934310913 0.28242024779319763 0.27621275186538696
0 0.38265880942344666 0.24264083802700043 0.3956015408039093 0.23699136078357697 0.4000794589519501 0.24725012481212616 0.3871367275714874 0.2528995871543884
0 0.6435182690620422 0.4053802788257599 0.6547065377235413 0.3993699848651886 0.6593850255012512 0.4080791175365448 0.6481967568397522 0.4140894114971161
0 0.423540860414505 0.44606858491897583 0.43225958943367004 0.43489426374435425 0.4405461847782135 0.44135987758636475 0.43182745575904846 0.45253419876098633
0 0.3726256787776947 0.675577700138092 0.3861444890499115 0.6680868268013 0.3914927542209625 0.6777389645576477 0.3779739439487457 0.6852298378944397
0 0.47883734107017517 0.3607949912548065 0.4973941743373871 0.35280105471611023 0.5017366409301758 0.36288145184516907 0.48317983746528625 0.37087538838386536
0 0.4929320216178894 0.4187082052230835 0.5050420165061951 0.4124034643173218 0.5099714398384094 0.4218718409538269 0.49786144495010376 0.4281765818595886
0 0.3683156967163086 0.6434497833251953 0.3901762366294861 0.6396170854568481 0.3921632766723633 0.65095055103302 0.3703027367591858 0.6547832489013672
0 0.727139949798584 0.331281453371048 0.7275708913803101 0.3210318982601166 0.7410259246826172 0.3215976059436798 0.7405949831008911 0.3318471610546112
0 0.37073349952697754 0.4034687876701355 0.38148242235183716 0.39633023738861084 0.38710105419158936 0.40479058027267456 0.37635213136672974 0.4119291305541992
0 0.8159208297729492 0.2912430167198181 0.8316291570663452 0.28586381673812866 0.8353869915008545 0.29683738946914673 0.8196786642074585 0.3022165894508362
0 0.3784897029399872 0.7994795441627502 0.3893807828426361 0.7862324118614197 0.39813199639320374 0.7934271693229675 0.3872409164905548 0.8066743016242981
0 0.560156524181366 0.5358028411865234 0.5683608651161194 0.5253973007202148 0.5766260027885437 0.5319141149520874 0.5684216618537903 0.542319655418396
0 0.5478407740592957 0.5539908409118652 0.557089626789093 0.5447529554367065 0.5645273327827454 0.5521996021270752 0.555278480052948 0.5614374876022339
0 0.5752572417259216 0.43088647723197937 0.5859331488609314 0.4218284785747528 0.5925527215003967 0.429630309343338 0.581876814365387 0.4386883080005646
0 0.608986496925354 0.4371073544025421 0.6193453073501587 0.42697641253471375 0.6265687942504883 0.43436238169670105 0.6162099838256836 0.4444933235645294
0 0.2785396873950958 0.2847108840942383 0.29055163264274597 0.2815139889717102 0.29309728741645813 0.291079044342041 0.281085342168808 0.2942759394645691
0 0.4443933963775635 0.36037132143974304 0.4461468458175659 0.3501795828342438 0.45582276582717896 0.35184428095817566 0.4540693163871765 0.3620360195636749
0 0.49304842948913574 0.5662539601325989 0.5002068281173706 0.5553767085075378 0.5090376138687134 0.561188280582428 0.5018792152404785 0.572065532207489
0 0.525312602519989 0.5285463333129883 0.5354078412055969 0.5201013088226318 0.5420743823051453 0.5280704498291016 0.5319791436195374 0.536515474319458
0 0.44750842452049255 0.522750973701477 0.4608059227466583 0.5173197984695435 0.46512773633003235 0.5279010534286499 0.4518302381038666 0.5333322286605835
0 0.5446923971176147 0.5186970829963684 0.5526776313781738 0.5081908106803894 0.5609650611877441 0.5144897103309631 0.5529798269271851 0.5249959826469421
0 0.36856967210769653 0.7245021462440491 0.37992024421691895 0.7149419188499451 0.3869614601135254 0.7233017086982727 0.375610888004303 0.7328619360923767
0 0.5479600429534912 0.5398693680763245 0.5560873746871948 0.5300696492195129 0.5638816356658936 0.536533772945404 0.5557543039321899 0.5463334918022156
0 0.5199758410453796 0.5391847491264343 0.5292233824729919 0.5302024483680725 0.5364834666252136 0.537676990032196 0.5272359251976013 0.5466592907905579
0 0.4448108971118927 0.5420715808868408 0.4514305889606476 0.5296432971954346 0.4612864553928375 0.5348927974700928 0.45466676354408264 0.547321081161499
0 0.548534095287323 0.5214990377426147 0.5538590550422668 0.5099860429763794 0.5638253092765808 0.514595627784729 0.558500349521637 0.5261086225509644
0 0.4715381860733032 0.3589545786380768 0.4813082814216614 0.3536042273044586 0.48615193367004395 0.3624490201473236 0.4763818383216858 0.3677993714809418
0 0.4682565927505493 0.5638487339019775 0.4702345132827759 0.5498300790786743 0.4811323285102844 0.5513676404953003 0.47915440797805786 0.5653862953186035
0 0.5442591309547424 0.61094731092453 0.5539718270301819 0.6004622578620911 0.5619392991065979 0.607842743396759 0.5522266030311584 0.618327796459198
0 0.3361322283744812 0.2091480791568756 0.34773439168930054 0.20731428265571594 0.3492403030395508 0.21684196591377258 0.33763813972473145 0.21867576241493225
0 0.3913031816482544 0.4078226387500763 0.40790748596191406 0.39783164858818054 0.41456663608551025 0.40889862179756165 0.3979623317718506 0.4188896119594574
0 0.5327059626579285 0.39905187487602234 0.5458773970603943 0.39357873797416687 0.5497670769691467 0.4029395878314972 0.5365956425666809 0.40841272473335266
0 0.3181169033050537 0.6758446097373962 0.33654874563217163 0.6747890114784241 0.33719468116760254 0.6860678791999817 0.3187628388404846 0.6871234774589539
0 0.4316953718662262 0.5254466533660889 0.4393664300441742 0.5138250589370728 0.44827166199684143 0.5197031497955322 0.44060060381889343 0.5313247442245483
0 0.5477421879768372 0.37970709800720215 0.5600612759590149 0.37798410654067993 0.5614686608314514 0.3880465626716614 0.5491495728492737 0.3897695541381836
0 0.5355783700942993 0.42748573422431946 0.5456440448760986 0.4203314483165741 0.5513597726821899 0.428373247385025 0.5412940979003906 0.4355275332927704
0 0.5284091234207153 0.575592041015625 0.5378837585449219 0.5669714212417603 0.5448843240737915 0.5746655464172363 0.535409688949585 0.5832861661911011
0 0.5186216831207275 0.416335791349411 0.5291180610656738 0.4111498296260834 0.5334622859954834 0.4199425280094147 0.5229659080505371 0.4251284897327423
0 0.5625622868537903 0.48795950412750244 0.571706235408783 0.47863447666168213 0.5792199969291687 0.4860023260116577 0.570076048374176 0.495327353477478
0 0.4480744004249573 0.543635904788971 0.4539821743965149 0.5311043858528137 0.46359783411026 0.5356375575065613 0.4576900601387024 0.5481690764427185
1 0.6897780895233154 0.9637197256088257 0.8061559200286865 0.9068220853805542 0.8146864175796509 0.9242702722549438 0.6983085870742798 0.9811679124832153
1 0.8296502828598022 0.3889809846878052 0.8396862745285034 0.3682846426963806 0.9031451940536499 0.3990570306777954 0.8931092023849487 0.41975337266921997
0 0.39450228214263916 0.34459424018859863 0.3988036513328552 0.33568084239959717 0.410713255405426 0.34142810106277466 0.40641188621520996 0.3503414988517761
0 0.2861577868461609 0.29909229278564453 0.29899072647094727 0.2906069755554199 0.3050258159637451 0.2997342348098755 0.29219287633895874 0.3082195520401001
0 0.5030485391616821 0.3774847984313965 0.5212186574935913 0.37036794424057007 0.5251539945602417 0.380415141582489 0.5069838762283325 0.38753199577331543
0 0.47464412450790405 0.37488892674446106 0.49095940589904785 0.36377087235450745 0.49760377407073975 0.37352123856544495 0.48128849267959595 0.38463929295539856
0 0.5463830828666687 0.38924214243888855 0.5602428317070007 0.3834187686443329 0.5642316937446594 0.3929122984409332 0.5503719449043274 0.3987356722354889
0 0.5773234367370605 0.4103820323944092 0.5892766714096069 0.4026358127593994 0.5946439504623413 0.41091805696487427 0.5826907157897949 0.41866427659988403
0 0.5812395811080933 0.4064231216907501 0.5846956968307495 0.3965252935886383 0.6042766571044922 0.40336260199546814 0.6008205413818359 0.41326043009757996
0 0.6235145926475525 0.4393730163574219 0.6342632174491882 0.4304085969924927 0.6410201191902161 0.4385104179382324 0.6302714943885803 0.4474748373031616
0 0.6046525239944458 0.47040632367134094 0.6055350303649902 0.45875272154808044 0.6159906387329102 0.45954450964927673 0.6151081323623657 0.47119811177253723
0 0.5951669812202454 0.45686691999435425 0.6005656123161316 0.4468611478805542 0.6094463467597961 0.4516527056694031 0.6040477156639099 0.4616584777832031
0 0.6046534180641174 0.4739548861980438 0.6104171872138977 0.46328046917915344 0.6198471188545227 0.46837225556373596 0.6140833497047424 0.47904667258262634
0 0.6107185482978821 0.3967677354812622 0.6251950860023499 0.38622283935546875 0.6316656470298767 0.39510589838027954 0.6171891093254089 0.405650794506073
0 0.4115426242351532 0.3932720422744751 0.42784383893013 0.3857179880142212 0.43233004212379456 0.39539891481399536 0.41602882742881775 0.40295296907424927
0 0.3993077874183655 0.3892286717891693 0.4135744571685791 0.3856205642223358 0.41593998670578003 0.39497408270835876 0.4016733169555664 0.39858219027519226
0 0.3835131824016571 0.4232326149940491 0.39692071080207825 0.4129369258880615 0.4034777581691742 0.421475887298584 0.39007022976875305 0.43177157640457153
0 0.40904831886291504 0.4437858462333679 0.4154014587402344 0.4323044419288635 0.4240013360977173 0.4370630979537964 0.41764819622039795 0.4485445022583008
0 0.3594035506248474 0.45240920782089233 0.36599183082580566 0.43683481216430664 0.37934768199920654 0.4424845576286316 0.3727594017982483 0.4580589532852173
0 0.45144322514533997 0.520179808139801 0.45953646302223206 0.5102984309196472 0.46749451756477356 0.5168164372444153 0.45940127968788147 0.5266978144645691
0 0.454746812582016 0.524299144744873 0.45716050267219543 0.5134398937225342 0.4671625792980194 0.5156630277633667 0.46474888920783997 0.5265222787857056
0 0.47160962224006653 0.5187990665435791 0.483138769865036 0.5110267400741577 0.4890657365322113 0.5198185443878174 0.4775365889072418 0.5275908708572388
0 0.4928607940673828 0.5219766497612 0.499769926071167 0.5095639824867249 0.5091025829315186 0.5147587656974792 0.5021934509277344 0.5271714329719543
0 0.5146082043647766 0.5199788808822632 0.5256331562995911 0.5099331140518188 0.53226238489151 0.5172085762023926 0.5212374329566956 0.5272543430328369
0 0.4967094659805298 0.5515611171722412 0.50425124168396 0.5415797233581543 0.5121372938156128 0.5475382804870605 0.5045955181121826 0.5575196743011475
0 0.4160078167915344 0.5230270624160767 0.42091161012649536 0.5099436044692993 0.43104052543640137 0.513740062713623 0.42613673210144043 0.5268235206604004
0 0.5232899188995361 0.6040915846824646 0.5332878828048706 0.595335066318512 0.5401347875595093 0.6031525731086731 0.5301368236541748 0.6119090914726257
0 0.5264002084732056 0.5910549163818359 0.5366592407226562 0.5811606645584106 0.5437172651290894 0.5884789228439331 0.5334582328796387 0.5983731746673584
0 0.5321177840232849 0.6187041997909546 0.5417539477348328 0.6099976301193237 0.5486181378364563 0.6175947189331055 0.5389819741249084 0.6263012886047363
0 0.5030645728111267 0.6150392889976501 0.5094514489173889 0.6041497588157654 0.517859160900116 0.609080970287323 0.5114722847938538 0.6199705004692078
0 0.4958611726760864 0.610477089881897 0.5063070058822632 0.6017580032348633 0.5125904083251953 0.609285831451416 0.5021445751190186 0.6180049180984497
0 0.49862268567085266 0.6128299236297607 0.5070943236351013 0.6018989086151123 0.5146814584732056 0.6077790260314941 0.5062097907066345 0.6187100410461426
0 0.5006985664367676 0.6133113503456116 0.5085092782974243 0.6035316586494446 0.5159178972244263 0.6094487309455872 0.5081071853637695 0.6192284226417542
0 0.38717466592788696 0.7470830678939819 0.4038826823234558 0.7378922700881958 0.40895235538482666 0.7471084594726562 0.3922443389892578 0.7562992572784424
0 0.23386581242084503 0.7907894253730774 0.2473243623971939 0.7871531844139099 0.2498794049024582 0.7966100573539734 0.23642085492610931 0.8002462983131409
0 0.09402438998222351 0.8872101306915283 0.10435329377651215 0.8828409910202026 0.10962027311325073 0.8952924013137817 0.0992913693189621 0.8996615409851074
0 0.10634467005729675 0.8722734451293945 0.10810181498527527 0.8619846105575562 0.12266707420349121 0.8644721508026123 0.1209099292755127 0.8747609853744507
0 0.06177201122045517 0.8964843153953552 0.07840298861265182 0.8931967616081238 0.08042474836111069 0.9034243226051331 0.06379377096891403 0.9067118763923645
