0 0.053433019667863846 0.3494771718978882 0.06497830897569656 0.3471561670303345 0.06800544261932373 0.3622139096260071 0.056460149586200714 0.3645349144935608
0 0.15191274881362915 0.34438735246658325 0.16105633974075317 0.3369518518447876 0.17167863249778748 0.35001426935195923 0.16253504157066345 0.3574497699737549
0 0.03154485672712326 0.37141746282577515 0.0431385338306427 0.36649590730667114 0.0494217649102211 0.38129723072052 0.03782808780670166 0.386218786239624
0 0.28712397813796997 0.5654184222221375 0.2879232168197632 0.5524188876152039 0.2978799343109131 0.5530310273170471 0.2970806956291199 0.5660305619239807
0 0.03229556232690811 0.30182743072509766 0.04077526926994324 0.29373103380203247 0.05207294225692749 0.3055635690689087 0.043593235313892365 0.3136599659919739
0 0.16017167270183563 0.35534921288490295 0.1686190515756607 0.3482304513454437 0.17837674915790558 0.3598092496395111 0.1699293702840805 0.36692801117897034
0 0.17585644125938416 0.33068719506263733 0.18482738733291626 0.32435664534568787 0.1934128701686859 0.33652302622795105 0.1844419240951538 0.3428535759449005
0 0.14566239714622498 0.31500908732414246 0.15462732315063477 0.3086712658405304 0.16323643922805786 0.3208489716053009 0.15427151322364807 0.32718679308891296
0 0.07443398237228394 0.34419938921928406 0.08340497314929962 0.33786889910697937 0.09199045598506927 0.3500354588031769 0.08301946520805359 0.35636594891548157
0 0.15219974517822266 0.28480392694473267 0.16574406623840332 0.2802199125289917 0.17082026600837708 0.2952183485031128 0.1572759449481964 0.29980236291885376
0 0.2445884346961975 0.3808629810810089 0.2503994405269623 0.3729839026927948 0.26099836826324463 0.38080087304115295 0.25518736243247986 0.38867995142936707
