0 0.5799776315689087 0.7346388697624207 0.5878596305847168 0.7207034230232239 0.5977617502212524 0.7263041138648987 0.5898797512054443 0.7402395606040955
0 0.6037216782569885 0.732078492641449 0.6073443293571472 0.7202902436256409 0.6176669001579285 0.7234625220298767 0.6140442490577698 0.7352507710456848
0 0.6067847609519958 0.7445269823074341 0.6147416234016418 0.7338906526565552 0.6240021586418152 0.7408183813095093 0.6160452961921692 0.7514547109603882
0 0.6221086382865906 0.7065444588661194 0.6326715350151062 0.704602062702179 0.6348547339439392 0.7164745926856995 0.6242918372154236 0.7184169888496399
0 0.637840986251831 0.7422388792037964 0.6440566778182983 0.731751561164856 0.6529859304428101 0.7370438575744629 0.6467702388763428 0.7475311756134033
0 0.7451265454292297 0.6899738907814026 0.7455125451087952 0.6782210469245911 0.7590371966362 0.6786653399467468 0.7586511969566345 0.6904181838035583
0 0.68805330991745 0.7221938371658325 0.6946938633918762 0.710861086845398 0.7042825818061829 0.7164796590805054 0.6976420283317566 0.7278124094009399
0 0.6954671144485474 0.7133952379226685 0.7059763669967651 0.7133952379226685 0.7059763669967651 0.7247911691665649 0.6954671144485474 0.7247911691665649
0 0.6994041800498962 0.7239379286766052 0.7000885605812073 0.7117630839347839 0.7105980515480042 0.7123538851737976 0.7099136710166931 0.7245287299156189
1 0.5260504484176636 0.30626147985458374 0.5700492858886719 0.2994377017021179 0.5724970102310181 0.3152202367782593 0.5284981727600098 0.3220440149307251
