0 0.6646715402603149 0.014349328354001045 0.666353702545166 0.0005643288604915142 0.7136883735656738 0.0063404664397239685 0.7120062112808228 0.020125465467572212
0 0.9117335677146912 0.03919688239693642 0.91249018907547 0.026069412007927895 0.9501447081565857 0.02823968604207039 0.9493880867958069 0.04136715829372406
0 0.7021976709365845 0.08466290682554245 0.7030465602874756 0.07113351672887802 0.7475371360778809 0.07392505556344986 0.7466882467269897 0.08745444566011429
0 0.6894720196723938 0.15647833049297333 0.7281611561775208 0.1473207026720047 0.7312555909156799 0.16039426624774933 0.692566454410553 0.16955189406871796
0 0.7578562498092651 0.2180812954902649 0.7843657732009888 0.20500925183296204 0.7897040843963623 0.2158350944519043 0.7631945610046387 0.22890713810920715
0 0.8157089948654175 0.08728619664907455 0.8162291049957275 0.07497074455022812 0.8482214212417603 0.07632192224264145 0.8477013111114502 0.08863737434148788
0 0.2955700159072876 0.15529316663742065 0.3081355690956116 0.14314645528793335 0.31585365533828735 0.15113067626953125 0.3032881021499634 0.16327738761901855
0 0.7530210614204407 0.37162235379219055 0.7725769877433777 0.36604949831962585 0.7755900025367737 0.3766224682331085 0.7560340762138367 0.3821953237056732
0 0.6678741574287415 0.00780639611184597 0.6695054173469543 -0.002642996609210968 0.6880961060523987 0.00025911256670951843 0.6864648461341858 0.010708505287766457
0 0.8108736276626587 0.19239339232444763 0.8379325866699219 0.17908278107643127 0.8432084321975708 0.18980804085731506 0.8161494731903076 0.20311865210533142
0 0.31734025478363037 0.19477930665016174 0.327264666557312 0.19140124320983887 0.33151280879974365 0.2038818895816803 0.321588397026062 0.20725995302200317
0 0.39097297191619873 0.6164411902427673 0.4024035930633545 0.6115228533744812 0.4101139307022095 0.6294422745704651 0.3986833095550537 0.6343606114387512
0 0.7841577529907227 0.3679232895374298 0.8062096834182739 0.3594311773777008 0.8101924657821655 0.3697735369205475 0.7881405353546143 0.3782656490802765
0 0.9468156695365906 0.40196335315704346 0.9575476050376892 0.38629722595214844 0.9675931334495544 0.39317888021469116 0.9568611979484558 0.4088450074195862
0 0.36432182788848877 0.5536351799964905 0.3757932782173157 0.5506202578544617 0.37936580181121826 0.5642133355140686 0.36789435148239136 0.5672282576560974
0 0.38294661045074463 0.5611085295677185 0.38616126775741577 0.5450673699378967 0.39827579259872437 0.5474951863288879 0.3950611352920532 0.5635363459587097
0 0.407780259847641 0.5681158900260925 0.40933874249458313 0.5541804432868958 0.42134973406791687 0.555523693561554 0.41979125142097473 0.5694591403007507
1 0.8368288278579712 0.16349481046199799 0.8412574529647827 0.14859308302402496 0.8914773464202881 0.16351787745952606 0.8870487213134766 0.17841960489749908
1 0.9274499416351318 0.3808084726333618 0.9527815580368042 0.3659272789955139 0.9596704244613647 0.37765389680862427 0.9343388080596924 0.39253509044647217
0 0.9144730567932129 0.4160882234573364 0.9186261892318726 0.40336424112319946 0.9288290739059448 0.4066944718360901 0.9246759414672852 0.41941845417022705
0 0.8840081691741943 0.3996211886405945 0.8969923257827759 0.387750506401062 0.904273271560669 0.3957144021987915 0.8912891149520874 0.407585084438324
0 0.8915878534317017 0.42084670066833496 0.8975050449371338 0.4068722724914551 0.907679557800293 0.41118043661117554 0.9017623662948608 0.4251548647880554
0 0.895728349685669 0.4249853491783142 0.9059405326843262 0.41893744468688965 0.9109697341918945 0.4274296164512634 0.9007575511932373 0.433477520942688
0 0.8632763624191284 0.42905157804489136 0.8709399700164795 0.417671799659729 0.8796557188034058 0.42354142665863037 0.8719921112060547 0.4349212050437927
0 0.8791882395744324 0.43020930886268616 0.8857241272926331 0.41826799511909485 0.8946961760520935 0.4231787621974945 0.8881602883338928 0.4351200759410858
0 0.8429466485977173 0.4098389148712158 0.8572254180908203 0.3998863697052002 0.8634647130966187 0.4088376760482788 0.8491859436035156 0.41879022121429443
0 0.8371938467025757 0.4119027256965637 0.8435935974121094 0.4038783311843872 0.8543069362640381 0.41242271661758423 0.8479071855545044 0.42044711112976074
0 0.83078533411026 0.42097046971321106 0.8370416760444641 0.40859922766685486 0.845937192440033 0.4130978286266327 0.8396808505058289 0.4254690706729889
0 0.7172865271568298 0.3614676892757416 0.7356837391853333 0.35583916306495667 0.7387139201164246 0.3657437264919281 0.7203167080879211 0.371372252702713
0 0.6950544714927673 0.34367838501930237 0.7098644375801086 0.3395976722240448 0.7127571702003479 0.3500961363315582 0.6979472041130066 0.3541768491268158
0 0.4434157609939575 0.6657711863517761 0.4502665400505066 0.656606137752533 0.464557409286499 0.6672884821891785 0.45770663022994995 0.6764535307884216
0 0.5890145301818848 0.55400550365448 0.5993324518203735 0.5508768558502197 0.6032460927963257 0.5637836456298828 0.5929281711578369 0.5669122934341431
