0 0.2721009850502014 0.7010908126831055 0.290330171585083 0.693812370300293 0.29536789655685425 0.7064294815063477 0.27713871002197266 0.7137079238891602
0 0.19828073680400848 0.712428629398346 0.2189098447561264 0.7052623629570007 0.22346897423267365 0.7183864712715149 0.20283986628055573 0.7255527377128601
0 0.48589006066322327 0.8250942826271057 0.511555552482605 0.8147451281547546 0.5165396928787231 0.827105700969696 0.49087417125701904 0.8374548554420471
0 0.1892099380493164 0.685086190700531 0.20682039856910706 0.6749462485313416 0.21378716826438904 0.6870458722114563 0.1961767077445984 0.6971858143806458
0 0.17775188386440277 0.7275541424751282 0.19636119902133942 0.7216088175773621 0.20034350454807281 0.7340736985206604 0.18173418939113617 0.7400190234184265
0 0.27889707684516907 0.7423144578933716 0.28839513659477234 0.7346850633621216 0.29992637038230896 0.7490406036376953 0.2904283106327057 0.7566699981689453
0 0.16389086842536926 0.7172151207923889 0.1910209357738495 0.7091920971870422 0.1944533884525299 0.7207991480827332 0.16732332110404968 0.7288221716880798
0 0.42501047253608704 0.8879662156105042 0.44627663493156433 0.8879662156105042 0.44627663493156433 0.9016624093055725 0.42501047253608704 0.9016624093055725
0 0.22424301505088806 0.6937770843505859 0.2419254183769226 0.6867101192474365 0.24599182605743408 0.6968848705291748 0.22830942273139954 0.7039518356323242
0 0.20432989299297333 0.7340632677078247 0.22458629310131073 0.7287029027938843 0.22759445011615753 0.7400705814361572 0.20733805000782013 0.7454309463500977
0 0.1876356154680252 0.8247077465057373 0.19300509989261627 0.8140379190444946 0.21706385910511017 0.8261451721191406 0.2116943746805191 0.8368149995803833
0 0.21750429272651672 0.7110707759857178 0.23694556951522827 0.6989394426345825 0.24308499693870544 0.7087782621383667 0.2236437201499939 0.720909595489502
0 0.22841227054595947 0.698725700378418 0.2470766305923462 0.6946966648101807 0.24947458505630493 0.7058050632476807 0.2308102250099182 0.709834098815918
0 0.44563356041908264 0.8516741394996643 0.44797006249427795 0.8403550982475281 0.47037020325660706 0.8449789881706238 0.46803370118141174 0.85629802942276
0 0.2411556839942932 0.7955014109611511 0.2535191774368286 0.7845399975776672 0.26090049743652344 0.7928654551506042 0.24853700399398804 0.8038268685340881
0 0.218520388007164 0.7488879561424255 0.23459945619106293 0.7429302334785461 0.2384159117937088 0.7532302737236023 0.22233684360980988 0.7591879963874817
0 0.47136253118515015 0.8449501395225525 0.4740144610404968 0.8335043787956238 0.49442726373672485 0.838234007358551 0.4917753338813782 0.8496797680854797
0 0.14069369435310364 0.7010666131973267 0.16633298993110657 0.6969150304794312 0.1682795286178589 0.7089365720748901 0.14264023303985596 0.7130881547927856
0 0.5145941972732544 0.9010703563690186 0.5383434295654297 0.8946504592895508 0.541391134262085 0.905924916267395 0.5176419019699097 0.9123448133468628
0 0.16331076622009277 0.8882677555084229 0.16930103302001953 0.8781166076660156 0.1871819794178009 0.8886682987213135 0.18119171261787415 0.8988194465637207
0 0.18790552020072937 0.7986661791801453 0.1929095983505249 0.7884247899055481 0.20917072892189026 0.7963702082633972 0.20416665077209473 0.8066115975379944
0 0.24477741122245789 0.7242016792297363 0.2454080879688263 0.7131837606430054 0.2632947862148285 0.714207649230957 0.2626641094684601 0.725225567817688
0 0.24599876999855042 0.7744948267936707 0.2635590136051178 0.7715213894844055 0.26536551117897034 0.7821901440620422 0.24780526757240295 0.7851635813713074
0 0.4877876043319702 0.869527280330658 0.5071161985397339 0.8639526963233948 0.510361909866333 0.8752065300941467 0.49103331565856934 0.8807811141014099
0 0.21111154556274414 0.8259598612785339 0.21340620517730713 0.8149015307426453 0.23264360427856445 0.8188933730125427 0.23034894466400146 0.8299517035484314
0 0.40000438690185547 0.8777768611907959 0.4158908724784851 0.8607841730117798 0.42500603199005127 0.8693059682846069 0.40911954641342163 0.886298656463623
0 0.27925190329551697 0.251740038394928 0.29931673407554626 0.24326834082603455 0.3036692440509796 0.2535771131515503 0.2836044132709503 0.2620488107204437
0 0.14114563167095184 0.9150516986846924 0.1486867517232895 0.9066644906997681 0.16052161157131195 0.9173054695129395 0.1529804915189743 0.9256926774978638
0 0.207774817943573 0.8133215308189392 0.2080889344215393 0.8019139170646667 0.22767922282218933 0.802453339099884 0.22736510634422302 0.8138609528541565
0 0.2875806391239166 0.31533753871917725 0.3129611909389496 0.3115396499633789 0.3146877586841583 0.3230781555175781 0.28930720686912537 0.32687604427337646
0 0.29175418615341187 0.7218813300132751 0.308993935585022 0.7187138199806213 0.3109912872314453 0.7295847535133362 0.2937515377998352 0.73275226354599
0 0.24460327625274658 0.7084934115409851 0.26069700717926025 0.7073126435279846 0.26147228479385376 0.7178800702095032 0.2453785538673401 0.7190608382225037
0 0.18141525983810425 0.6979002356529236 0.1980520784854889 0.6883013844490051 0.20485863089561462 0.7000985741615295 0.18822181224822998 0.709697425365448
0 0.47822490334510803 0.8893715143203735 0.4791436493396759 0.8776994943618774 0.5009992122650146 0.8794198036193848 0.5000804662704468 0.8910918235778809
0 0.30079805850982666 0.2728307545185089 0.3180195093154907 0.26622942090034485 0.3219985365867615 0.27660974860191345 0.3047770857810974 0.2832110822200775
0 0.4310072064399719 0.8625665307044983 0.4491322636604309 0.858207643032074 0.45171624422073364 0.8689525723457336 0.43359118700027466 0.873311460018158
0 0.24705550074577332 0.694698691368103 0.26122865080833435 0.6901543140411377 0.26447930932044983 0.7002925872802734 0.2503061592578888 0.7048369646072388
0 0.103263720870018 0.7609670758247375 0.12021581828594208 0.7546098828315735 0.12415732443332672 0.7651204466819763 0.10720522701740265 0.7714776396751404
0 0.21450282633304596 0.7982046604156494 0.21709318459033966 0.7882703542709351 0.23071865737438202 0.7918232679367065 0.22812829911708832 0.8017575740814209
0 0.5107013583183289 0.8597114086151123 0.5287098288536072 0.85966956615448 0.5287389159202576 0.8721874952316284 0.5107304453849792 0.8722293376922607
0 0.1979079246520996 0.6766890287399292 0.19847506284713745 0.6660959720611572 0.2144140899181366 0.6669493913650513 0.21384695172309875 0.6775424480438232
0 0.28720787167549133 0.7120788097381592 0.3016795217990875 0.7077090740203857 0.30471178889274597 0.7177512645721436 0.2902401387691498 0.722121000289917
0 0.17238421738147736 0.704804003238678 0.18280668556690216 0.6967546343803406 0.18921460211277008 0.7050517201423645 0.17879213392734528 0.7131010890007019
0 0.24775102734565735 0.763864278793335 0.24948403239250183 0.7534375190734863 0.26494917273521423 0.7560079097747803 0.26321616768836975 0.7664346694946289
0 0.28905588388442993 0.32989367842674255 0.3069600462913513 0.3281181752681732 0.30803292989730835 0.33893701434135437 0.29012876749038696 0.3407125174999237
0 0.24857884645462036 0.834300696849823 0.2495470643043518 0.8229897618293762 0.2681424021720886 0.8245815634727478 0.2671741843223572 0.8358924984931946
0 0.205702543258667 0.7053506970405579 0.21759149432182312 0.6947173476219177 0.22493749856948853 0.702930748462677 0.2130485475063324 0.7135640978813171
0 0.43496933579444885 0.8777876496315002 0.43988344073295593 0.8680165410041809 0.45421257615089417 0.8752228617668152 0.4492984712123871 0.8849939703941345
0 0.5282490253448486 0.8236305713653564 0.5420068502426147 0.8214685916900635 0.5436160564422607 0.8317090272903442 0.5298582315444946 0.8338710069656372
0 0.14535260200500488 0.9061290621757507 0.14895346760749817 0.8960087895393372 0.16576066613197327 0.9019889235496521 0.16215980052947998 0.9121091961860657
0 0.285573273897171 0.7510626912117004 0.3002025783061981 0.7483780980110168 0.3021102249622345 0.7587736248970032 0.2874809205532074 0.7614582180976868
0 0.6242135763168335 0.4916589558124542 0.6378204822540283 0.4809410870075226 0.645929217338562 0.4912355840206146 0.6323223114013672 0.5019534826278687
0 0.2093815952539444 0.7219526171684265 0.22402916848659515 0.7195482850074768 0.22572444379329681 0.7298762202262878 0.21107687056064606 0.7322805523872375
0 0.11967828869819641 0.7733935117721558 0.13548050820827484 0.7701281309127808 0.13762038946151733 0.780483603477478 0.1218181699514389 0.783748984336853
0 0.12685270607471466 0.7890758514404297 0.1288684457540512 0.779017448425293 0.14292164146900177 0.7818337678909302 0.14090590178966522 0.7918921709060669
0 0.1416538804769516 0.7381629943847656 0.1549297720193863 0.7343573570251465 0.15774397552013397 0.744174599647522 0.14446808397769928 0.7479802370071411
0 0.5273854732513428 0.8308771252632141 0.5393533706665039 0.8222525715827942 0.5456856489181519 0.8310394883155823 0.5337177515029907 0.8396640419960022
0 0.4952760934829712 0.8494162559509277 0.5134215354919434 0.847015380859375 0.5148823261260986 0.8580563068389893 0.49673688411712646 0.860457181930542
0 0.22410769760608673 0.7593701481819153 0.23808853328227997 0.7574217915534973 0.2394876927137375 0.7674617171287537 0.22550685703754425 0.7694100737571716
0 0.28667783737182617 0.32794418931007385 0.3026953935623169 0.324308305978775 0.30497217178344727 0.3343384563922882 0.28895461559295654 0.33797433972358704
0 0.27683988213539124 0.30072298645973206 0.27860018610954285 0.29043516516685486 0.29435017704963684 0.2931300699710846 0.29258987307548523 0.3034178912639618
0 0.2897716164588928 0.25584837794303894 0.30283838510513306 0.2496083527803421 0.3074261546134949 0.25921526551246643 0.29435938596725464 0.26545530557632446
0 0.16274122893810272 0.656461238861084 0.1709604412317276 0.646903395652771 0.18391810357570648 0.6580463647842407 0.1756988912820816 0.6676042079925537
0 0.5304949283599854 0.8686844110488892 0.5466010570526123 0.8651089668273926 0.5490717887878418 0.8762390613555908 0.5329656600952148 0.8798145055770874
0 0.19246593117713928 0.8784210085868835 0.1953200399875641 0.8679245114326477 0.2122339904308319 0.8725236058235168 0.2093798816204071 0.8830201029777527
0 0.11158616840839386 0.7830818891525269 0.12441994249820709 0.7802677154541016 0.1266157180070877 0.7902812957763672 0.11378194391727448 0.7930954694747925
0 0.294018417596817 0.7316133975982666 0.3080233633518219 0.7273555994033813 0.3109762966632843 0.7370686531066895 0.2969713509082794 0.7413264513015747
0 0.24522079527378082 0.770086944103241 0.2581470012664795 0.7673035264015198 0.26028525829315186 0.7772336602210999 0.247359037399292 0.780017077922821
0 0.16983698308467865 0.6792674660682678 0.1826675981283188 0.6748012900352478 0.1860373169183731 0.6844817996025085 0.17320670187473297 0.6889479756355286
0 0.538104772567749 0.8148372769355774 0.5516960620880127 0.8100644946098328 0.5551338195800781 0.819854199886322 0.5415425300598145 0.8246269822120667
0 0.14432522654533386 0.7417619228363037 0.1583520770072937 0.7404471635818481 0.15931832790374756 0.7507556676864624 0.14529147744178772 0.752070426940918
0 0.2385810762643814 0.700924813747406 0.24995660781860352 0.6953356862068176 0.25435417890548706 0.7042860388755798 0.24297863245010376 0.7098751664161682
0 0.1266014575958252 0.7441195845603943 0.1398928165435791 0.7432966828346252 0.14055228233337402 0.7539491057395935 0.12726092338562012 0.7547720074653625
0 0.2284822165966034 0.7733627557754517 0.24221450090408325 0.7706235647201538 0.24425208568572998 0.7808384895324707 0.23051980137825012 0.7835776805877686
0 0.14482569694519043 0.7433523535728455 0.1589803397655487 0.7419660687446594 0.16000911593437195 0.7524701952934265 0.14585447311401367 0.7538564801216125
0 0.1525534987449646 0.6861200928688049 0.16678974032402039 0.6842287182807922 0.16814228892326355 0.6944093108177185 0.15390604734420776 0.6963006854057312
0 0.13071884214878082 0.7932263016700745 0.13217364251613617 0.783176600933075 0.1470073014497757 0.7853239178657532 0.14555250108242035 0.7953736186027527
0 0.2857118844985962 0.3246046006679535 0.2989293336868286 0.3217546045780182 0.30099016427993774 0.3313121497631073 0.2877727150917053 0.3341621458530426
0 0.1869838982820511 0.8535621762275696 0.18944130837917328 0.8426486849784851 0.20784498751163483 0.8467927575111389 0.20538757741451263 0.8577062487602234
0 0.23037436604499817 0.8029298186302185 0.2544194161891937 0.8001959919929504 0.2557182013988495 0.811619222164154 0.23167315125465393 0.8143530488014221
0 0.30875685811042786 0.35406139492988586 0.3221554458141327 0.34622427821159363 0.32735708355903625 0.3551171123981476 0.3139584958553314 0.3629542291164398
0 0.5107787251472473 0.8342496752738953 0.5224620699882507 0.8264723420143127 0.5282495617866516 0.8351663947105408 0.5165662169456482 0.8429437279701233
0 0.21293221414089203 0.6741927266120911 0.21343176066875458 0.6640010476112366 0.22624312341213226 0.6646290421485901 0.22574357688426971 0.6748207211494446
0 0.45574089884757996 0.8356518745422363 0.46486178040504456 0.8259696960449219 0.47263219952583313 0.8332897424697876 0.46351131796836853 0.842971920967102
0 0.23518531024456024 0.7307125926017761 0.2484539896249771 0.7265120148658752 0.25159162282943726 0.7364230751991272 0.2383229285478592 0.7406236529350281
0 0.2113092541694641 0.7472220659255981 0.22369277477264404 0.7401953935623169 0.22877037525177002 0.7491439580917358 0.2163868546485901 0.7561706304550171
0 0.2951589822769165 0.7378494143486023 0.30773234367370605 0.7363821864128113 0.3088815212249756 0.7462299466133118 0.29630815982818604 0.7476971745491028
0 0.3012910485267639 0.3464232385158539 0.3153817057609558 0.34190014004707336 0.31852662563323975 0.35169747471809387 0.30443596839904785 0.3562205731868744
0 0.14049981534481049 0.7866692543029785 0.14183475077152252 0.7767113447189331 0.15606935322284698 0.778619647026062 0.15473441779613495 0.7885775566101074
0 0.16044719517230988 0.6855706572532654 0.17387844622135162 0.6838472485542297 0.1752016693353653 0.6941600441932678 0.16177041828632355 0.6958834528923035
0 0.3053807020187378 0.34492582082748413 0.305594801902771 0.3351065516471863 0.318847119808197 0.33539557456970215 0.3186330199241638 0.34521484375
0 0.5378125905990601 0.8050177693367004 0.5492734909057617 0.7970067858695984 0.5552953481674194 0.8056220412254333 0.5438344478607178 0.8136330246925354
0 0.15506038069725037 0.8490203619003296 0.15961956977844238 0.8390692472457886 0.17411381006240845 0.8457099199295044 0.16955462098121643 0.8556610345840454
0 0.17408786714076996 0.8129163980484009 0.19241519272327423 0.8087852001190186 0.19480662047863007 0.8193944692611694 0.1764792948961258 0.8235256671905518
0 0.12627971172332764 0.7665053606033325 0.12670767307281494 0.7565963268280029 0.14000624418258667 0.7571706771850586 0.13957828283309937 0.7670797109603882
0 0.12112180888652802 0.7662115693092346 0.13313071429729462 0.7649121880531311 0.1341867595911026 0.7746725678443909 0.122177854180336 0.7759719491004944
0 0.08836108446121216 0.9859123229980469 0.10202766954898834 0.9804801940917969 0.10583876073360443 0.9900684356689453 0.09217217564582825 0.9955005645751953
0 0.21405494213104248 0.80256187915802 0.21548864245414734 0.7927185297012329 0.22968071699142456 0.7947856187820435 0.2282470166683197 0.8046289682388306
0 0.4748668968677521 0.8506004214286804 0.48657992482185364 0.8444823622703552 0.49133190512657166 0.8535800576210022 0.4796188771724701 0.8596981167793274
0 0.17840518057346344 0.833037793636322 0.17903466522693634 0.8210985064506531 0.18911264836788177 0.8216298222541809 0.18848316371440887 0.8335691094398499
0 0.2922028601169586 0.3111317753791809 0.30256620049476624 0.3027333617210388 0.308898001909256 0.31054651737213135 0.29853466153144836 0.31894493103027344
0 0.279624342918396 0.3311840295791626 0.2931388020515442 0.3274511694908142 0.2957739233970642 0.3369913697242737 0.282259464263916 0.34072422981262207
0 0.5308486819267273 0.8357154130935669 0.5443469882011414 0.8341343402862549 0.5455124974250793 0.844084620475769 0.5320141911506653 0.845665693283081
0 0.289605051279068 0.2924446761608124 0.29595938324928284 0.2842380702495575 0.30656763911247253 0.29245200753211975 0.3002133071422577 0.30065861344337463
0 0.17826512455940247 0.6719074845314026 0.18954002857208252 0.671881377696991 0.1895621418952942 0.6814493536949158 0.17828723788261414 0.6814754605293274
0 0.234909325838089 0.3813953399658203 0.2510386109352112 0.37512314319610596 0.2547683119773865 0.3847142457962036 0.23863902688026428 0.39098644256591797
0 0.2873017489910126 0.30048149824142456 0.29956528544425964 0.29577064514160156 0.30309411883354187 0.3049570322036743 0.2908305823802948 0.3096678853034973
0 0.28787097334861755 0.7268096208572388 0.2980802357196808 0.7220762968063354 0.3021085560321808 0.7307649850845337 0.29189929366111755 0.735498309135437
0 0.24223396182060242 0.7220450639724731 0.24274981021881104 0.7124725580215454 0.2534138262271881 0.7130472660064697 0.2528979778289795 0.7226197719573975
1 0.20009605586528778 1.002421259880066 0.20332230627536774 0.9893665313720703 0.2529035210609436 1.0016196966171265 0.24967728555202484 1.014674425125122
1 0.1412906050682068 0.9781057238578796 0.15688768029212952 0.9771772027015686 0.15886351466178894 1.0103669166564941 0.1432664394378662 1.0112953186035156
0 0.4535680413246155 0.864739716053009 0.47124385833740234 0.8632581830024719 0.4721335768699646 0.8738731741905212 0.45445775985717773 0.8753547072410583
0 0.5129882097244263 0.7902799248695374 0.5266739130020142 0.7876649498939514 0.5286028385162354 0.797760546207428 0.5149171352386475 0.8003755211830139
0 0.5360127091407776 0.8015986084938049 0.550699770450592 0.7961744666099548 0.5543223023414612 0.8059832453727722 0.5396352410316467 0.8114073872566223
0 0.4773807227611542 0.8306071758270264 0.4780280292034149 0.8206294775009155 0.49433836340904236 0.8216876983642578 0.4936910569667816 0.8316653966903687
0 0.2629568576812744 0.7625401616096497 0.27710986137390137 0.7617921233177185 0.27760469913482666 0.7711552977561951 0.2634516954421997 0.7719033360481262
0 0.2287369668483734 0.7741478681564331 0.2288786768913269 0.7645642757415771 0.2426072061061859 0.7647672891616821 0.24246549606323242 0.7743508815765381
0 0.2748299539089203 0.7830890417098999 0.28396907448768616 0.7741513252258301 0.29093506932258606 0.7812743186950684 0.2817959487438202 0.7902120351791382
0 0.07363943755626678 0.7827183604240417 0.0877087414264679 0.7825399041175842 0.08783431351184845 0.792439877986908 0.07376500964164734 0.7926183342933655
0 0.0885343849658966 0.7680253982543945 0.08871161937713623 0.7576984167098999 0.10623952746391296 0.7579993009567261 0.10606229305267334 0.7683262825012207
0 0.09976056218147278 0.7531824111938477 0.11375764012336731 0.7506595849990845 0.1155550479888916 0.7606319189071655 0.10155797004699707 0.7631547451019287
0 0.10985136777162552 0.7777092456817627 0.10985136777162552 0.7676351070404053 0.12288448959589005 0.7676351070404053 0.12288448959589005 0.7777092456817627
0 0.10955969989299774 0.7791528105735779 0.10995618999004364 0.7693911194801331 0.12404853105545044 0.7699635624885559 0.12365204095840454 0.7797252535820007
0 0.10527094453573227 0.7843457460403442 0.10543962568044662 0.7748260498046875 0.1181686744093895 0.7750515937805176 0.11799999326467514 0.7845712900161743
0 0.11236511915922165 0.7528321743011475 0.1233726292848587 0.743348240852356 0.13006240129470825 0.7511128187179565 0.1190548986196518 0.760596752166748
0 0.13870100677013397 0.7551276087760925 0.15180887281894684 0.7544938921928406 0.1522795408964157 0.7642301917076111 0.13917167484760284 0.764863908290863
0 0.15507978200912476 0.7306690216064453 0.1699133813381195 0.728151798248291 0.1715317964553833 0.7376890182495117 0.15669819712638855 0.740206241607666
0 0.12297113984823227 0.7296668887138367 0.13563159108161926 0.7241631150245667 0.1396026611328125 0.7332977652549744 0.1269422173500061 0.7388015389442444
0 0.18337230384349823 0.7309514284133911 0.19887785613536835 0.7256511449813843 0.20226095616817474 0.7355481386184692 0.18675540387630463 0.7408484220504761
0 0.24128741025924683 0.7018763422966003 0.25214993953704834 0.6961625218391418 0.25665050745010376 0.7047185301780701 0.24578797817230225 0.7104323506355286
0 0.168777734041214 0.8157688975334167 0.17860758304595947 0.8129449486732483 0.18205589056015015 0.8249483704566956 0.17222604155540466 0.827772319316864
0 0.2990449368953705 0.3590191900730133 0.31062379479408264 0.35492071509361267 0.31392374634742737 0.36424365639686584 0.3023448884487152 0.3683421313762665
0 0.29346907138824463 0.3378083407878876 0.3040775656700134 0.33201876282691956 0.30888116359710693 0.34082064032554626 0.29827266931533813 0.3466102182865143
0 0.27983447909355164 0.2844211459159851 0.2916863262653351 0.2781779170036316 0.29628995060920715 0.28691715002059937 0.2844381034374237 0.2931603789329529
0 0.2773851156234741 0.2707905173301697 0.2904844284057617 0.26982802152633667 0.29124242067337036 0.28014475107192993 0.27814310789108276 0.28110724687576294
0 0.25338584184646606 0.3656500279903412 0.2661401033401489 0.3600653111934662 0.2702188491821289 0.3693802058696747 0.25746458768844604 0.3749649226665497
0 0.6535393595695496 0.4594627916812897 0.6714991927146912 0.4561329782009125 0.6734408736228943 0.46660587191581726 0.6554810404777527 0.46993568539619446
0 0.6771289706230164 0.48787903785705566 0.6937616467475891 0.4809907078742981 0.6979956030845642 0.4912140965461731 0.6813629269599915 0.49810242652893066
0 0.6266995668411255 0.5114353895187378 0.6407921314239502 0.5061397552490234 0.6444351673126221 0.5158344507217407 0.6303426027297974 0.5211300849914551
0 0.7325375080108643 0.5236449837684631 0.7473539113998413 0.5131556391716003 0.7537466287612915 0.5221856236457825 0.7389302253723145 0.5326749682426453
