0 0.028325989842414856 0.06791378557682037 0.03728199750185013 0.06519819796085358 0.04031994938850403 0.0752173513174057 0.031363941729068756 0.0779329389333725
0 0.1290643960237503 0.665784478187561 0.1305297166109085 0.6558763980865479 0.14615197479724884 0.6581867933273315 0.14468665421009064 0.6680948734283447
1 0.03796588256955147 0.05681528151035309 0.04126855358481407 0.04411979019641876 0.07273063063621521 0.05230450630187988 0.0694279670715332 0.06499999761581421
0 0.3347265422344208 0.8659122586250305 0.3433506190776825 0.8521836400032043 0.3532426655292511 0.8583976626396179 0.3446185886859894 0.8721262812614441
0 0.3106541037559509 0.8178330659866333 0.32356321811676025 0.8176804780960083 0.32367628812789917 0.8272496461868286 0.31076717376708984 0.8274022340774536
0 0.3236410617828369 0.8749005198478699 0.3268918991088867 0.8650893568992615 0.33990222215652466 0.8694002032279968 0.33665138483047485 0.8792113661766052
1 0.3023642301559448 0.18115349113941193 0.31140345335006714 0.16920559108257294 0.3445250988006592 0.19426386058330536 0.33548587560653687 0.20621176064014435
0 0.10737163573503494 0.6511133313179016 0.12077096849679947 0.649994432926178 0.12158279865980148 0.659716784954071 0.10818346589803696 0.6608356833457947
0 0.07083982974290848 0.6687241792678833 0.08440671116113663 0.6682952642440796 0.08472055941820145 0.6782236099243164 0.0711536779999733 0.6786525249481201
0 0.09041868895292282 0.6630744338035583 0.10360715538263321 0.660760223865509 0.10528916865587234 0.6703458428382874 0.09210070222616196 0.6726600527763367
0 0.08321365714073181 0.680319607257843 0.0949302613735199 0.6796215176582336 0.09548196196556091 0.6888810992240906 0.08376535773277283 0.6895791888237
0 0.11069925874471664 0.6738781332969666 0.12565606832504272 0.6735743880271912 0.1258510947227478 0.6831790804862976 0.11089427769184113 0.683482825756073
0 0.3158032298088074 0.8328664302825928 0.32380086183547974 0.8259620666503906 0.33263081312179565 0.8361902236938477 0.3246331810951233 0.8430945873260498
0 0.33708012104034424 0.8435033559799194 0.3468642234802246 0.8303180932998657 0.35570478439331055 0.8368782997131348 0.3459206819534302 0.8500635623931885
0 0.35440587997436523 0.8279317021369934 0.36567801237106323 0.8152828812599182 0.3741080164909363 0.8227953314781189 0.3628358840942383 0.8354441523551941
0 0.3704545497894287 0.8502727746963501 0.37883472442626953 0.8365601301193237 0.3882279396057129 0.8423006534576416 0.37984776496887207 0.856013298034668
0 0.36388659477233887 0.8661095499992371 0.3784717917442322 0.863304078578949 0.3803653120994568 0.8731481432914734 0.3657801151275635 0.8759536147117615
0 0.36876562237739563 0.890116274356842 0.37983056902885437 0.8848533034324646 0.3840418756008148 0.8937073349952698 0.3729769289493561 0.8989703059196472
0 0.32433298230171204 0.8152638077735901 0.33478590846061707 0.8132465481758118 0.3371085226535797 0.8252816796302795 0.3266555964946747 0.8272989392280579
0 0.30451667308807373 0.7408406138420105 0.3144199252128601 0.7354817986488342 0.3213118314743042 0.7482182383537292 0.3114085793495178 0.7535770535469055
0 0.17447417974472046 0.8879929184913635 0.1837083399295807 0.8799343705177307 0.19031307101249695 0.8875027298927307 0.18107891082763672 0.8955612778663635
0 0.285887211561203 0.9683361053466797 0.29773464798927307 0.9632900953292847 0.30156442523002625 0.9722819328308105 0.2897169888019562 0.9773279428482056
