0 0.6974384784698486 0.892266571521759 0.7057130336761475 0.8839802145957947 0.7192527055740356 0.8975005745887756 0.7109781503677368 0.90578693151474
0 0.7607451677322388 0.902857780456543 0.7697139978408813 0.8911235332489014 0.7784936428070068 0.897834062576294 0.7695248126983643 0.9095683097839355
0 0.6455512046813965 0.9578074812889099 0.6559227705001831 0.9506271481513977 0.667578935623169 0.9674639105796814 0.6572073698043823 0.9746442437171936
0 0.8241133093833923 0.8039429187774658 0.8328322768211365 0.7900494337081909 0.8425336480140686 0.7961375713348389 0.8338146805763245 0.8100310564041138
0 0.6673288345336914 0.8774446249008179 0.6727554798126221 0.8671983480453491 0.6885678768157959 0.875572919845581 0.6831412315368652 0.8858191967010498
0 0.5715742707252502 0.8954286575317383 0.5797825455665588 0.8883510828018188 0.5892851948738098 0.899371862411499 0.5810769200325012 0.9064494371414185
0 0.634955644607544 0.8362485766410828 0.644255518913269 0.830424964427948 0.6521226167678833 0.8429880738258362 0.6428227424621582 0.848811686038971
0 0.5372354984283447 0.8904450535774231 0.5470551252365112 0.8868051171302795 0.5512763261795044 0.8981927037239075 0.5414566993713379 0.901832640171051
0 0.5751757025718689 0.8847399950027466 0.5821059346199036 0.8759353160858154 0.5933794379234314 0.8848086595535278 0.5864492058753967 0.893613338470459
0 0.5911217927932739 0.8773208856582642 0.5973715782165527 0.868965744972229 0.6083698272705078 0.8771927356719971 0.602120041847229 0.8855478763580322
0 0.593868613243103 0.8860538005828857 0.602294921875 0.8797110319137573 0.6099295616149902 0.8898537158966064 0.6015032529830933 0.8961964845657349
0 0.6315354704856873 0.8878092169761658 0.6395699381828308 0.879930317401886 0.6498399376869202 0.8904030919075012 0.6418054699897766 0.898281991481781
0 0.6508693099021912 0.8377593159675598 0.6546359658241272 0.8254727721214294 0.6648290753364563 0.8285976052284241 0.6610624194145203 0.8408841490745544
0 0.5968173742294312 0.8294399380683899 0.6012996435165405 0.8208531737327576 0.6132107973098755 0.8270706534385681 0.6087285280227661 0.8356574177742004
0 0.4714106321334839 0.9016261696815491 0.48279982805252075 0.9015100598335266 0.4829012155532837 0.9114581942558289 0.4715120196342468 0.9115743041038513
