0 0.17111262679100037 0.29577553272247314 0.17413482069969177 0.2859932780265808 0.18777376413345337 0.2902069687843323 0.18475157022476196 0.2999892234802246
0 0.10841067135334015 0.32426613569259644 0.10972060263156891 0.31427544355392456 0.12298944592475891 0.31601518392562866 0.12167951464653015 0.32600587606430054
1 0.2045605182647705 1.0006775856018066 0.24010896682739258 0.9170557260513306 0.25903865694999695 0.925102949142456 0.22349020838737488 1.0087248086929321
0 0.12511514127254486 0.2689318060874939 0.12846897542476654 0.25974518060684204 0.14139823615550995 0.2644653916358948 0.13804440200328827 0.27365201711654663
0 0.10665693879127502 0.25528642535209656 0.11003008484840393 0.24610577523708344 0.12294971942901611 0.25085267424583435 0.11957657337188721 0.2600333094596863
0 0.09587759524583817 0.26412931084632874 0.09923144429922104 0.2549426853656769 0.1121608093380928 0.2596629559993744 0.10880696028470993 0.26884958148002625
0 0.08636780083179474 0.2597613036632538 0.08972163498401642 0.25057461857795715 0.10265091061592102 0.2552948296070099 0.09929707646369934 0.2644815146923065
0 0.06561359018087387 0.2734808027744293 0.06896743923425674 0.26429417729377747 0.08189680427312851 0.269014447927475 0.07854295521974564 0.27820107340812683
0 0.06825178116559982 0.2835821509361267 0.07162488251924515 0.27440154552459717 0.08454450219869614 0.2791484594345093 0.08117140084505081 0.2883290648460388
0 0.13181975483894348 0.2421775460243225 0.13674786686897278 0.23315995931625366 0.14797914028167725 0.23929783701896667 0.14305102825164795 0.24831542372703552
0 0.12849454581737518 0.24707141518592834 0.13341031968593597 0.23804816603660583 0.1446615606546402 0.24417772889137268 0.1397457867860794 0.2532009780406952
0 0.124138742685318 0.2527236044406891 0.12906679511070251 0.24370600283145905 0.14029806852340698 0.2498438060283661 0.13537001609802246 0.2588614225387573
0 0.11370855569839478 0.25512486696243286 0.11863657832145691 0.24610722064971924 0.12986792623996735 0.2522450089454651 0.12493990361690521 0.2612626552581787
0 0.12241809070110321 0.26250430941581726 0.12733392417430878 0.25348106026649475 0.13858525454998016 0.25961074233055115 0.1336694210767746 0.26863399147987366
0 0.10075724124908447 0.2702328860759735 0.10566234588623047 0.26120468974113464 0.11690902709960938 0.2673151195049286 0.11200392246246338 0.27634331583976746
0 0.093076191842556 0.2750353217124939 0.097981296479702 0.26600712537765503 0.1092279776930809 0.272117555141449 0.1043228730559349 0.28114575147628784
0 0.09066543728113174 0.28770413994789124 0.09559345990419388 0.2786864936351776 0.10682480782270432 0.28482428193092346 0.10189678519964218 0.2938419282436371
0 0.10246630758047104 0.2908000648021698 0.10738209635019302 0.2817767560482025 0.11863341182470322 0.28790631890296936 0.11371762305498123 0.29692962765693665
0 0.10912472009658813 0.3089127242565155 0.11401747167110443 0.299878865480423 0.12528406083583832 0.3059808909893036 0.12039130926132202 0.3150147497653961
0 0.08126381039619446 0.29577136039733887 0.08617696166038513 0.2867530584335327 0.09741915762424469 0.29287779331207275 0.09250600636005402 0.3018960952758789
0 0.07656963169574738 0.28875479102134705 0.08147469162940979 0.2797265946865082 0.0927213579416275 0.28583696484565735 0.08781629800796509 0.2948651611804962
0 0.06933906674385071 0.2935642600059509 0.0742318332195282 0.2845304012298584 0.08549842238426208 0.290632426738739 0.0806056559085846 0.29966628551483154
0 0.07335861027240753 0.2719402611255646 0.07827168703079224 0.2629219591617584 0.0895138829946518 0.2690466344356537 0.08460080623626709 0.27806493639945984
0 0.05799649655818939 0.27356916666030884 0.06290964782238007 0.2645508646965027 0.07415184378623962 0.2706755995750427 0.06923869252204895 0.2796939015388489
0 0.1470658928155899 0.28762656450271606 0.15198172628879547 0.27860331535339355 0.16323305666446686 0.28473299741744995 0.1583172231912613 0.29375624656677246
0 0.15371838212013245 0.30108577013015747 0.15864640474319458 0.2920681834220886 0.1698777675628662 0.29820603132247925 0.16494974493980408 0.3072236180305481
0 0.19200554490089417 0.30442821979522705 0.1969335377216339 0.2954105734825134 0.20816496014595032 0.3015483617782593 0.20323696732521057 0.3105660080909729
0 0.1607092022895813 0.27341336011886597 0.1656019687652588 0.26437950134277344 0.17686855792999268 0.27048152685165405 0.17197579145431519 0.2795153856277466
0 0.13926684856414795 0.2558196187019348 0.14418262243270874 0.24679630994796753 0.15543395280838013 0.2529258728027344 0.15051817893981934 0.26194918155670166
0 0.130441352725029 0.22871842980384827 0.13535712659358978 0.21969515085220337 0.146608367562294 0.22582471370697021 0.14169259369373322 0.2348479926586151
0 0.1346868872642517 0.2748895585536957 0.13961493968963623 0.26587197184562683 0.15084624290466309 0.2720097601413727 0.14591819047927856 0.28102734684944153
0 0.06810557842254639 0.24997924268245697 0.07926332950592041 0.24734286963939667 0.08145785331726074 0.256630539894104 0.07030010223388672 0.2592669129371643
