0 0.1364617645740509 0.6988885402679443 0.14351943135261536 0.6903864145278931 0.15541315078735352 0.7002594470977783 0.14835548400878906 0.7087615728378296
0 0.16970108449459076 0.7028824687004089 0.17689679563045502 0.6950444579124451 0.18770341575145721 0.7049655318260193 0.18050770461559296 0.7128035426139832
0 -0.005626308266073465 0.7817927598953247 -0.0034368340857326984 0.7714319229125977 0.011331645771861076 0.7745528221130371 0.00914217159152031 0.7849136590957642
0 0.1968502700328827 0.7340936660766602 0.200640469789505 0.7247529029846191 0.21319541335105896 0.7298473119735718 0.20940521359443665 0.7391880750656128
0 0.16636480391025543 0.7366926670074463 0.17020247876644135 0.7274107933044434 0.1831417828798294 0.7327606678009033 0.1793041080236435 0.7420425415039062
0 0.47389769554138184 0.7675888538360596 0.4762202501296997 0.7564232349395752 0.49597638845443726 0.7605326175689697 0.4936538338661194 0.7716982364654541
0 0.13139285147190094 0.7754659652709961 0.1349114626646042 0.7660447359085083 0.14757831394672394 0.770775556564331 0.1440597027540207 0.7801967859268188
0 0.2973441481590271 0.7338322401046753 0.29982566833496094 0.723949670791626 0.31260114908218384 0.7271575927734375 0.31011962890625 0.7370401620864868
0 0.1455223560333252 0.7561261057853699 0.14914101362228394 0.7466627955436707 0.16206002235412598 0.751602828502655 0.15844136476516724 0.7610661387443542
0 0.13571852445602417 0.7295815348625183 0.15137845277786255 0.7279654145240784 0.15245935320854187 0.7384390234947205 0.1367994248867035 0.7400551438331604
0 0.2943989038467407 0.8468999862670898 0.2987675666809082 0.8380662202835083 0.3097139596939087 0.8434796333312988 0.3053452968597412 0.8523133993148804
0 0.20142260193824768 0.8078845143318176 0.21428182721138 0.8038942217826843 0.2173265814781189 0.8137063384056091 0.20446735620498657 0.8176966309547424
0 0.34573841094970703 0.7891477942466736 0.34665387868881226 0.77910977602005 0.3594917058944702 0.7802806496620178 0.358576238155365 0.7903186678886414
0 0.11494044959545135 0.8386982083320618 0.11668257415294647 0.8286511301994324 0.13005337119102478 0.8309696316719055 0.12831124663352966 0.8410167098045349
0 0.26715555787086487 0.7655950784683228 0.2786758244037628 0.7599121332168579 0.28307250142097473 0.7688249349594116 0.2715522348880768 0.7745078802108765
0 0.24363717436790466 0.8033844828605652 0.2489616423845291 0.7946173548698425 0.26004108786582947 0.8013461232185364 0.2547166347503662 0.810113251209259
0 0.38893046975135803 0.7676730751991272 0.39115259051322937 0.7578901648521423 0.4037737548351288 0.7607569098472595 0.40155163407325745 0.7705398201942444
0 0.3679887056350708 0.7979856133460999 0.37137550115585327 0.7887820601463318 0.3831772804260254 0.7931249737739563 0.3797904849052429 0.8023285269737244
0 0.18726547062397003 0.7610149383544922 0.18975301086902618 0.7513264417648315 0.20259277522563934 0.7546230554580688 0.2001052349805832 0.7643115520477295
0 0.21400286257266998 0.7993333339691162 0.21622349321842194 0.7895807027816772 0.22869981825351715 0.7924214601516724 0.2264791876077652 0.8021740913391113
0 0.2159348875284195 0.8395497798919678 0.22871707379817963 0.8393522500991821 0.22886978089809418 0.8492368459701538 0.21608759462833405 0.8494343757629395
0 0.43484532833099365 0.7919247150421143 0.44305020570755005 0.786125659942627 0.450114369392395 0.7961205244064331 0.4419094920158386 0.8019195795059204
0 0.2700923681259155 0.8594306707382202 0.27359217405319214 0.8502111434936523 0.2855178117752075 0.8547382354736328 0.2820180058479309 0.8639577627182007
0 0.25742241740226746 0.8255075216293335 0.26153650879859924 0.816392183303833 0.2729104459285736 0.8215256929397583 0.2687963545322418 0.8306410312652588
0 0.2335663139820099 0.8368273973464966 0.2413521707057953 0.8302110433578491 0.24933168292045593 0.8396010398864746 0.24154582619667053 0.8462173938751221
0 0.3923777937889099 0.8025752305984497 0.3963600993156433 0.793789267539978 0.40733790397644043 0.7987650632858276 0.40335559844970703 0.8075510263442993
0 0.25699955224990845 0.7893980145454407 0.2583048343658447 0.7796111702919006 0.2713492512702942 0.7813509106636047 0.2700439691543579 0.7911377549171448
0 0.3267747163772583 0.8257279992103577 0.3293665647506714 0.8159814476966858 0.34159380197525024 0.8192330002784729 0.33900195360183716 0.8289795517921448
0 0.14936736226081848 0.8227946162223816 0.1533201038837433 0.8136449456214905 0.16618600487709045 0.8192031979560852 0.16223326325416565 0.8283528685569763
0 0.19115404784679413 0.8440406918525696 0.19505982100963593 0.8349615931510925 0.20598427951335907 0.8396613001823425 0.20207850635051727 0.8487403988838196
1 0.06921608000993729 0.19592280685901642 0.0847420021891594 0.1832035630941391 0.12609699368476868 0.23368416726589203 0.11057106405496597 0.24640341103076935
0 0.092866912484169 0.816201388835907 0.10754814743995667 0.8160036206245422 0.10769310593605042 0.8267640471458435 0.09301187098026276 0.8269618153572083
0 0.25360390543937683 0.8696221709251404 0.25380614399909973 0.8599681258201599 0.26604321599006653 0.8602245450019836 0.26584097743034363 0.8698785901069641
0 0.28303495049476624 0.867104172706604 0.28774991631507874 0.8583078384399414 0.2995758354663849 0.8646466732025146 0.2948608696460724 0.8734430074691772
0 0.2943398654460907 0.8762840032577515 0.30750009417533875 0.8751283884048462 0.30834630131721497 0.8847651481628418 0.2951860725879669 0.8859207630157471
0 0.34147417545318604 0.8731104731559753 0.3465558886528015 0.8642464280128479 0.35823196172714233 0.8709402680397034 0.35315024852752686 0.8798043131828308
0 0.35792356729507446 0.866222620010376 0.36977720260620117 0.866222620010376 0.36977720260620117 0.8762617111206055 0.35792356729507446 0.8762617111206055
0 0.34596461057662964 0.861345112323761 0.3476700782775879 0.8513492941856384 0.36153048276901245 0.8537141680717468 0.3598250150680542 0.8637099862098694
0 0.3051472008228302 0.8874837160110474 0.3083359897136688 0.8779845237731934 0.3200097978115082 0.8819032907485962 0.31682100892066956 0.8914024829864502
0 0.40216347575187683 0.8607944846153259 0.4161018431186676 0.8595059514045715 0.41704967617988586 0.8697587847709656 0.4031113088130951 0.87104731798172
0 0.3668855130672455 0.8633063435554504 0.36813077330589294 0.8533950448036194 0.3804832994937897 0.854947030544281 0.3792380392551422 0.8648583292961121
0 0.31489890813827515 0.8324665427207947 0.3277631998062134 0.8300339579582214 0.32963258028030396 0.8399198651313782 0.3167682886123657 0.8423524498939514
0 0.2829348146915436 0.8262714147567749 0.28995975852012634 0.8178756237030029 0.300458163022995 0.8266599178314209 0.29343321919441223 0.8350557088851929
0 0.31106555461883545 0.7568840384483337 0.32471299171447754 0.7546473145484924 0.32641035318374634 0.7650037407875061 0.31276291608810425 0.7672404646873474
0 0.293319433927536 0.7685637474060059 0.3054443299770355 0.7623897790908813 0.30993708968162537 0.7712129354476929 0.29781219363212585 0.7773869037628174
0 0.3173685669898987 0.785249650478363 0.3178436756134033 0.7749688029289246 0.33172547817230225 0.7756103873252869 0.3312503695487976 0.7858912348747253
0 0.3231680691242218 0.7976556420326233 0.33550533652305603 0.7927206158638 0.33928772807121277 0.8021764159202576 0.32695046067237854 0.8071114420890808
0 0.3076028823852539 0.8184210062026978 0.30791544914245605 0.8080613613128662 0.32188844680786133 0.8084830045700073 0.3215758800506592 0.8188426494598389
0 0.35032787919044495 0.806279718875885 0.3581438362598419 0.7989305853843689 0.36748185753822327 0.8088616728782654 0.3596659004688263 0.8162108063697815
0 0.35470083355903625 0.8207824230194092 0.3640786111354828 0.8156352043151855 0.37057188153266907 0.8274654150009155 0.36119410395622253 0.8326126337051392
0 0.33709439635276794 0.83545982837677 0.3500649034976959 0.8352268934249878 0.35024401545524597 0.8452036380767822 0.337273508310318 0.8454365730285645
0 0.39471518993377686 0.8176523447036743 0.39992862939834595 0.8087153434753418 0.4124559164047241 0.8160232305526733 0.40724247694015503 0.8249602317810059
0 0.4042513966560364 0.835727334022522 0.410377562046051 0.8272261619567871 0.4215284585952759 0.8352618217468262 0.41540229320526123 0.843762993812561
0 0.4208157956600189 0.8280849456787109 0.42146947979927063 0.8182554244995117 0.43352916836738586 0.8190574645996094 0.43287548422813416 0.8288869857788086
0 0.4362725615501404 0.8107031583786011 0.44855958223342896 0.8083503246307373 0.45072728395462036 0.8196707963943481 0.4384402632713318 0.8220236301422119
0 0.46274086833000183 0.835287868976593 0.46577635407447815 0.8259750008583069 0.47837457060813904 0.8300814032554626 0.4753390848636627 0.8393942713737488
0 0.030540792271494865 0.7234773635864258 0.0352766253054142 0.714483380317688 0.04847540706396103 0.7214332818984985 0.043739575892686844 0.7304272651672363
