0 0.3957396149635315 0.14362891018390656 0.4112173318862915 0.13933564722537994 0.4140918254852295 0.14969857037067413 0.3986141085624695 0.15399183332920074
0 0.12910249829292297 0.10174290835857391 0.14395460486412048 0.09724628925323486 0.14716798067092896 0.10785987973213196 0.13231587409973145 0.11235649883747101
0 0.37787115573883057 0.12325962632894516 0.39349591732025146 0.11892566084861755 0.3964914083480835 0.12972497940063477 0.3808666467666626 0.13405895233154297
0 0.004835748579353094 0.26351556181907654 0.017799971625208855 0.2628829777240753 0.018300557509064674 0.273142009973526 0.005336334928870201 0.2737745940685272
0 0.024189729243516922 0.1236063539981842 0.035947125405073166 0.11308302730321884 0.044466953724622726 0.12260198593139648 0.03270955756306648 0.13312530517578125
0 0.16389410197734833 0.08455600589513779 0.1777545064687729 0.08140122145414352 0.180319681763649 0.09267117828130722 0.16645927727222443 0.09582596272230148
0 0.21477332711219788 0.12499196827411652 0.21503004431724548 0.11503127962350845 0.22661763429641724 0.11532993614673615 0.22636091709136963 0.1252906322479248
0 0.33130955696105957 0.031496811658144 0.3435629606246948 0.03004607930779457 0.3451685309410095 0.043607067316770554 0.33291512727737427 0.04505779966711998
0 0.3760616183280945 0.09291975945234299 0.3845602869987488 0.08357767015695572 0.3925103545188904 0.09080994874238968 0.3840116858482361 0.10015203803777695
0 0.4007093012332916 0.11158104240894318 0.4098195731639862 0.101303830742836 0.41854867339134216 0.10904176533222198 0.4094384014606476 0.11931897699832916
0 0.3996790647506714 0.16394589841365814 0.4012598991394043 0.1525474637746811 0.41495609283447266 0.15444697439670563 0.41337525844573975 0.16584540903568268
0 0.6931954026222229 0.0798346996307373 0.7040669322013855 0.07419145107269287 0.7084998488426208 0.08273117244243622 0.6976283192634583 0.08837442100048065
0 0.7035182118415833 0.06744825839996338 0.7129681706428528 0.06259918212890625 0.7187243103981018 0.07381685078144073 0.7092743515968323 0.07866592705249786
0 0.5261296629905701 0.9708662629127502 0.5300469994544983 0.9585887789726257 0.5439754128456116 0.9630329012870789 0.5400580763816833 0.9753103852272034
