0 0.4705811142921448 0.25578728318214417 0.47383660078048706 0.24134589731693268 0.48406291007995605 0.24365118145942688 0.48080742359161377 0.25809258222579956
0 0.28896719217300415 0.7758135795593262 0.2920207381248474 0.762631893157959 0.30220943689346313 0.7649921178817749 0.2991558909416199 0.7781738042831421
0 0.315710186958313 0.28220105171203613 0.3281227946281433 0.2802410125732422 0.32968878746032715 0.290158212184906 0.3172761797904968 0.29211825132369995
0 0.3548375070095062 0.7686256170272827 0.3656449019908905 0.7597371339797974 0.3721943199634552 0.7677004337310791 0.3613869249820709 0.7765889167785645
0 0.31751760840415955 0.2742482125759125 0.32884451746940613 0.26667657494544983 0.33447912335395813 0.275105744600296 0.32315221428871155 0.28267738223075867
0 0.7269802689552307 0.2556779384613037 0.7403013110160828 0.2508225440979004 0.7440807223320007 0.2611916661262512 0.7307596802711487 0.26604706048965454
0 0.05996541678905487 0.5134111642837524 0.06883999705314636 0.5061705112457275 0.08011604845523834 0.5199911594390869 0.07124146819114685 0.5272318124771118
0 0.06821604818105698 0.9851140379905701 0.0825028344988823 0.9849931597709656 0.08259645849466324 0.9960646033287048 0.06830967217683792 0.9961854815483093
0 0.11861667782068253 0.9502856731414795 0.12978366017341614 0.9447311162948608 0.1342899203300476 0.953790545463562 0.1231229305267334 0.9593451023101807
0 0.8694227337837219 0.020855437964200974 0.8706355690956116 0.010664001107215881 0.8833743929862976 0.012180030345916748 0.882161557674408 0.02237146720290184
0 0.3305245637893677 0.35201117396354675 0.3393089175224304 0.345968633890152 0.3464779257774353 0.3563906252384186 0.33769357204437256 0.36243316531181335
1 0.5802881121635437 0.4432503879070282 0.6392843127250671 0.4203910529613495 0.6473203301429749 0.44113054871559143 0.5883241295814514 0.46398988366127014
0 0.13162684440612793 0.322396457195282 0.14226898550987244 0.31267279386520386 0.15210136771202087 0.32343393564224243 0.14145922660827637 0.33315759897232056
0 0.9129465222358704 0.01953030377626419 0.9198982119560242 0.012119441293179989 0.9268032908439636 0.01859668642282486 0.9198516011238098 0.026007547974586487
