0 0.713917076587677 0.35056740045547485 0.7245185971260071 0.345317006111145 0.7307645678520203 0.3579288125038147 0.7201630473136902 0.36317920684814453
0 0.6835482120513916 0.37303709983825684 0.6955583095550537 0.36753004789352417 0.7044714689254761 0.3869684338569641 0.692461371421814 0.3924754858016968
0 0.5495033860206604 0.6333804726600647 0.5602181553840637 0.6332187056541443 0.5603908896446228 0.6446569561958313 0.5496761202812195 0.6448187232017517
0 0.5839618444442749 0.366976797580719 0.593941330909729 0.3592018485069275 0.6066992282867432 0.37557733058929443 0.5967197418212891 0.38335227966308594
0 0.6508199572563171 0.49800291657447815 0.6646199822425842 0.49692705273628235 0.6658543944358826 0.5127607583999634 0.6520543694496155 0.5138366222381592
0 0.6607360243797302 0.37513911724090576 0.6625859141349792 0.35652709007263184 0.6750897765159607 0.35776984691619873 0.6732398867607117 0.37638187408447266
0 0.48142704367637634 0.43900981545448303 0.49761340022087097 0.42407771944999695 0.5056805610656738 0.43282249569892883 0.4894942343235016 0.4477545917034149
0 0.8248562812805176 0.4090956151485443 0.8351718187332153 0.3994980752468109 0.8477064371109009 0.4129704535007477 0.8373908996582031 0.4225679934024811
0 0.7505977749824524 0.4834013879299164 0.7617500424385071 0.4768887460231781 0.772164523601532 0.494722455739975 0.7610122561454773 0.5012351274490356
0 0.6332343220710754 0.5270284414291382 0.6453627943992615 0.5242624282836914 0.6496899724006653 0.543236494064331 0.6375615000724792 0.5460025072097778
0 0.5006457567214966 0.6656879782676697 0.510832667350769 0.659570038318634 0.5194830894470215 0.6739737391471863 0.509296178817749 0.6800916790962219
0 0.3338505029678345 0.47776728868484497 0.35051441192626953 0.4756237268447876 0.351905882358551 0.48644083738327026 0.33524197340011597 0.48858439922332764
0 0.7467308640480042 0.3782094419002533 0.7477598786354065 0.36077091097831726 0.7603980898857117 0.3615166246891022 0.7593690752983093 0.3789551556110382
0 0.7700604200363159 0.32966095209121704 0.7806456089019775 0.3257485628128052 0.786068320274353 0.34041982889175415 0.7754831314086914 0.344332218170166
0 0.7029544711112976 0.49774491786956787 0.7124820351600647 0.4816822409629822 0.7234678864479065 0.488198459148407 0.7139403223991394 0.5042611360549927
0 0.6194510459899902 0.5619637370109558 0.6335448026657104 0.5593997836112976 0.6365524530410767 0.5759323239326477 0.6224586963653564 0.5784962773323059
0 0.6690860986709595 0.5028737783432007 0.6722619533538818 0.4869316816329956 0.6841750144958496 0.48930490016937256 0.6809991598129272 0.5052469968795776
0 0.01666412129998207 0.5433681607246399 0.02340221405029297 0.5296209454536438 0.03360794857144356 0.5346232056617737 0.02686985582113266 0.5483704209327698
0 0.770501971244812 0.3647092878818512 0.7811537981033325 0.35855111479759216 0.7900968790054321 0.3740198314189911 0.7794450521469116 0.3801780045032501
0 0.7438828349113464 0.34880343079566956 0.7531782984733582 0.34290167689323425 0.760855495929718 0.3549935519695282 0.7515600323677063 0.3608953058719635
0 0.8571439981460571 0.40013784170150757 0.8613637685775757 0.3902670741081238 0.8755440711975098 0.39632922410964966 0.8713243007659912 0.40619999170303345
0 0.18325403332710266 0.557268500328064 0.19398409128189087 0.550025463104248 0.1995019018650055 0.5581997632980347 0.18877184391021729 0.5654428005218506
