0 0.8106498718261719 0.2523573935031891 0.8247134685516357 0.22363165020942688 0.837730884552002 0.2300046980381012 0.8236672878265381 0.2587304413318634
0 0.815987229347229 0.21863390505313873 0.8275209665298462 0.19492949545383453 0.8404150009155273 0.20120327174663544 0.8288812637329102 0.22490768134593964
0 0.8291857838630676 0.1937510371208191 0.8430188298225403 0.1651686728000641 0.8551033139228821 0.17101716995239258 0.8412702679634094 0.19959953427314758
0 0.6975885629653931 0.16851073503494263 0.7061120271682739 0.15561139583587646 0.7154858112335205 0.16180524230003357 0.7069623470306396 0.17470458149909973
0 0.625097930431366 0.052004821598529816 0.628902018070221 0.037719398736953735 0.6400254368782043 0.04068147391080856 0.6362213492393494 0.054966896772384644
0 0.9781874418258667 0.08975637704133987 0.9813940525054932 0.07475227862596512 0.9926594495773315 0.07715984433889389 0.9894528388977051 0.09216394275426865
0 0.670591413974762 0.042362526059150696 0.6809055209159851 0.029571177437901497 0.6900915503501892 0.036978185176849365 0.6797774434089661 0.04976953566074371
0 0.9933642745018005 0.07727241516113281 0.9962100386619568 0.0625697672367096 1.0072078704833984 0.06469842791557312 1.0043621063232422 0.07940107583999634
0 0.9787369966506958 0.10866357386112213 0.9870568513870239 0.09549137949943542 0.996461033821106 0.10143125057220459 0.9881411790847778 0.1146034449338913
0 0.9546748399734497 0.08903875946998596 0.9617440700531006 0.0763511061668396 0.9713230133056641 0.08168821036815643 0.9642537832260132 0.0943758636713028
0 0.7895882725715637 0.1489311307668686 0.7921647429466248 0.1369984894990921 0.8279172778129578 0.14471806585788727 0.8253408074378967 0.15665070712566376
0 0.7698319554328918 0.060932282358407974 0.7771572470664978 0.045625120401382446 0.7878912091255188 0.050761956721544266 0.7805659174919128 0.0660691186785698
0 0.6985486149787903 0.05437956750392914 0.7045063376426697 0.03980829566717148 0.7149716019630432 0.044087186455726624 0.7090138792991638 0.05865845829248428
0 0.6607262492179871 0.08823703229427338 0.6686429381370544 0.0753670334815979 0.6781300902366638 0.08120280504226685 0.6702134013175964 0.09407280385494232
0 0.6938616633415222 0.08530288189649582 0.6961649060249329 0.07168494910001755 0.7068349719047546 0.07348962873220444 0.704531729221344 0.08710756152868271
0 0.7145052552223206 0.06429583579301834 0.7199386954307556 0.04865996539592743 0.7311251759529114 0.05254721641540527 0.7256917357444763 0.06818308681249619
0 0.7462360858917236 0.05037356913089752 0.7513138055801392 0.035353824496269226 0.7624850273132324 0.03913045674562454 0.7574073076248169 0.05415020138025284
0 0.9887858629226685 0.1240047961473465 0.9987158179283142 0.11333721876144409 1.0066757202148438 0.12074682116508484 0.996745765209198 0.13141439855098724
0 0.6094707250595093 0.04525832459330559 0.6121348142623901 0.03148505464196205 0.6228870153427124 0.03356476500630379 0.6202229261398315 0.047338034957647324
0 0.7276168465614319 0.18751776218414307 0.730167806148529 0.17819702625274658 0.7424444556236267 0.18155694007873535 0.7398934960365295 0.19087767601013184
0 0.6831173300743103 0.1521746814250946 0.6860759854316711 0.1387157142162323 0.6965778470039368 0.14102426171302795 0.6936191916465759 0.15448322892189026
0 0.7266297340393066 0.1572985202074051 0.7284358739852905 0.1475716382265091 0.7423992156982422 0.15016435086727142 0.7405930757522583 0.15989123284816742
0 0.6230072379112244 0.03155196085572243 0.6250762343406677 0.017024414613842964 0.6363030076026917 0.01862329989671707 0.6342340111732483 0.033150844275951385
0 0.9487789273262024 0.10732173919677734 0.9523255228996277 0.09269659221172333 0.9633448719978333 0.09536877274513245 0.959798276424408 0.10999391973018646
0 0.6569567918777466 0.07350286841392517 0.6660332679748535 0.06270354986190796 0.6745055913925171 0.06982426345348358 0.6654291152954102 0.0806235820055008
0 0.6650509834289551 0.17888548970222473 0.6675441265106201 0.16592833399772644 0.6781831979751587 0.167975515127182 0.6756900548934937 0.1809326708316803
0 0.7349438667297363 0.16294848918914795 0.7366447448730469 0.15292635560035706 0.7524793148040771 0.1556137502193451 0.7507784366607666 0.165635883808136
0 0.7302675247192383 0.17404642701148987 0.7324502468109131 0.16441592574119568 0.746843695640564 0.16767823696136475 0.7446609735488892 0.17730873823165894
0 0.6559070944786072 0.05868293717503548 0.6640226244926453 0.048444073647260666 0.672329843044281 0.05502853915095329 0.6642143130302429 0.0652673989534378
0 0.7261517643928528 0.1595260202884674 0.7281360030174255 0.14980044960975647 0.7419715523719788 0.1526232659816742 0.739987313747406 0.16234883666038513
0 0.7392269968986511 0.15332621335983276 0.7407940030097961 0.14308029413223267 0.7558287978172302 0.1453796625137329 0.7542617917060852 0.155625581741333
0 0.7277403473854065 0.1849798858165741 0.7302462458610535 0.17548364400863647 0.7432107329368591 0.1789047122001648 0.7407048344612122 0.18840095400810242
0 0.613511323928833 0.020592987537384033 0.6153564453125 0.005667834542691708 0.6268466711044312 0.007088325917720795 0.6250015497207642 0.022013477981090546
0 0.9887410998344421 0.046615779399871826 0.9999611973762512 0.04633293300867081 1.0003550052642822 0.061949774622917175 0.9891348481178284 0.062232621014118195
0 0.752652645111084 0.09255169332027435 0.7617577314376831 0.08157502114772797 0.7701339721679688 0.08852298557758331 0.7610288858413696 0.0994996577501297
0 0.722177267074585 0.19661946594715118 0.7242968082427979 0.1868678778409958 0.7392129898071289 0.190109983086586 0.737093448638916 0.1998615711927414
0 0.7070587277412415 0.0930376872420311 0.7144449353218079 0.08031175285577774 0.7237431406974792 0.08570849150419235 0.7163569331169128 0.09843442589044571
0 0.7206869125366211 0.1708919107913971 0.7226426601409912 0.16112491488456726 0.7372591495513916 0.16405180096626282 0.7353034019470215 0.17381879687309265
0 0.7054877877235413 0.1135621964931488 0.709705650806427 0.10006915032863617 0.7201780676841736 0.10334277153015137 0.7159602046012878 0.116835817694664
0 0.6330806612968445 0.005218988750129938 0.6378044486045837 -0.007572694215923548 0.6482964158058167 -0.0036981054581701756 0.6435726284980774 0.009093577042222023
0 0.7228023409843445 0.16426882147789001 0.7246115803718567 0.15427178144454956 0.7391358017921448 0.1569002866744995 0.7373265624046326 0.16689732670783997
0 0.7273393273353577 0.15468032658100128 0.7288399338722229 0.14489825069904327 0.7426120638847351 0.1470109075307846 0.7411114573478699 0.15679298341274261
0 0.7211481332778931 0.08243412524461746 0.7266933917999268 0.06983933597803116 0.7363389730453491 0.07408612221479416 0.7307937145233154 0.08668091148138046
0 0.7028955221176147 0.14428351819515228 0.7138222455978394 0.1435539573431015 0.7147036790847778 0.1567552536725998 0.7037769556045532 0.15748481452465057
0 0.6931006908416748 0.1788133680820465 0.7041696310043335 0.17032137513160706 0.710595965385437 0.17869791388511658 0.6995270252227783 0.18718990683555603
0 0.5881771445274353 0.011220946907997131 0.5998890995979309 0.0010225768201053143 0.6073939204216003 0.009641211479902267 0.5956819653511047 0.019839581102132797
0 0.7322914600372314 0.16892847418785095 0.7347548007965088 0.1592266857624054 0.7492626905441284 0.16291025280952454 0.7467993497848511 0.1726120412349701
0 0.7280699610710144 0.15191306173801422 0.7297442555427551 0.14227832853794098 0.7436715960502625 0.14469866454601288 0.7419973015785217 0.15433339774608612
0 0.7032454013824463 0.07609517127275467 0.7077018022537231 0.06176726892590523 0.7184898853302002 0.06512268632650375 0.7140334844589233 0.0794505923986435
0 0.7363911867141724 0.1605505645275116 0.7379732131958008 0.15085265040397644 0.7526882886886597 0.15325310826301575 0.7511062622070312 0.1629510223865509
0 0.7414140701293945 0.06597767770290375 0.7432572841644287 0.050737164914608 0.7544561624526978 0.052091583609580994 0.7526129484176636 0.06733209639787674
0 0.7045291066169739 0.14668843150138855 0.7046270966529846 0.1331656277179718 0.7157347798347473 0.1332460641860962 0.7156367897987366 0.14676886796951294
0 0.7570300102233887 0.07283131033182144 0.7692872285842896 0.06258659809827805 0.7764946222305298 0.0712098702788353 0.7642374038696289 0.08145458251237869
0 0.684692919254303 0.1603521853685379 0.6869403719902039 0.14716316759586334 0.6973136067390442 0.14893080294132233 0.6950661540031433 0.1621198207139969
0 0.5733507871627808 0.029980309307575226 0.5811492204666138 0.018249154090881348 0.5901964902877808 0.024263471364974976 0.5823980569839478 0.035994626581668854
0 0.7801617980003357 0.06315729022026062 0.7929813265800476 0.061820268630981445 0.7949398159980774 0.08059810101985931 0.7821202874183655 0.08193512260913849
0 0.6628383994102478 0.0233275406062603 0.6708973050117493 0.0076905181631445885 0.6812968850135803 0.0130501389503479 0.6732379794120789 0.028687160462141037
0 0.7156849503517151 0.19440878927707672 0.7169198393821716 0.18473191559314728 0.7297847867012024 0.18637363612651825 0.7285498976707458 0.1960505098104477
0 0.6718045473098755 0.06975612044334412 0.675900936126709 0.057390883564949036 0.6858407258987427 0.060683757066726685 0.6817443370819092 0.07304899394512177
0 0.6337352395057678 0.1879195123910904 0.6453623175621033 0.1796405166387558 0.6515302062034607 0.18830274045467377 0.6399031281471252 0.19658173620700836
0 0.7404031157493591 0.08326070755720139 0.7457590699195862 0.07019022852182388 0.7557751536369324 0.0742945745587349 0.7504191994667053 0.0873650535941124
0 0.7373805046081543 0.1583002507686615 0.7391141653060913 0.14851263165473938 0.7537318468093872 0.15110176801681519 0.7519981861114502 0.1608893871307373
0 0.6914781928062439 0.11067241430282593 0.6946173310279846 0.0984405130147934 0.705053985118866 0.10111893713474274 0.7019148468971252 0.11335083842277527
0 0.731054961681366 0.17147815227508545 0.7334675192832947 0.1618432104587555 0.7475549578666687 0.16537067294120789 0.74514240026474 0.17500561475753784
0 0.7420236468315125 0.14398828148841858 0.7433751225471497 0.1338994801044464 0.7585782408714294 0.13593605160713196 0.7572267651557922 0.14602485299110413
0 0.35958653688430786 0.4236036241054535 0.371523380279541 0.41418352723121643 0.37805885076522827 0.42246511578559875 0.3661220073699951 0.4318852126598358
0 0.7195457220077515 0.18223540484905243 0.7215522527694702 0.17262490093708038 0.734972357749939 0.1754269152879715 0.7329658269882202 0.18503741919994354
0 0.5948611497879028 0.03256397321820259 0.5996174812316895 0.020279470831155777 0.6092319488525391 0.02400200441479683 0.6044756174087524 0.03628650680184364
0 0.7049168348312378 0.21384486556053162 0.7070809602737427 0.20436406135559082 0.7196489572525024 0.20723286271095276 0.7174848318099976 0.21671366691589355
0 0.511009693145752 0.1364065706729889 0.5144985914230347 0.12732869386672974 0.5262199640274048 0.13183355331420898 0.5227310657501221 0.14091143012046814
0 0.7051119804382324 0.21161091327667236 0.7072190046310425 0.20212912559509277 0.7200944423675537 0.20499029755592346 0.7179874181747437 0.21447208523750305
0 0.6300472021102905 0.07209523022174835 0.6305698156356812 0.05639955401420593 0.6439031362533569 0.056843459606170654 0.6433805227279663 0.07253913581371307
0 0.6732804179191589 0.15918754041194916 0.6836207509040833 0.15741924941539764 0.6857739090919495 0.17001019418239594 0.6754335761070251 0.17177848517894745
0 0.7287991642951965 0.18280844390392303 0.731282651424408 0.17332683503627777 0.744381844997406 0.17675788700580597 0.7418983578681946 0.18623949587345123
0 0.710578978061676 0.20057114958763123 0.7121163010597229 0.19097575545310974 0.7248801589012146 0.19302067160606384 0.7233428359031677 0.20261606574058533
0 0.7134256958961487 0.10255569964647293 0.7210671305656433 0.09069237858057022 0.7300934195518494 0.09650639444589615 0.7224519848823547 0.10836971551179886
0 0.724968671798706 0.1917264759540558 0.7276929616928101 0.1823408305644989 0.7416720390319824 0.18639832735061646 0.7389477491378784 0.19578397274017334
0 0.6708704829216003 0.10546393692493439 0.6762623190879822 0.09391090273857117 0.6856099963188171 0.09827342629432678 0.6802181601524353 0.10982646048069
0 0.7319197058677673 0.03462196886539459 0.7347846627235413 0.01984727755188942 0.7457817196846008 0.021979685872793198 0.7429167628288269 0.03675437718629837
0 0.7149473428726196 0.2175999879837036 0.7167737483978271 0.20808225870132446 0.7298402786254883 0.21058958768844604 0.7280138731002808 0.2201073169708252
0 0.6157367825508118 0.20167291164398193 0.6260871291160583 0.19425445795059204 0.6320070624351501 0.20251399278640747 0.6216567158699036 0.20993244647979736
0 0.6922321915626526 0.09521537274122238 0.6953751444816589 0.08166857808828354 0.7057248950004578 0.08406976610422134 0.7025819420814514 0.09761656075716019
0 0.7119215726852417 0.015330180525779724 0.7189511060714722 0.0006459949072450399 0.7307240962982178 0.006281852722167969 0.7236945629119873 0.02096603810787201
0 0.6450496315956116 0.19860588014125824 0.6576974987983704 0.19581647217273712 0.6598209738731384 0.20544464886188507 0.6471731066703796 0.2082340568304062
0 0.7183957099914551 0.2058861255645752 0.7201293706893921 0.19638985395431519 0.7338310480117798 0.19889125227928162 0.7320973873138428 0.20838752388954163
0 0.6680704355239868 0.18850646913051605 0.6695045232772827 0.17648811638355255 0.6794588565826416 0.17767591774463654 0.6780247688293457 0.18969427049160004
0 0.7515250444412231 0.10165376961231232 0.7583155632019043 0.09013733267784119 0.7675398588180542 0.09557633101940155 0.760749340057373 0.10709276795387268
0 0.7412710785865784 0.1470598578453064 0.7427623867988586 0.13708359003067017 0.7581289410591125 0.13938075304031372 0.7566376328468323 0.14935702085494995
0 0.7151768803596497 0.21527409553527832 0.7169666886329651 0.20571684837341309 0.7297359108924866 0.20810815691947937 0.7279461026191711 0.2176654040813446
0 0.6734611988067627 0.20727169513702393 0.6824415922164917 0.20040807127952576 0.6883145570755005 0.20809218287467957 0.6793341636657715 0.21495580673217773
0 0.724665105342865 0.16180846095085144 0.726580798625946 0.15204864740371704 0.7402475476264954 0.15473118424415588 0.7383318543434143 0.16449099779129028
0 0.7213957905769348 0.1758769303560257 0.7234851717948914 0.16645069420337677 0.7362114787101746 0.16927151381969452 0.734122097492218 0.17869774997234344
0 0.6810059547424316 0.1898636370897293 0.6864030361175537 0.17833085358142853 0.6956559419631958 0.1826610118150711 0.6902588605880737 0.1941937953233719
0 0.7302372455596924 0.14653432369232178 0.7320038080215454 0.13674959540367126 0.7464793920516968 0.13936296105384827 0.7447128295898438 0.14914768934249878
0 0.7093204259872437 0.2265494465827942 0.710838794708252 0.21695366501808167 0.7238205671310425 0.21900779008865356 0.7223021984100342 0.2286035716533661
0 0.7206231951713562 0.2006358802318573 0.7226894497871399 0.19128316640853882 0.7354374527931213 0.1940995752811432 0.7333711981773376 0.20345228910446167
0 0.695432186126709 0.003465357469394803 0.7000136375427246 -0.008994638919830322 0.7099690437316895 -0.005334149114787579 0.7053875923156738 0.007125847041606903
0 0.7175872921943665 0.20783820748329163 0.7195805907249451 0.1984340250492096 0.7334569096565247 0.2013753056526184 0.731463611125946 0.21077948808670044
0 0.6500031352043152 0.048911936581134796 0.6534475684165955 0.036354586482048035 0.663703978061676 0.03916790336370468 0.6602595448493958 0.05172525346279144
0 0.7223905324935913 0.18530893325805664 0.7241777181625366 0.1761532425880432 0.7346539497375488 0.17819824814796448 0.7328667640686035 0.1873539388179779
0 0.7393926382064819 0.14983801543712616 0.7411493062973022 0.139653280377388 0.7568511962890625 0.1423616260290146 0.7550945281982422 0.15254636108875275
0 0.7152615785598755 0.21313504874706268 0.7168395519256592 0.2036176472902298 0.7294983863830566 0.20571650564670563 0.727920413017273 0.2152339071035385
0 0.7124322056770325 0.22205612063407898 0.7140001654624939 0.21276849508285522 0.7257207036018372 0.21474722027778625 0.7241527438163757 0.22403484582901
0 0.7652592658996582 0.02530849352478981 0.7787895202636719 0.018598642200231552 0.7833976745605469 0.02789081260561943 0.7698674201965332 0.03460066393017769
0 0.6903247237205505 0.20132200419902802 0.6935490965843201 0.18972627818584442 0.7034057974815369 0.19246704876422882 0.7001814246177673 0.20406277477741241
0 0.7223044037818909 0.16657809913158417 0.7241755127906799 0.15678901970386505 0.7385708689689636 0.1595405787229538 0.7366997599601746 0.1693296581506729
0 0.5874901413917542 0.10273005068302155 0.5920174717903137 0.08927112817764282 0.6221140027046204 0.09939508140087128 0.6175866723060608 0.11285400390625
0 0.968177855014801 0.10606309026479721 0.9723297953605652 0.09563463181257248 0.9814408421516418 0.09926208108663559 0.9772889018058777 0.10969053953886032
0 0.7169173955917358 0.038608092814683914 0.7227004766464233 0.026125753298401833 0.733281135559082 0.03102782741189003 0.7274980545043945 0.04351016879081726
0 0.5139182209968567 0.13190162181854248 0.5177261233329773 0.1230899766087532 0.5285906195640564 0.12778496742248535 0.5247827172279358 0.13659662008285522
0 0.7793154120445251 0.7040848731994629 0.7839382290840149 0.6901981830596924 0.7945730090141296 0.6937384605407715 0.7899501919746399 0.707625150680542
0 0.755823016166687 0.7192754149436951 0.7595678567886353 0.7063830494880676 0.7694885730743408 0.7092646956443787 0.7657437324523926 0.7221570611000061
0 0.14074942469596863 0.02335944212973118 0.14715316891670227 0.013704991899430752 0.1560540497303009 0.0196088757365942 0.14965030550956726 0.029263325035572052
0 0.16050782799720764 0.022682081907987595 0.16261941194534302 0.010356172919273376 0.17426535487174988 0.012351274490356445 0.1721537709236145 0.024677183479070663
0 0.9727481603622437 0.11822354793548584 0.9777086973190308 0.1052655428647995 0.989477276802063 0.10977071523666382 0.9845167398452759 0.12272872030735016
