0 0.27224618196487427 0.7218480706214905 0.2892559766769409 0.7154911160469055 0.2938733696937561 0.7278463244438171 0.27686357498168945 0.7342032790184021
0 0.4831804037094116 0.5936737060546875 0.5093267560005188 0.5819728374481201 0.5145826935768127 0.5937175750732422 0.48843634128570557 0.6054184436798096
0 0.3843744993209839 0.6737751960754395 0.4014929533004761 0.6667890548706055 0.40658748149871826 0.6792724132537842 0.3894690275192261 0.6862585544586182
0 0.3665700852870941 0.6968925595283508 0.38480404019355774 0.6801862120628357 0.3934498727321625 0.6896225810050964 0.37521591782569885 0.7063289284706116
0 0.36781781911849976 0.6376135945320129 0.39230191707611084 0.6336753964424133 0.39421939849853516 0.6455966830253601 0.3697353005409241 0.6495348811149597
0 0.2500588595867157 0.7101300358772278 0.25046929717063904 0.6982812285423279 0.2710666358470917 0.6989946961402893 0.27065619826316833 0.7108435034751892
0 0.21359288692474365 0.7192068696022034 0.23397618532180786 0.7151758074760437 0.23659753799438477 0.7284306883811951 0.21621423959732056 0.7324617505073547
0 0.2684851884841919 0.6897584199905396 0.28473734855651855 0.6839103698730469 0.2883925437927246 0.6940683126449585 0.27214038372039795 0.6999163627624512
0 0.26505041122436523 0.6847350001335144 0.28198957443237305 0.6798494458198547 0.28502172231674194 0.6903625130653381 0.26808255910873413 0.6952480673789978
0 0.41246023774147034 0.6857739686965942 0.4328214228153229 0.6786216497421265 0.4367695748806 0.6898611783981323 0.41640838980674744 0.6970134973526001
0 0.4532293677330017 0.6764881014823914 0.4695282578468323 0.6647034287452698 0.476631224155426 0.6745272278785706 0.46033233404159546 0.6863119006156921
0 0.32605311274528503 0.6982582211494446 0.34345778822898865 0.691363513469696 0.34763631224632263 0.7019116282463074 0.330231636762619 0.7088063359260559
0 0.29948529601097107 0.6767645478248596 0.3177327811717987 0.6716259121894836 0.32080063223838806 0.6825199723243713 0.3025531470775604 0.6876586079597473
0 0.277910977602005 0.703484296798706 0.2935350239276886 0.6985964775085449 0.2968519628047943 0.7091991901397705 0.2812279164791107 0.7140870094299316
0 0.2469269037246704 0.6786110401153564 0.2701337933540344 0.6747863292694092 0.27207446098327637 0.6865615844726562 0.24886757135391235 0.6903862953186035
0 0.4435007572174072 0.6304953694343567 0.46438366174697876 0.6243757605552673 0.4677191376686096 0.6357578635215759 0.4468362331390381 0.6418774724006653
0 0.22878766059875488 0.7244346737861633 0.2527492642402649 0.7174779772758484 0.25621604919433594 0.7294190526008606 0.23225444555282593 0.7363757491111755
0 0.19608263671398163 0.7308613657951355 0.2142357975244522 0.7228874564170837 0.21896998584270477 0.7336652874946594 0.2008168250322342 0.7416391968727112
0 0.32996031641960144 0.6776842474937439 0.3499201834201813 0.6765939593315125 0.35056009888648987 0.6883087754249573 0.33060023188591003 0.6893990635871887
0 0.42790675163269043 0.6595957279205322 0.44474512338638306 0.6527820825576782 0.44917070865631104 0.6637189388275146 0.4323323369026184 0.6705325841903687
0 0.2369101345539093 0.6992607116699219 0.25303563475608826 0.6957311630249023 0.25536036491394043 0.7063522338867188 0.23923486471176147 0.7098817825317383
0 0.5000029802322388 0.6222809553146362 0.5122091770172119 0.6153419017791748 0.5174224376678467 0.6245123147964478 0.5052162408828735 0.6314513683319092
0 0.21325212717056274 0.7411953806877136 0.21465685963630676 0.7302913069725037 0.230327308177948 0.7323101162910461 0.22892257571220398 0.7432141900062561
0 0.6252571940422058 0.5960384011268616 0.6267804503440857 0.5848818421363831 0.6468603014945984 0.5876234173774719 0.6453370451927185 0.5987799763679504
0 0.3288065791130066 0.6718870401382446 0.34442001581192017 0.6686762571334839 0.3466474413871765 0.679507851600647 0.33103400468826294 0.6827186346054077
0 0.2828715741634369 0.6686308979988098 0.29706689715385437 0.6643355488777161 0.30009618401527405 0.6743468642234802 0.28590086102485657 0.678642213344574
0 0.3249843716621399 0.6879099011421204 0.32510483264923096 0.6782158017158508 0.3367335796356201 0.6783602833747864 0.33661311864852905 0.6880543828010559
0 0.5462868809700012 0.5956125855445862 0.5576789975166321 0.5818043351173401 0.566585123538971 0.5891520380973816 0.5551930069923401 0.6029602885246277
0 0.30394795536994934 1.0034548044204712 0.30530431866645813 0.9929231405258179 0.31950435042381287 0.9947519302368164 0.3181479871273041 1.0052835941314697
0 0.22330792248249054 0.7276971340179443 0.23368225991725922 0.7243255376815796 0.23665247857570648 0.7334647178649902 0.2262781411409378 0.736836314201355
0 0.19467420876026154 0.7286418676376343 0.2100842446088791 0.7220993041992188 0.21406488120555878 0.7314751148223877 0.19865484535694122 0.7380176782608032
0 0.6404253244400024 0.6085090041160583 0.6405208110809326 0.5979049801826477 0.6580407619476318 0.5980626940727234 0.6579452753067017 0.608666718006134
1 0.3029281198978424 0.42429694533348083 0.30946508049964905 0.40680500864982605 0.3936103880405426 0.43825140595436096 0.38707342743873596 0.45574334263801575
1 0.1525522917509079 0.3573554456233978 0.1533629149198532 0.3416447341442108 0.23060156404972076 0.34563007950782776 0.22979094088077545 0.36134079098701477
1 0.8510797619819641 0.3094954490661621 0.8792822957038879 0.30916309356689453 0.8805615305900574 0.41771286725997925 0.8523589968681335 0.4180452227592468
1 0.7164086699485779 0.8745182156562805 0.7342841029167175 0.8403657078742981 0.7499895691871643 0.8485860228538513 0.7321141362190247 0.8827385306358337
