0 0.9296831488609314 0.8295556902885437 0.9379445910453796 0.8209665417671204 0.9450953602790833 0.8278445601463318 0.936833918094635 0.8364337086677551
0 0.9545940160751343 0.8688584566116333 0.9612945318222046 0.8592158555984497 0.96934974193573 0.8648133277893066 0.9626492261886597 0.8744559288024902
0 0.9462429285049438 0.8668352961540222 0.9562753438949585 0.8606461882591248 0.9613595008850098 0.868887722492218 0.9513270854949951 0.8750768303871155
0 0.9154492020606995 0.8691858053207397 0.9249164462089539 0.8620858192443848 0.930598795413971 0.8696627616882324 0.9211315512657166 0.8767627477645874
0 0.9063572883605957 0.8482388257980347 0.9182875156402588 0.8482388257980347 0.9182875156402588 0.8578009605407715 0.9063572883605957 0.8578009605407715
0 0.914532482624054 0.8511642813682556 0.9225673079490662 0.8430342078208923 0.9292504191398621 0.8496389985084534 0.9212155938148499 0.8577690720558167
0 0.9233109354972839 0.8426473140716553 0.930772602558136 0.8353509902954102 0.9395739436149597 0.8443517684936523 0.9321122765541077 0.8516480922698975
0 0.9046210050582886 0.8413345217704773 0.9152281284332275 0.8347050547599792 0.9201774597167969 0.8426238894462585 0.9095703363418579 0.8492533564567566
0 0.9130550026893616 0.8359874486923218 0.9241893887519836 0.8318004608154297 0.92756587266922 0.8407793045043945 0.9164314866065979 0.8449662923812866
0 0.9319097995758057 0.8374233841896057 0.9403262138366699 0.8299482464790344 0.9465378522872925 0.8369421362876892 0.9381214380264282 0.8444172739982605
0 0.9349437355995178 0.8639234304428101 0.9395266175270081 0.8558330535888672 0.9498633742332458 0.8616883754730225 0.9452804923057556 0.8697787523269653
0 0.9323136806488037 0.8724132180213928 0.9331566095352173 0.8629555106163025 0.9439038038253784 0.863913357257843 0.9430608749389648 0.8733710646629333
