0 0.6439920663833618 0.2477703094482422 0.6450210809707642 0.23747509717941284 0.6611292362213135 0.2390851378440857 0.6601002216339111 0.24938035011291504
0 0.6205376982688904 0.18098679184913635 0.620762050151825 0.17119741439819336 0.6338369250297546 0.17149707674980164 0.6336125731468201 0.18128645420074463
0 0.5843073129653931 0.23553477227687836 0.5984554290771484 0.2341683954000473 0.5994173288345337 0.24412886798381805 0.5852692127227783 0.2454952448606491
0 0.6204167604446411 0.27980518341064453 0.633380651473999 0.27396637201309204 0.6376094818115234 0.2833556532859802 0.6246455907821655 0.2891944646835327
0 0.3945469260215759 0.4695020318031311 0.4007103443145752 0.4609699249267578 0.4129943251609802 0.46984362602233887 0.40683090686798096 0.47837573289871216
0 0.5603127479553223 0.2522711455821991 0.574118971824646 0.24981795251369476 0.5759081840515137 0.2598874866962433 0.5621019601821899 0.2623406648635864
0 0.641281008720398 0.2979619801044464 0.6541532278060913 0.2891216576099396 0.6604067087173462 0.29822710156440735 0.6475344896316528 0.3070674240589142
0 0.06789783388376236 0.5133430361747742 0.06903599947690964 0.5035591721534729 0.08195296674966812 0.5050618052482605 0.08081480115652084 0.5148456692695618
0 0.312558650970459 0.49567365646362305 0.31509506702423096 0.48527222871780396 0.33134448528289795 0.48923468589782715 0.328808069229126 0.49963611364364624
0 0.336760938167572 0.480325311422348 0.34149444103240967 0.4709642231464386 0.3554820418357849 0.47803714871406555 0.35074853897094727 0.487398236989975
0 0.3401326835155487 0.48919904232025146 0.35459205508232117 0.4890673756599426 0.3546823561191559 0.4989793300628662 0.3402229845523834 0.49911099672317505
0 0.3502329885959625 0.5236324667930603 0.35370156168937683 0.5143528580665588 0.3678494989871979 0.519641101360321 0.36438092589378357 0.5289207100868225
0 0.38270998001098633 0.45508313179016113 0.3883713483810425 0.4460725784301758 0.4011036157608032 0.45407235622406006 0.39544224739074707 0.4630829095840454
0 0.41128525137901306 0.45428308844566345 0.4154299199581146 0.4453409016132355 0.42867913842201233 0.4514818489551544 0.42453446984291077 0.4604240357875824
0 0.4237375259399414 0.4627480208873749 0.4289292097091675 0.45426586270332336 0.44085097312927246 0.461562842130661 0.4356592893600464 0.4700450003147125
0 0.6168743968009949 0.2597125470638275 0.6328256726264954 0.25711116194725037 0.6345148682594299 0.2674688398838043 0.6185635924339294 0.27007022500038147
0 0.6315228939056396 0.26197895407676697 0.6486736536026001 0.2583438456058502 0.6508382558822632 0.2685568034648895 0.6336874961853027 0.2721919119358063
0 0.6557524800300598 0.2308529168367386 0.67226642370224 0.22987999022006989 0.672872006893158 0.24015925824642181 0.6563580632209778 0.24113218486309052
0 0.6110474467277527 0.2206335961818695 0.6238349080085754 0.21928736567497253 0.6249092221260071 0.22949165105819702 0.6121217608451843 0.230837881565094
0 0.6217803359031677 0.19426394999027252 0.6219713091850281 0.18413536250591278 0.6368655562400818 0.18441613018512726 0.6366745829582214 0.194544717669487
0 0.6261086463928223 0.1398700624704361 0.6413089036941528 0.13328270614147186 0.6455631256103516 0.14309917390346527 0.630362868309021 0.1496865302324295
0 0.7409133911132812 0.20574906468391418 0.7544655799865723 0.2055775225162506 0.7545939683914185 0.21571844816207886 0.7410417795181274 0.21588999032974243
0 0.3457472622394562 0.5342647433280945 0.3517354428768158 0.5259681344032288 0.3635804355144501 0.5345173478126526 0.35759225487709045 0.5428139567375183
