0 0.5942397713661194 0.24560056626796722 0.6171485781669617 0.2378503382205963 0.6209509968757629 0.24908967316150665 0.5980421900749207 0.25683990120887756
0 0.5521811246871948 0.41658714413642883 0.5688695907592773 0.405720978975296 0.5753041505813599 0.41560330986976624 0.5586156845092773 0.42646947503089905
0 0.5543305277824402 0.21120098233222961 0.5625566840171814 0.2033536434173584 0.5735273957252502 0.2148539423942566 0.565301239490509 0.2227012813091278
0 0.5898159146308899 0.4253073036670685 0.6006098389625549 0.41071388125419617 0.6099584698677063 0.4176284968852997 0.5991645455360413 0.432221919298172
0 0.5094514489173889 0.4224991202354431 0.5244739651679993 0.4145600199699402 0.5296693444252014 0.42439085245132446 0.5146468281745911 0.4323299527168274
0 0.5695950984954834 0.22819195687770844 0.5826588869094849 0.22405292093753815 0.5857758522033691 0.23389075696468353 0.5727120637893677 0.23802979290485382
0 0.5364288687705994 0.45772984623908997 0.5481440424919128 0.4508523643016815 0.553384006023407 0.45977821946144104 0.5416688323020935 0.4666557013988495
0 0.5315186381340027 0.4476630687713623 0.5427014231681824 0.43942201137542725 0.5488839745521545 0.44781142473220825 0.5377011895179749 0.4560524821281433
0 0.5298408269882202 0.43629831075668335 0.5417678356170654 0.4290549159049988 0.5471193790435791 0.43786686658859253 0.5351923704147339 0.4451102614402771
0 0.5042604207992554 0.45168107748031616 0.5170868635177612 0.4431788921356201 0.5228381156921387 0.45185524225234985 0.5100116729736328 0.4603574275970459
1 0.6893030405044556 0.5866613984107971 0.702778697013855 0.570125162601471 0.7116899490356445 0.5773870348930359 0.6982142925262451 0.5939232707023621
0 0.532414436340332 0.41880956292152405 0.540170431137085 0.41161349415779114 0.549248456954956 0.4213978350162506 0.5414924621582031 0.4285939037799835
0 0.5206071734428406 0.43430837988853455 0.5284163355827332 0.4219109117984772 0.5377607941627502 0.42779698967933655 0.5299516320228577 0.4401944577693939
