0 0.6126121282577515 0.511369526386261 0.6215040683746338 0.5023525357246399 0.637851357460022 0.5184729695320129 0.6289594173431396 0.527489960193634
0 0.5118429660797119 0.4712727665901184 0.5189250707626343 0.46254652738571167 0.5335686206817627 0.47443097829818726 0.5264865159988403 0.483157217502594
0 0.5043820142745972 0.5113170742988586 0.5076812505722046 0.5003133416175842 0.5271269083023071 0.5061436295509338 0.5238276720046997 0.5171473622322083
0 0.6397188901901245 0.482808381319046 0.6516886949539185 0.4779311716556549 0.6592903137207031 0.49658748507499695 0.6473205089569092 0.5014647245407104
0 0.5245055556297302 0.07274100929498672 0.5344612002372742 0.06751666218042374 0.5406989455223083 0.07940343767404556 0.5307433009147644 0.08462778478860855
0 0.4891025424003601 0.14887256920337677 0.49518147110939026 0.14063002169132233 0.5051606297492981 0.14798973500728607 0.49908170104026794 0.15623228251934052
0 0.5352134108543396 0.16542735695838928 0.5419887900352478 0.15690940618515015 0.5521401762962341 0.16498401761054993 0.5453647971153259 0.17350196838378906
0 0.5123720765113831 0.20994165539741516 0.5195953249931335 0.2001258134841919 0.5326183438301086 0.20970919728279114 0.5253950953483582 0.2195250391960144
0 0.6489644050598145 0.19319282472133636 0.655217170715332 0.18399153649806976 0.6732666492462158 0.19625715911388397 0.6670138835906982 0.20545844733715057
0 0.5218541622161865 0.3092159628868103 0.53180992603302 0.3031664490699768 0.5391443967819214 0.3152368664741516 0.5291886329650879 0.3212863802909851
0 0.5701218247413635 0.23552420735359192 0.5799592137336731 0.23199576139450073 0.5840793251991272 0.2434828281402588 0.5742419362068176 0.24701127409934998
0 0.34879186749458313 0.5510890483856201 0.34879186749458313 0.540285587310791 0.3641206920146942 0.540285587310791 0.3641206920146942 0.5510890483856201
0 0.3543369174003601 0.5468553900718689 0.37172675132751465 0.5411140322685242 0.3751755952835083 0.55156010389328 0.35778576135635376 0.5573014616966248
0 0.3643873929977417 0.5554047226905823 0.3814716935157776 0.5537191033363342 0.38262057304382324 0.5653637051582336 0.36553627252578735 0.5670493245124817
0 0.36173194646835327 0.5412183403968811 0.36691373586654663 0.5278735756874084 0.3775038719177246 0.5319858193397522 0.37232208251953125 0.5453305840492249
0 0.35277941823005676 0.5252758860588074 0.3661753237247467 0.5247922539710999 0.3665461242198944 0.5350643992424011 0.35315021872520447 0.5355480313301086
0 0.35431158542633057 0.5238890647888184 0.35759997367858887 0.5142627954483032 0.3692837357521057 0.5182540416717529 0.3659953474998474 0.5278803110122681
0 0.3884395658969879 0.5291379690170288 0.40220335125923157 0.5289218425750732 0.4023708999156952 0.5395928621292114 0.38860711455345154 0.539808988571167
0 0.4118168354034424 0.5539135336875916 0.4176703095436096 0.5450058579444885 0.43138402700424194 0.5540174841880798 0.4255305528640747 0.5629251599311829
0 0.4290308356285095 0.5491200685501099 0.43800556659698486 0.5417081117630005 0.448217511177063 0.5540730953216553 0.43924278020858765 0.5614850521087646
0 0.4081220030784607 0.5660164952278137 0.4137918949127197 0.5563600659370422 0.4281383156776428 0.5647836327552795 0.4224684238433838 0.574440062046051
0 0.4165341854095459 0.5676170587539673 0.4246090054512024 0.5599926710128784 0.43640583753585815 0.5724865198135376 0.42833101749420166 0.5801109075546265
0 0.36504170298576355 0.5775812864303589 0.3768024742603302 0.5705186128616333 0.38206228613853455 0.5792772769927979 0.3703015148639679 0.5863399505615234
0 0.38438960909843445 0.5957261919975281 0.39057645201683044 0.5876030325889587 0.4013994038105011 0.5958461165428162 0.3952125608921051 0.6039692759513855
0 0.43305230140686035 0.5940867066383362 0.4376338720321655 0.5848597884178162 0.4490416646003723 0.5905242562294006 0.44446009397506714 0.5997511744499207
0 0.4546719789505005 0.5115942358970642 0.4643709063529968 0.5058678984642029 0.471832275390625 0.5185053944587708 0.46213334798812866 0.5242317318916321
0 0.49202728271484375 0.4758667051792145 0.5107522010803223 0.4755243957042694 0.5109518766403198 0.48644664883613586 0.4922269582748413 0.48678895831108093
0 0.4087797999382019 0.48464685678482056 0.4103292226791382 0.47373688220977783 0.42541754245758057 0.4758797287940979 0.4238681197166443 0.4867897033691406
0 0.41331762075424194 0.46935680508613586 0.42124176025390625 0.46156778931617737 0.43089061975479126 0.47138407826423645 0.42296648025512695 0.47917309403419495
0 0.5430330038070679 0.4753578305244446 0.5591614246368408 0.4753578305244446 0.5591614246368408 0.4861348271369934 0.5430330038070679 0.4861348271369934
0 0.5473503470420837 0.49496591091156006 0.553883969783783 0.48678475618362427 0.5652070641517639 0.4958276152610779 0.5586734414100647 0.5040087699890137
0 0.5680041313171387 0.4713417887687683 0.5768704414367676 0.46405458450317383 0.5875722169876099 0.4770752787590027 0.578705906867981 0.48436248302459717
0 0.7039439082145691 0.5534019470214844 0.7116530537605286 0.5455089807510376 0.7234355807304382 0.5570170879364014 0.7157264351844788 0.5649100542068481
