0 0.3742656707763672 0.825325608253479 0.4891175627708435 0.7719837427139282 0.49897128343582153 0.7932000160217285 0.3841193914413452 0.8465418815612793
0 0.7251715660095215 0.7080475687980652 0.7264821529388428 0.694381058216095 0.7580966949462891 0.6974126696586609 0.7567861080169678 0.7110791802406311
0 0.08248742669820786 0.1979232132434845 0.08768915385007858 0.1841423213481903 0.09771841019392014 0.1879279613494873 0.09251668304204941 0.2017088532447815
0 0.1081649661064148 0.20028068125247955 0.11221219599246979 0.1858702450990677 0.12286527454853058 0.18886218965053558 0.11881804466247559 0.20327262580394745
0 0.08864445984363556 0.19645120203495026 0.09488537907600403 0.183328315615654 0.10431772470474243 0.1878141313791275 0.09807680547237396 0.20093701779842377
0 0.06548582017421722 0.19208060204982758 0.06946724653244019 0.17766009271144867 0.08006331324577332 0.1805856078863144 0.07608188688755035 0.1950061172246933
0 0.9450309872627258 0.9839583039283752 0.9584552645683289 0.9811998009681702 0.9638321995735168 1.0073671340942383 0.9504079222679138 1.0101256370544434
0 0.09990067034959793 0.9976030588150024 0.11328680068254471 0.9897843599319458 0.11891556531190872 0.999421238899231 0.10552943497896194 1.0072399377822876
0 0.09164808690547943 0.19880542159080505 0.09674397110939026 0.18676558136940002 0.10597008466720581 0.19067054986953735 0.10087420046329498 0.20271039009094238
0 0.09400351345539093 0.19982849061489105 0.09886404871940613 0.1873837262392044 0.1082543432712555 0.19105128943920135 0.1033938080072403 0.203496053814888
0 0.07104629278182983 0.1034407913684845 0.077426478266716 0.09498155117034912 0.08907760679721832 0.10376915335655212 0.08269742131233215 0.1122283935546875
0 0.04455818235874176 0.17819514870643616 0.04661954939365387 0.1684941053390503 0.05952921509742737 0.1712372601032257 0.05746784806251526 0.18093830347061157
0 0.10117179155349731 0.1892652064561844 0.11166934669017792 0.1885274201631546 0.11259414255619049 0.2016860991716385 0.10209658741950989 0.20242388546466827
0 -0.005622961558401585 0.10055629163980484 -0.002820389810949564 0.0909007266163826 0.010833591222763062 0.09486385434865952 0.008031019940972328 0.10451941937208176
0 0.023350387811660767 0.11733034998178482 0.02519257366657257 0.10384342819452286 0.035736363381147385 0.10528361052274704 0.03389417752623558 0.118770532310009
0 0.9637380838394165 0.9091141819953918 0.9713374376296997 0.8915644288063049 0.9832746982574463 0.8967334628105164 0.9756753444671631 0.9142832159996033
0 0.03799903020262718 0.05446305125951767 0.04754624888300896 0.044004976749420166 0.05553027614951134 0.05129363387823105 0.04598305746912956 0.06175170838832855
0 0.0603388249874115 0.12146042287349701 0.06790429353713989 0.11168690770864487 0.08660762012004852 0.1261647492647171 0.07904215157032013 0.13593825697898865
0 0.05736128240823746 0.04600591957569122 0.057688403874635696 0.0339670330286026 0.06790784746408463 0.03424471616744995 0.06758072972297668 0.046283602714538574
0 0.9031851887702942 0.8915285468101501 0.9197778105735779 0.8894669413566589 0.9220659136772156 0.9078832268714905 0.9054732918739319 0.9099448323249817
0 0.9002031087875366 0.9192640781402588 0.9131669998168945 0.9175317287445068 0.9152933359146118 0.9334440231323242 0.9023294448852539 0.9351763725280762
0 0.911455512046814 0.9451003670692444 0.9231139421463013 0.9399349093437195 0.9291733503341675 0.9536110758781433 0.9175149202346802 0.9587765336036682
0 0.9385698437690735 0.9349363446235657 0.9489241242408752 0.9280170798301697 0.9581282734870911 0.9417904019355774 0.9477739930152893 0.9487096667289734
0 0.078253835439682 0.05300067737698555 0.07851926982402802 0.04054586961865425 0.08932960033416748 0.04077625647187233 0.08906416594982147 0.05323106423020363
0 0.009815026074647903 0.08732089400291443 0.010315075516700745 0.0735880434513092 0.02239874005317688 0.07402804493904114 0.02189869061112404 0.08776089549064636
0 0.05697374790906906 0.1733638346195221 0.058740220963954926 0.16342571377754211 0.07244319468736649 0.1658613681793213 0.07067672163248062 0.17579948902130127
0 0.030690819025039673 0.35093003511428833 0.04224664717912674 0.3446003794670105 0.04687018692493439 0.353041410446167 0.03531435877084732 0.3593710660934448
