0 0.8335283994674683 0.08326592296361923 0.8342171907424927 0.06872078031301498 0.858241081237793 0.06985840946435928 0.8575522899627686 0.08440355211496353
0 0.4781656861305237 0.13217952847480774 0.48161202669143677 0.12218454480171204 0.49683570861816406 0.12743380665779114 0.493389368057251 0.13742879033088684
0 0.5562362670898438 0.07519751787185669 0.5782078504562378 0.07410149276256561 0.578784704208374 0.08566595613956451 0.55681312084198 0.08676198124885559
0 -0.006689724512398243 0.4914027154445648 0.004357769154012203 0.48002371191978455 0.012371047399938107 0.48780354857444763 0.0013235537335276604 0.4991825520992279
0 0.5383991003036499 0.15947289764881134 0.5394269227981567 0.1487620621919632 0.5569643974304199 0.15044496953487396 0.5559365749359131 0.1611558049917221
0 0.3716689348220825 0.09093651920557022 0.3723611831665039 0.08013013750314713 0.38928288221359253 0.08121412247419357 0.38859063386917114 0.09202050417661667
0 0.5033999681472778 0.11901296675205231 0.5093427896499634 0.1097894012928009 0.5229175090789795 0.11853574216365814 0.516974687576294 0.12775930762290955
0 0.5551903247833252 0.13026723265647888 0.5552529096603394 0.11910728365182877 0.5740482807159424 0.11921267211437225 0.5739856958389282 0.13037261366844177
0 0.36050650477409363 0.169008269906044 0.363124817609787 0.15923364460468292 0.37709155678749084 0.16297493875026703 0.3744732439517975 0.1727495640516281
0 0.5139576196670532 0.09584252536296844 0.5292633771896362 0.09333549439907074 0.5309336185455322 0.1035328358411789 0.5156278610229492 0.1060398668050766
0 0.39794278144836426 0.14758899807929993 0.3999258279800415 0.13741779327392578 0.41468238830566406 0.14029479026794434 0.4126993417739868 0.15046599507331848
0 0.5869646072387695 0.08395019173622131 0.5889847278594971 0.07383233308792114 0.6062617301940918 0.07728180289268494 0.6042416095733643 0.08739966154098511
0 0.08735699951648712 0.46952831745147705 0.10069265961647034 0.4591320753097534 0.1075935959815979 0.4679841995239258 0.09425793588161469 0.4783804416656494
0 0.3040678799152374 0.11945956945419312 0.30686530470848083 0.10981182754039764 0.3196646273136139 0.11352311074733734 0.3168672025203705 0.12317085266113281
0 0.314117431640625 0.209123432636261 0.32501012086868286 0.2023065686225891 0.330230712890625 0.2106485664844513 0.31933802366256714 0.21746543049812317
0 0.38987040519714355 0.17667977511882782 0.39259475469589233 0.1669296771287918 0.40572452545166016 0.1705983728170395 0.4030001759529114 0.1803484708070755
0 0.05631716921925545 0.4946730434894562 0.0710710734128952 0.4891848862171173 0.07459434866905212 0.4986565411090851 0.05984044075012207 0.5041446685791016
0 0.34302061796188354 0.130686417222023 0.35829001665115356 0.12658818066120148 0.3610081076622009 0.13671542704105377 0.3457387089729309 0.1408136636018753
0 0.3634856641292572 0.16404613852500916 0.3650900423526764 0.15407374501228333 0.3788163363933563 0.15628206729888916 0.37721195816993713 0.166254460811615
0 0.44731059670448303 0.16646791994571686 0.4504132568836212 0.15680204331874847 0.4630684554576874 0.16086424887180328 0.4599657952785492 0.17053012549877167
0 0.3102256655693054 0.1792154759168625 0.32396697998046875 0.17718009650707245 0.3254210352897644 0.1869966834783554 0.3116797208786011 0.18903206288814545
0 0.5164446830749512 0.15341059863567352 0.5224971771240234 0.14484690129756927 0.5344173908233643 0.1532716602087021 0.528364896774292 0.16183535754680634
0 0.48881226778030396 0.14469419419765472 0.5044230818748474 0.140334352850914 0.5073263049125671 0.1507294625043869 0.4917154908180237 0.15508930385112762
0 0.017006536945700645 0.46998870372772217 0.031095413491129875 0.4679461121559143 0.03257694095373154 0.47816503047943115 0.018488066270947456 0.480207622051239
0 0.3432278335094452 0.1595616638660431 0.34378233551979065 0.14899581670761108 0.35831400752067566 0.14975842833518982 0.3577595055103302 0.16032427549362183
0 -0.00887235626578331 0.02957170084118843 0.0078174639493227 0.02301400527358055 0.011736011132597923 0.032986994832754135 -0.004953809082508087 0.039544690400362015
0 0.29855114221572876 0.12980955839157104 0.30002766847610474 0.11965131759643555 0.3140977621078491 0.12169647216796875 0.31262123584747314 0.13185471296310425
0 0.4440678358078003 0.19803573191165924 0.458030104637146 0.19689010083675385 0.4588492512702942 0.20687352120876312 0.4448869824409485 0.20801915228366852
0 0.3483871817588806 0.17965975403785706 0.36174678802490234 0.1789953112602234 0.3622440695762634 0.18899422883987427 0.3488844633102417 0.18965867161750793
0 0.06195985525846481 0.055822569876909256 0.07839341461658478 0.054741453379392624 0.07908708602190018 0.06528562307357788 0.06265352666378021 0.06636674702167511
0 0.0037274924106895924 0.11657828092575073 0.008470650762319565 0.10776285827159882 0.020403407514095306 0.11418330669403076 0.015660248696804047 0.12299872934818268
0 0.34734901785850525 0.15772835910320282 0.3609338104724884 0.15573136508464813 0.3623907268047333 0.16564206779003143 0.3488059341907501 0.16763906180858612
0 0.541879415512085 0.09945491701364517 0.5565946102142334 0.0974462702870369 0.5580013990402222 0.1077524796128273 0.5432862043380737 0.10976112633943558
0 0.3524053990840912 0.19636592268943787 0.3546692430973053 0.1868613064289093 0.3667202889919281 0.189731627702713 0.364456444978714 0.19923624396324158
0 0.005217809230089188 0.10083432495594025 0.0060078855603933334 0.09100474417209625 0.019336771219968796 0.09207607805728912 0.01854669488966465 0.10190565884113312
0 0.01638064719736576 0.08522537350654602 0.017877472564578056 0.07503937184810638 0.032192617654800415 0.07714296877384186 0.03069579042494297 0.0873289704322815
0 0.7916284799575806 0.0782545655965805 0.8084945678710938 0.0720600038766861 0.81298828125 0.08429500460624695 0.7961221933364868 0.09048956632614136
0 0.4020221531391144 0.16045157611370087 0.4036516845226288 0.15034238994121552 0.4175616204738617 0.15258459746837616 0.4159320890903473 0.1626937836408615
0 0.3776325583457947 0.17659670114517212 0.39155179262161255 0.17551514506340027 0.39231693744659424 0.1853620409965515 0.37839770317077637 0.18644359707832336
0 0.31957539916038513 0.17449595034122467 0.33291175961494446 0.1704116314649582 0.33578720688819885 0.17980076372623444 0.3224508464336395 0.18388508260250092
0 0.47219809889793396 0.16898581385612488 0.47523489594459534 0.15920701622962952 0.48843613266944885 0.16330665349960327 0.4853993356227875 0.17308545112609863
0 0.33170732855796814 0.13928766548633575 0.3326967656612396 0.12917833030223846 0.34721866250038147 0.13059966266155243 0.34622922539711 0.14070899784564972
0 0.010200020857155323 0.02068660408258438 0.025958530604839325 0.015121471136808395 0.029596608132123947 0.02542322874069214 0.01383809745311737 0.030988361686468124
0 0.4383791387081146 0.1756010204553604 0.44089147448539734 0.16569142043590546 0.4548846185207367 0.16923902928829193 0.452372282743454 0.1791486293077469
0 0.3489893972873688 0.19441480934619904 0.3616885840892792 0.19272221624851227 0.3629990518093109 0.202554389834404 0.3502998650074005 0.20424698293209076
0 0.03392015025019646 0.02018313854932785 0.035042811185121536 0.009280532598495483 0.05265635624527931 0.01109423115849495 0.05153369531035423 0.021996837109327316
0 0.3585590720176697 0.196696937084198 0.37097418308258057 0.19329288601875305 0.37356990575790405 0.20275980234146118 0.36115479469299316 0.20616385340690613
0 0.3212853968143463 0.20255139470100403 0.3332677185535431 0.1982574462890625 0.3365955650806427 0.20754390954971313 0.3246132433414459 0.21183785796165466
0 0.04246491193771362 0.10258974134922028 0.04293406009674072 0.09232844412326813 0.05678556114435196 0.09296174347400665 0.05631641298532486 0.1032230406999588
0 0.02936059609055519 0.4826723337173462 0.029384691268205643 0.47278690338134766 0.043508391827344894 0.47282135486602783 0.04348429664969444 0.48270678520202637
0 0.4948243200778961 0.10617262870073318 0.49556365609169006 0.09567766636610031 0.5120859146118164 0.09684168547391891 0.5113465785980225 0.10733664780855179
0 0.4280282258987427 0.19973769783973694 0.44269078969955444 0.19816970825195312 0.4437645673751831 0.20821067690849304 0.42910200357437134 0.20977866649627686
0 0.04416371509432793 0.0681629404425621 0.059060681611299515 0.06430494040250778 0.06168742850422859 0.07444765418767929 0.046790461987257004 0.07830565422773361
0 0.36761578917503357 0.18475143611431122 0.36897870898246765 0.17489342391490936 0.38216057419776917 0.17671586573123932 0.3807976543903351 0.18657387793064117
0 0.07537282258272171 0.04044906049966812 0.08986719697713852 0.03355979174375534 0.09446724504232407 0.043237850069999695 0.07997287064790726 0.050127118825912476
0 0.3635903000831604 0.1323280781507492 0.3769230246543884 0.12843258678913116 0.3797634243965149 0.1381540447473526 0.36643069982528687 0.14204953610897064
0 0.3101254105567932 0.16071650385856628 0.32358282804489136 0.1575373113155365 0.32587987184524536 0.16726058721542358 0.3124224543571472 0.17043977975845337
0 0.5327154994010925 0.10975758731365204 0.5495569109916687 0.10849955677986145 0.5503246188163757 0.11877745389938354 0.5334832072257996 0.12003548443317413
0 0.39195185899734497 0.1437605768442154 0.3935951590538025 0.13418661057949066 0.40586191415786743 0.13629208505153656 0.4042186141014099 0.1458660513162613
0 0.0604085698723793 0.48619693517684937 0.07438219338655472 0.48331212997436523 0.07642192393541336 0.4931923747062683 0.062448300421237946 0.49607717990875244
0 0.49314239621162415 0.17224660515785217 0.498552143573761 0.1635526418685913 0.5103185176849365 0.17087411880493164 0.5049087405204773 0.1795680820941925
0 0.08058692514896393 0.44426703453063965 0.09303577244281769 0.43699371814727783 0.0983176976442337 0.44603413343429565 0.08586885035037994 0.45330744981765747
0 0.4430246651172638 0.18479561805725098 0.4442509114742279 0.17493930459022522 0.45780572295188904 0.17662566900253296 0.4565794765949249 0.18648198246955872
0 0.3272126317024231 0.19988974928855896 0.327379047870636 0.19015923142433167 0.33967167139053345 0.19036948680877686 0.33950525522232056 0.20010000467300415
0 0.4151526689529419 0.18060316145420074 0.42805635929107666 0.17927472293376923 0.42906999588012695 0.18912063539028168 0.4161663055419922 0.1904490739107132
0 0.3109681010246277 0.16982552409172058 0.3241046667098999 0.16679459810256958 0.32630455493927 0.17632946372032166 0.3131679892539978 0.17936038970947266
0 0.34170740842819214 0.12398379296064377 0.3442312479019165 0.11445140093564987 0.35717713832855225 0.11787907034158707 0.3546532988548279 0.12741145491600037
0 0.32875093817710876 0.1895821988582611 0.33020612597465515 0.18012386560440063 0.34271857142448425 0.18204891681671143 0.34126338362693787 0.1915072500705719
0 0.3187561333179474 0.19488441944122314 0.3312678635120392 0.19050517678260803 0.3345201909542084 0.19979730248451233 0.3220084607601166 0.20417654514312744
0 0.3265604078769684 0.12038397043943405 0.3272955119609833 0.1102725937962532 0.3405788242816925 0.11123832315206528 0.3398437201976776 0.12134969979524612
0 0.41878774762153625 0.19553858041763306 0.43197736144065857 0.19400829076766968 0.4331413805484772 0.2040410041809082 0.41995176672935486 0.20557129383087158
0 0.04997651278972626 0.4828896224498749 0.050821833312511444 0.47294047474861145 0.06457491219043732 0.474109023809433 0.06372959166765213 0.4840581715106964
0 0.2472764253616333 0.19619129598140717 0.25039535760879517 0.18679772317409515 0.26267123222351074 0.1908736675977707 0.2595522999763489 0.2002672404050827
0 0.30493098497390747 0.13045895099639893 0.3176470398902893 0.130219966173172 0.3178327679634094 0.1401042342185974 0.3051167130470276 0.14034321904182434
0 0.007251402363181114 0.12072305381298065 0.019015289843082428 0.11671072989702225 0.022191621363162994 0.1260235458612442 0.01042773388326168 0.1300358772277832
0 0.039982058107852936 0.041371650993824005 0.05572137236595154 0.038869522511959076 0.05739450454711914 0.049394138157367706 0.04165519028902054 0.051896266639232635
0 0.3028407096862793 0.20261983573436737 0.3158102035522461 0.20028097927570343 0.31755393743515015 0.2099505215883255 0.30458444356918335 0.21228937804698944
0 0.3373703956604004 0.18611960113048553 0.34966814517974854 0.18371199071407318 0.35149675607681274 0.19305233657360077 0.3391990065574646 0.19545994699001312
0 0.005607245955616236 0.051947250962257385 0.006966803688555956 0.04176191985607147 0.02070891298353672 0.04359624534845352 0.019349355250597 0.053781576454639435
0 0.023154526948928833 0.1371339112520218 0.024313688278198242 0.1271946281194687 0.03537492826581001 0.12848465144634247 0.034215766936540604 0.13842393457889557
0 0.025302937254309654 0.11578434705734253 0.030719537287950516 0.10717649757862091 0.04228650778532028 0.11445516347885132 0.03686990961432457 0.12306301295757294
0 0.04773135483264923 0.44827407598495483 0.058503031730651855 0.440088152885437 0.0646040290594101 0.4481163024902344 0.05383235216140747 0.4563022255897522
0 0.03453609719872475 0.13208141922950745 0.03822268173098564 0.12309811264276505 0.04949139431118965 0.1277225911617279 0.04580480977892876 0.1367059051990509
0 0.32420751452445984 0.1679030954837799 0.32430192828178406 0.15807941555976868 0.3369080722332001 0.15820059180259705 0.33681365847587585 0.16802427172660828
0 -0.006848862394690514 0.4391842484474182 0.006537736393511295 0.4357566833496094 0.008900140412151814 0.44498324394226074 -0.004486458376049995 0.4484108090400696
0 0.0030026533640921116 0.516480565071106 0.015973778441548347 0.5094867944717407 0.02092631347477436 0.518671989440918 0.007955187931656837 0.5256657600402832
0 -0.000657350872643292 0.062485139816999435 0.01465994119644165 0.06182762607932091 0.01511826366186142 0.07250469923019409 -0.00019902829080820084 0.07316221296787262
0 0.2689250707626343 0.16629965603351593 0.2825395464897156 0.16583125293254852 0.28288424015045166 0.1758504956960678 0.26926976442337036 0.17631889879703522
0 0.30180972814559937 0.14656394720077515 0.3040299415588379 0.13700303435325623 0.31620585918426514 0.13983052968978882 0.3139856457710266 0.14939144253730774
0 0.020010650157928467 0.4632042348384857 0.031247233971953392 0.46125248074531555 0.03284817934036255 0.47046932578086853 0.021611595526337624 0.4724210798740387
0 0.014362562447786331 0.4395941495895386 0.024214748293161392 0.4329562187194824 0.029643692076206207 0.44101399183273315 0.019791506230831146 0.4476519227027893
0 0.0551990307867527 0.4572053551673889 0.06728963553905487 0.45116758346557617 0.07169865071773529 0.45999664068222046 0.05960804224014282 0.4660344123840332
0 0.36224499344825745 0.1906336396932602 0.3628861606121063 0.18084163963794708 0.37607595324516296 0.1817052811384201 0.3754347860813141 0.19149728119373322
0 0.34526365995407104 0.2044679820537567 0.3561958074569702 0.19873082637786865 0.36063045263290405 0.20718106627464294 0.3496983051300049 0.212918221950531
0 0.3619272708892822 0.11957770586013794 0.36294764280319214 0.10971881449222565 0.37636107206344604 0.11110708117485046 0.37534070014953613 0.12096597254276276
0 0.3349815309047699 0.1836620569229126 0.33734914660453796 0.1744215190410614 0.3503158390522003 0.17774388194084167 0.34794822335243225 0.18698441982269287
0 0.06829506903886795 0.4686766266822815 0.08004284650087357 0.46494436264038086 0.08306338638067245 0.4744518995285034 0.07131560891866684 0.47818416357040405
0 0.3167642056941986 0.12957623600959778 0.31733110547065735 0.11995051801204681 0.33009353280067444 0.12070217728614807 0.3295266330242157 0.13032789528369904
0 0.23374183475971222 0.1826096922159195 0.23729835450649261 0.1733994334936142 0.24892814457416534 0.17789025604724884 0.24537162482738495 0.18710051476955414
0 0.016319796442985535 0.4778588116168976 0.029993724077939987 0.4748370945453644 0.03220276162028313 0.4848335087299347 0.018528833985328674 0.4878552258014679
0 0.27011850476264954 0.17341847717761993 0.2835359275341034 0.17323477566242218 0.28366896510124207 0.1829507201910019 0.2702515423297882 0.18313442170619965
0 0.3310043513774872 0.16520819067955017 0.3432416617870331 0.16221404075622559 0.34552642703056335 0.1715521514415741 0.33328911662101746 0.17454630136489868
0 0.055293574929237366 0.4353856146335602 0.06800417602062225 0.42934510111808777 0.07231451570987701 0.43841496109962463 0.059603914618492126 0.44445547461509705
0 0.2451440542936325 0.18169337511062622 0.24769626557826996 0.17240774631500244 0.2591402530670166 0.17555317282676697 0.25658804178237915 0.18483880162239075
0 0.06969822198152542 0.45053526759147644 0.08134739845991135 0.4439045488834381 0.08624225109815598 0.45250412821769714 0.07459307461977005 0.4591348469257355
0 0.07354235649108887 0.47819480299949646 0.08654703199863434 0.4763357937335968 0.087971031665802 0.48629727959632874 0.07496635615825653 0.4881562888622284
0 0.023614611476659775 0.12620481848716736 0.024723120033740997 0.11643052101135254 0.03528911620378494 0.11762881278991699 0.03418060764670372 0.1274031102657318
0 0.04313958063721657 0.4292975068092346 0.056292224675416946 0.42474597692489624 0.059516508132219315 0.43406325578689575 0.046363864094018936 0.43861478567123413
0 0.24128256738185883 0.17428284883499146 0.24181540310382843 0.16434717178344727 0.2556295394897461 0.1650879979133606 0.2550966739654541 0.17502367496490479
0 0.26269885897636414 0.18345095217227936 0.2653258144855499 0.17434440553188324 0.2773919999599457 0.1778251677751541 0.2747650444507599 0.18693171441555023
0 0.4532705247402191 0.17960721254348755 0.455229789018631 0.16990482807159424 0.4681347906589508 0.17251083254814148 0.46617552638053894 0.1822132170200348
0 0.35220083594322205 0.2100050300359726 0.36141958832740784 0.20248191058635712 0.36752763390541077 0.20996664464473724 0.358308881521225 0.21748976409435272
0 0.027161486446857452 0.44496479630470276 0.03850942850112915 0.43860092759132385 0.043389953672885895 0.44730380177497864 0.0320420116186142 0.45366767048835754
0 -0.004757433198392391 0.11492053419351578 -0.0021107904613018036 0.10545066744089127 0.010067680850625038 0.10885431617498398 0.0074210381135344505 0.11832418292760849
0 0.2580316960811615 0.17158344388008118 0.26030853390693665 0.16142314672470093 0.2737022936344147 0.16442453861236572 0.2714254558086395 0.17458483576774597
0 0.2543742060661316 0.18531222641468048 0.25982797145843506 0.176197811961174 0.27150988578796387 0.18318788707256317 0.2660561203956604 0.19230230152606964
0 0.28954753279685974 0.19679458439350128 0.30290088057518005 0.19559265673160553 0.30374863743782043 0.20501159131526947 0.2903952896595001 0.20621351897716522
0 0.3004900813102722 0.192758709192276 0.31354957818984985 0.192758709192276 0.31354957818984985 0.20235243439674377 0.3004900813102722 0.20235243439674377
0 0.29594066739082336 0.18737559020519257 0.3084699809551239 0.186496302485466 0.3091857135295868 0.19669495522975922 0.29665639996528625 0.19757424294948578
0 0.2876364588737488 0.17932936549186707 0.3009774684906006 0.17640209197998047 0.30298739671707153 0.18556225299835205 0.2896463871002197 0.18848952651023865
0 0.2950426936149597 0.17583544552326202 0.3091299533843994 0.17165423929691315 0.3119249939918518 0.18107129633426666 0.2978377342224121 0.18525250256061554
0 0.2802477777004242 0.18077869713306427 0.2810004651546478 0.17130820453166962 0.29295673966407776 0.17225845158100128 0.2922040522098541 0.18172894418239594
0 0.2773115038871765 0.1654238998889923 0.28963226079940796 0.16253197193145752 0.29186826944351196 0.17205822467803955 0.2795475125312805 0.17495015263557434
0 0.29293134808540344 0.17094077169895172 0.29326775670051575 0.16087298095226288 0.3057422935962677 0.16128979623317719 0.3054058849811554 0.17135758697986603
0 0.2588726580142975 0.19822698831558228 0.259194940328598 0.18737587332725525 0.27274730801582336 0.18777841329574585 0.2724250257015228 0.19862952828407288
0 0.26789623498916626 0.1922481656074524 0.2688296437263489 0.18272417783737183 0.28081703186035156 0.18389904499053955 0.27988362312316895 0.19342303276062012
0 0.2727150619029999 0.19360755383968353 0.27462658286094666 0.1838231235742569 0.28794243931770325 0.18642453849315643 0.28603091835975647 0.19620896875858307
0 0.28382408618927 0.1897972673177719 0.2903428077697754 0.18106095492839813 0.30173206329345703 0.1895591765642166 0.29521334171295166 0.1982954889535904
0 0.27005136013031006 0.19248585402965546 0.28224462270736694 0.188727006316185 0.2850332260131836 0.19777299463748932 0.2728399634361267 0.20153184235095978
0 0.2773815989494324 0.19571757316589355 0.2886970639228821 0.19334226846694946 0.2906249165534973 0.20252612233161926 0.2793094515800476 0.20490142703056335
0 0.34491023421287537 0.21772843599319458 0.34706661105155945 0.20652568340301514 0.3573664724826813 0.20850828289985657 0.3552100956439972 0.219711035490036
0 0.2926883399486542 0.15327510237693787 0.29285600781440735 0.14274507761001587 0.30552902817726135 0.14294686913490295 0.3053613603115082 0.15347689390182495
0 0.4344964027404785 0.19047343730926514 0.4465249180793762 0.18530157208442688 0.4505605697631836 0.19468751549720764 0.4385320544242859 0.1998593807220459
0 0.357339084148407 0.09735151380300522 0.37172120809555054 0.09373287111520767 0.37408924102783203 0.10314445942640305 0.3597071170806885 0.10676310211420059
0 0.6852542161941528 0.10619638115167618 0.7048389911651611 0.10099848359823227 0.707666277885437 0.11165126413106918 0.6880815029144287 0.11684916168451309
0 -0.0018804098945111036 0.4188680648803711 0.012345337308943272 0.41686248779296875 0.013790090568363667 0.4271104335784912 -0.0004356568679213524 0.42911601066589355
0 0.0340987890958786 0.4186992347240448 0.0483224093914032 0.41669395565986633 0.04976928234100342 0.4269568622112274 0.03554566204547882 0.4289621412754059
0 0.02938954345881939 0.43139803409576416 0.04361528158187866 0.4293924570083618 0.045060038566589355 0.4396404027938843 0.030834302306175232 0.4416459798812866
0 0.03334920108318329 0.46147942543029785 0.04757494479417801 0.4594738483428955 0.0490197017788887 0.46972179412841797 0.03479395806789398 0.4717273712158203
0 0.041814543306827545 0.45559370517730713 0.05602928251028061 0.45355457067489624 0.057501114904880524 0.4638146758079529 0.04328637570142746 0.46585381031036377
0 0.0743798241019249 0.42900267243385315 0.08860559016466141 0.4269970953464508 0.0900503471493721 0.43724504113197327 0.07582458108663559 0.4392506182193756
0 -0.007461301051080227 0.42766207456588745 0.006753432564437389 0.42562294006347656 0.008225268684327602 0.4358830451965332 -0.005989464931190014 0.4379221796989441
0 0.02403673157095909 0.4883008897304535 0.03823554515838623 0.4862639605998993 0.03970710560679436 0.4965217411518097 0.025508292019367218 0.4985586702823639
0 0.03109092265367508 0.45302918553352356 0.04135666787624359 0.44639989733695984 0.046682827174663544 0.4546476900577545 0.03641708195209503 0.46127697825431824
0 0.02443781867623329 0.42140161991119385 0.03738321736454964 0.42140161991119385 0.03738321736454964 0.4314253330230713 0.02443781867623329 0.4314253330230713
0 0.059839554131031036 0.44442033767700195 0.07125792652368546 0.437705934047699 0.07644929736852646 0.44653427600860596 0.06503092497587204 0.45324867963790894
0 0.066560298204422 0.45748430490493774 0.0791073888540268 0.45572328567504883 0.0804668664932251 0.46540963649749756 0.0679197758436203 0.4671706557273865
0 0.0786854475736618 0.47039151191711426 0.09177114069461823 0.46816009283065796 0.09340330958366394 0.4777315855026245 0.08031761646270752 0.4799630045890808
0 0.098078653216362 0.44006553292274475 0.10895472764968872 0.43195870518684387 0.11523620784282684 0.4403859078884125 0.10436013340950012 0.44849273562431335
0 0.10704506933689117 0.4460233449935913 0.118746817111969 0.44073039293289185 0.12284177541732788 0.4497836232185364 0.11114002764225006 0.45507657527923584
0 0.11005978286266327 0.41138923168182373 0.1223669946193695 0.4100527763366699 0.12339568138122559 0.41952574253082275 0.11108846962451935 0.42086219787597656
0 0.0038382341153919697 0.4314359128475189 0.016200408339500427 0.4262390434741974 0.020520761609077454 0.4365161955356598 0.008158586919307709 0.4417130649089813
