0 0.2688854932785034 0.0682515799999237 0.283835232257843 0.05578526481986046 0.323621928691864 0.10349789261817932 0.3086721897125244 0.11596420407295227
0 0.223971888422966 0.024473043158650398 0.23868151009082794 0.013199867680668831 0.27462732791900635 0.060103148221969604 0.259917676448822 0.07137632369995117
0 -0.010955873876810074 0.549832820892334 0.011306557804346085 0.5311180353164673 0.0902758538722992 0.6250572204589844 0.06801342964172363 0.6437720060348511
0 0.007066758349537849 0.06259232759475708 0.029492633417248726 0.044552069157361984 0.08856768161058426 0.11798834800720215 0.06614180654287338 0.13602860271930695
0 0.05366398021578789 0.2598950266838074 0.12247369438409805 0.22661985456943512 0.13012520968914032 0.24244242906570435 0.06131549924612045 0.2757176160812378
0 0.5287073254585266 0.9751261472702026 0.5657750964164734 0.846869707107544 0.5965357422828674 0.8557599782943726 0.5594679713249207 0.9840164184570312
0 0.17958563566207886 0.5371806025505066 0.30523696541786194 0.47964340448379517 0.31641194224357605 0.504047691822052 0.19076061248779297 0.5615848898887634
0 -0.0038975467905402184 0.2635357081890106 0.14440689980983734 0.1981673538684845 0.1549890786409378 0.2221756875514984 0.006684631109237671 0.28754404187202454
0 0.15707959234714508 0.046667616814374924 0.17062170803546906 0.03580644726753235 0.2076575607061386 0.08198414742946625 0.19411544501781464 0.09284532070159912
0 0.16994674503803253 -0.025596804916858673 0.18381379544734955 -0.03711036220192909 0.2240041047334671 0.011295277625322342 0.21013705432415009 0.02280883491039276
0 0.39791542291641235 0.23120331764221191 0.4126042127609253 0.21839281916618347 0.4527830481529236 0.2644626796245575 0.43809425830841064 0.27727317810058594
