0 0.5462114214897156 0.6134567260742188 0.551485002040863 0.5983067750930786 0.5638386607170105 0.6026068925857544 0.558565080165863 0.6177568435668945
0 0.912428617477417 0.7458801865577698 0.9273148775100708 0.7355470061302185 0.9345402717590332 0.7459561228752136 0.9196540117263794 0.7562893033027649
0 0.321887731552124 0.15080086886882782 0.33586257696151733 0.15038831532001495 0.33617037534713745 0.16081516444683075 0.32219552993774414 0.16122771799564362
1 0.5965211987495422 0.96065354347229 0.71184903383255 0.8802073001861572 0.7249917387962341 0.8990488052368164 0.6096639037132263 0.9794950485229492
1 0.5668257474899292 0.5495971441268921 0.5827351808547974 0.5395615100860596 0.6434012651443481 0.635735034942627 0.62749183177948 0.6457706689834595
1 0.5079591870307922 0.4673006534576416 0.5828965306282043 0.3803912401199341 0.5970861315727234 0.39262622594833374 0.5221487879753113 0.47953563928604126
1 0.4646283984184265 0.19518546760082245 0.5438072085380554 0.10745299607515335 0.5595778822898865 0.12168608605861664 0.48039907217025757 0.20941856503486633
0 0.24547754228115082 0.10032213479280472 0.24577192962169647 0.0899328961968422 0.2595059275627136 0.09032206982374191 0.25921154022216797 0.10071130841970444
0 0.18284352123737335 0.2957562804222107 0.1837792545557022 0.285987913608551 0.1974858194589615 0.28730088472366333 0.19655008614063263 0.297069251537323
0 0.2631455063819885 0.3337974548339844 0.26743924617767334 0.3245147466659546 0.27906399965286255 0.32989180088043213 0.27477025985717773 0.3391745090484619
0 -0.003235357813537121 0.6798809170722961 0.011083685792982578 0.6782655119895935 0.012191935442388058 0.6880890727043152 -0.0021271081641316414 0.6897044777870178
