0 0.9383476376533508 0.7339973449707031 0.9405372738838196 0.7245633602142334 0.952717125415802 0.7273902893066406 0.9505274891853333 0.7368242740631104
0 0.9939091801643372 0.7806041836738586 0.9943899512290955 0.7708298563957214 1.0060012340545654 0.7714009881019592 1.0055205821990967 0.7811753153800964
0 0.9141803979873657 0.13773657381534576 0.9143774509429932 0.12684325873851776 0.9284007549285889 0.1270969957113266 0.9282037019729614 0.1379903107881546
0 0.9315295219421387 0.358503520488739 0.936076283454895 0.3490697145462036 0.9476765394210815 0.3546605706214905 0.9431297779083252 0.3640943765640259
0 0.9430138468742371 0.7448769211769104 0.9449451565742493 0.7355528473854065 0.9563910365104675 0.7379236817359924 0.9544597268104553 0.7472477555274963
0 0.9392261505126953 0.7316179871559143 0.9419345855712891 0.7222551703453064 0.9543182849884033 0.7258375287055969 0.9516098499298096 0.7352003455162048
0 0.9221202731132507 0.7416382431983948 0.9233034253120422 0.7320109009742737 0.9349163174629211 0.7334380745887756 0.9337331652641296 0.7430654168128967
0 0.9441475868225098 0.3456001877784729 0.9454838037490845 0.3355475664138794 0.9572670459747314 0.3371138572692871 0.9559308290481567 0.3471664786338806
0 0.9204040169715881 0.12286314368247986 0.9220947623252869 0.1131962239742279 0.9339306950569153 0.115266352891922 0.9322399497032166 0.12493327260017395
0 0.9223480224609375 0.7244619727134705 0.9339971542358398 0.7239012122154236 0.9344749450683594 0.7338265776634216 0.922825813293457 0.7343873381614685
