0 0.22186675667762756 0.8780010342597961 0.23501887917518616 0.8742795586585999 0.24156823754310608 0.8974254727363586 0.22841611504554749 0.9011469483375549
0 0.3418576717376709 0.8863051533699036 0.355063796043396 0.8837366700172424 0.3598303198814392 0.9082444310188293 0.3466241955757141 0.9108129143714905
0 0.8165088891983032 0.7493160963058472 0.8184216022491455 0.7390425205230713 0.8337172269821167 0.7418901920318604 0.8318045139312744 0.7521637678146362
0 0.8996531963348389 0.4022231698036194 0.8998509645462036 0.3864542245864868 0.9117026329040527 0.38660281896591187 0.911504864692688 0.40237176418304443
0 0.9118936061859131 0.43967753648757935 0.9232966899871826 0.4395672082901001 0.9234122037887573 0.45150554180145264 0.9120091199874878 0.4516158699989319
0 0.8533212542533875 0.4727531373500824 0.8615723252296448 0.4663181006908417 0.870134174823761 0.47729626297950745 0.8618831038475037 0.48373129963874817
1 0.10214535892009735 0.6959841847419739 0.12123389542102814 0.6816510558128357 0.17762704193592072 0.7567542195320129 0.15853850543498993 0.7710873484611511
0 0.950465202331543 0.2265116274356842 0.9584301710128784 0.21405091881752014 0.9681416749954224 0.22025856375694275 0.9601767063140869 0.2327192723751068
0 0.9947952032089233 0.4597763121128082 0.9951502084732056 0.4462690055370331 1.00631844997406 0.4465624988079071 1.0059634447097778 0.46006980538368225
0 0.19224806129932404 0.7032037377357483 0.19383491575717926 0.6927500367164612 0.2064812332391739 0.694669783115387 0.20489437878131866 0.7051234841346741
0 0.15264922380447388 0.5318408608436584 0.16391536593437195 0.5293297171592712 0.16657942533493042 0.5412819981575012 0.15531328320503235 0.5437931418418884
0 0.7221046090126038 0.6136883497238159 0.732556164264679 0.6130192279815674 0.7333096861839294 0.6247892379760742 0.7228581309318542 0.6254583597183228
0 0.7512040734291077 0.3636602461338043 0.7600703835487366 0.3552713096141815 0.7670863270759583 0.36268654465675354 0.7582200169563293 0.37107548117637634
0 0.7315460443496704 0.7309715747833252 0.7381644248962402 0.7228548526763916 0.7478084564208984 0.7307184934616089 0.7411900758743286 0.7388352155685425
