0 0.8461499810218811 0.9729739427566528 0.8576533198356628 0.9617871046066284 0.8652341961860657 0.9695824384689331 0.8537308573722839 0.9807692766189575
0 0.9213009476661682 0.21190719306468964 0.9310244917869568 0.21086980402469635 0.932399570941925 0.22375799715518951 0.9226760268211365 0.2247953861951828
0 0.9363590478897095 0.19075754284858704 0.9460365772247314 0.1872386932373047 0.9507755041122437 0.20027175545692444 0.9410979747772217 0.2037906050682068
0 0.9169227480888367 0.20396551489830017 0.9265798926353455 0.20264539122581482 0.9282180666923523 0.2146293818950653 0.9185609221458435 0.21594950556755066
0 0.8929311037063599 0.18876118957996368 0.9019159078598022 0.18364720046520233 0.9083454608917236 0.19494329392910004 0.8993606567382812 0.2000572830438614
0 0.9745951294898987 0.1793886423110962 0.9846981167793274 0.17846593260765076 0.98588627576828 0.19147509336471558 0.9757832884788513 0.192397803068161
0 0.9270021319389343 0.2028069794178009 0.9361247420310974 0.19755524396896362 0.9430217146873474 0.20953577756881714 0.9338991045951843 0.21478751301765442
0 0.8668820858001709 0.20470520853996277 0.8753960132598877 0.19883620738983154 0.88312828540802 0.2100532054901123 0.8746143579483032 0.21592220664024353
1 0.9517269134521484 0.3329554796218872 0.9563770294189453 0.3186171054840088 0.985952615737915 0.3282088041305542 0.9813024997711182 0.3425471782684326
0 0.8736088275909424 0.1967049539089203 0.8841245174407959 0.19250530004501343 0.8895504474639893 0.20609143376350403 0.8790347576141357 0.2102910876274109
0 0.8757518529891968 0.2096373587846756 0.8860372304916382 0.20507551729679108 0.8917602300643921 0.21797896921634674 0.8814748525619507 0.22254081070423126
0 0.9348857402801514 0.21589744091033936 0.9449621438980103 0.21373701095581055 0.9477427005767822 0.22670572996139526 0.9376662969589233 0.22886615991592407
0 0.9474040865898132 0.1900615394115448 0.9583120942115784 0.18728023767471313 0.9614108204841614 0.19943338632583618 0.9505028128623962 0.20221468806266785
0 0.9855919480323792 0.19181527197360992 0.9957299828529358 0.19010089337825775 0.9978218674659729 0.20247112214565277 0.9876838326454163 0.20418550074100494
0 0.5446085333824158 0.884040892124176 0.5532999634742737 0.8758847117424011 0.5621381402015686 0.8853028416633606 0.5534467101097107 0.8934590220451355
