0 0.04838179051876068 0.408469021320343 0.057072676718235016 0.4029858708381653 0.06350613385438919 0.4131830334663391 0.054815247654914856 0.41866618394851685
0 0.05498756468296051 0.4256829619407654 0.0643739253282547 0.41984546184539795 0.07094630599021912 0.43041348457336426 0.06155994534492493 0.4362509846687317
0 0.04467475041747093 0.43970757722854614 0.05013575032353401 0.43067872524261475 0.06197333708405495 0.4378385543823242 0.05651233717799187 0.4468674063682556
0 0.06485208123922348 0.4409010410308838 0.07358739525079727 0.4350535273551941 0.0803128257393837 0.4451003074645996 0.0715775117278099 0.4509478211402893
0 0.056918323040008545 0.45737791061401367 0.0651797503232956 0.4497072100639343 0.07328152656555176 0.4584329128265381 0.06502009928226471 0.46610361337661743
0 0.07074351608753204 0.4652581214904785 0.07799229025840759 0.4575704336166382 0.08738376200199127 0.46642571687698364 0.08013498783111572 0.474113404750824
0 0.3402312397956848 0.7364029884338379 0.3499956727027893 0.7324421405792236 0.35545724630355835 0.7459064722061157 0.34569281339645386 0.74986732006073
0 0.0780441090464592 0.4587155878543854 0.0868082121014595 0.4532511532306671 0.09303180128335953 0.46323278546333313 0.08426769822835922 0.4686972200870514
0 0.07225704193115234 0.46997490525245667 0.0821126252412796 0.4665733873844147 0.08584119379520416 0.4773765504360199 0.0759856104850769 0.4807780683040619
0 0.05968526378273964 0.47506794333457947 0.06621058285236359 0.4663839638233185 0.07668709754943848 0.4742561876773834 0.07016177475452423 0.4829401671886444
0 0.199545219540596 0.4810330271720886 0.20658458769321442 0.4727877974510193 0.21767859160900116 0.4822593331336975 0.21063922345638275 0.49050456285476685
0 0.2054961770772934 0.4737904965877533 0.21545322239398956 0.4704452455043793 0.21958740055561066 0.48275062441825867 0.2096303552389145 0.4860958755016327
0 0.20767425000667572 0.4680509567260742 0.2176174372434616 0.464241087436676 0.22234685719013214 0.47658413648605347 0.21240366995334625 0.48039400577545166
0 0.22531786561012268 0.47025465965270996 0.2343491017818451 0.4645881652832031 0.24099844694137573 0.4751858711242676 0.23196721076965332 0.4808523654937744
0 0.2378080189228058 0.46832767128944397 0.24852633476257324 0.46628740429878235 0.25085291266441345 0.4785097539424896 0.240134596824646 0.48055002093315125
0 0.22649390995502472 0.48191002011299133 0.23615972697734833 0.47700318694114685 0.2417563945055008 0.4880278408527374 0.23209057748317719 0.4929346740245819
0 0.24128690361976624 0.4792953431606293 0.2518147826194763 0.47916147112846375 0.2519691586494446 0.49130144715309143 0.2414412796497345 0.49143531918525696
0 0.22302787005901337 0.49438607692718506 0.23003457486629486 0.4869099259376526 0.2392556220293045 0.4955519437789917 0.232248917222023 0.5030280947685242
0 0.2072739154100418 0.48977410793304443 0.21706806123256683 0.48572027683258057 0.2223498374223709 0.4984811544418335 0.2125556915998459 0.5025349855422974
1 0.1843329817056656 0.7682037949562073 0.1882544308900833 0.7478528618812561 0.2414090484380722 0.7580953240394592 0.23748759925365448 0.7784462571144104
1 0.6959090828895569 0.6251201629638672 0.7083598971366882 0.6049462556838989 0.7204461693763733 0.61240553855896 0.7079953551292419 0.6325794458389282
0 0.6923530101776123 0.5054515600204468 0.703224778175354 0.5025737285614014 0.7064173221588135 0.5146346092224121 0.6955455541610718 0.5175124406814575
0 0.6997070908546448 0.5039467215538025 0.7085184454917908 0.49769848585128784 0.7155919671058655 0.5076737999916077 0.7067806124687195 0.5139220356941223
0 0.0981442928314209 0.7031657695770264 0.10171391069889069 0.692599892616272 0.11751115322113037 0.6979368925094604 0.11394153535366058 0.7085027694702148
0 0.7123984694480896 0.5167683959007263 0.7200563549995422 0.5100995898246765 0.727577269077301 0.5187358260154724 0.7199193835258484 0.5254046320915222
0 0.945929229259491 0.7213761210441589 0.94924396276474 0.7120354771614075 0.9600359797477722 0.7158651947975159 0.9567212462425232 0.7252058386802673
0 0.09570806473493576 0.6052732467651367 0.10816850513219833 0.6006079912185669 0.1118270680308342 0.6103795766830444 0.09936662763357162 0.6150448322296143
0 0.25990965962409973 0.5762155055999756 0.270539253950119 0.5748512744903564 0.2722197473049164 0.5879449844360352 0.2615901529788971 0.5893092155456543
