0 0.4192314147949219 0.3546731173992157 0.4626636505126953 0.3141830861568451 0.4746400713920593 0.3270297944545746 0.4312078356742859 0.3675198256969452
0 0.5217966437339783 0.2591279447078705 0.5727542042732239 0.21353085339069366 0.5873264670372009 0.2298162281513214 0.5363689064979553 0.2754133343696594
0 0.47302231192588806 0.305282324552536 0.5233126282691956 0.26047804951667786 0.5359470844268799 0.27465954422950745 0.4856567978858948 0.3194638192653656
0 0.35061341524124146 0.3346318304538727 0.4149794578552246 0.2779604494571686 0.42746204137802124 0.29213783144950867 0.3630959987640381 0.34880921244621277
0 0.42746803164482117 0.19554629921913147 0.46578219532966614 0.18482401967048645 0.469512015581131 0.1981518566608429 0.431197851896286 0.20887413620948792
0 0.2109515368938446 0.2951276898384094 0.2133089303970337 0.2815425395965576 0.2623901665210724 0.2900594472885132 0.2600327730178833 0.303644597530365
0 0.44091612100601196 0.21880650520324707 0.4792488217353821 0.2075653076171875 0.4830631613731384 0.2205723524093628 0.4447304606437683 0.23181354999542236
0 0.3911764323711395 0.21980872750282288 0.43662789463996887 0.2054583728313446 0.44085732102394104 0.21885418891906738 0.3954058587551117 0.23320454359054565
1 0.5570433735847473 0.9606680870056152 0.6096264719963074 0.946271538734436 0.614565908908844 0.9643126726150513 0.5619828104972839 0.9787092208862305
0 0.3606809675693512 0.3443225920200348 0.4323992431163788 0.28279587626457214 0.4464346468448639 0.29915615916252136 0.3747163712978363 0.360682874917984
0 0.37553921341896057 0.352954626083374 0.41751351952552795 0.3141782283782959 0.4285101592540741 0.3260817527770996 0.3865358531475067 0.36485815048217773
0 0.29308047890663147 0.25540420413017273 0.3637180030345917 0.2466733753681183 0.3655416667461395 0.26142796874046326 0.2949041426181793 0.2701587975025177
0 0.3045214116573334 0.2617146074771881 0.32238849997520447 0.25961753726005554 0.3236306607723236 0.2702007591724396 0.3057635724544525 0.27229782938957214
0 0.3003188669681549 0.2944492697715759 0.3824211061000824 0.2860875725746155 0.38410213589668274 0.3025931715965271 0.30199989676475525 0.31095486879348755
0 0.42419755458831787 0.24499499797821045 0.4267866611480713 0.23474085330963135 0.44553714990615845 0.23947525024414062 0.44294804334640503 0.24972939491271973
0 0.46104684472084045 0.24651497602462769 0.4807629883289337 0.2444097399711609 0.48189595341682434 0.2550203204154968 0.4621798098087311 0.2571255564689636
0 0.4666769504547119 0.30506783723831177 0.47526705265045166 0.2926379442214966 0.4840952157974243 0.298738956451416 0.47550511360168457 0.3111688494682312
0 0.423356294631958 0.21577243506908417 0.47751885652542114 0.20084847509860992 0.4813033938407898 0.21458347141742706 0.42714083194732666 0.2295074313879013
0 0.42681071162223816 0.2011946439743042 0.46939465403556824 0.18917715549468994 0.47289225459098816 0.20157089829444885 0.4303083121776581 0.2135883867740631
0 0.3795279860496521 0.17895111441612244 0.38935530185699463 0.16770324110984802 0.397466778755188 0.17479029297828674 0.38763946294784546 0.18603816628456116
1 0.0766291618347168 0.249251589179039 0.0867789089679718 0.24014578759670258 0.10590291023254395 0.26146233081817627 0.09575316309928894 0.2705681324005127
