0 0.0017798603512346745 0.19064486026763916 0.01735934615135193 0.18232974410057068 0.022746093571186066 0.1924225389957428 0.007166607305407524 0.20073765516281128
0 -0.0013852505944669247 0.28050586581230164 0.007953807711601257 0.2732039988040924 0.019048595800995827 0.2873941957950592 0.009709537029266357 0.29469606280326843
0 0.3013197183609009 0.010888014920055866 0.30229926109313965 0.00025269377510994673 0.31926608085632324 0.0018153805285692215 0.3182865381240845 0.01245070155709982
0 0.7510143518447876 0.6217472553253174 0.7666454315185547 0.6159836053848267 0.7739980220794678 0.6359239816665649 0.7583669424057007 0.6416876316070557
0 0.010360633954405785 0.2959531247615814 0.020623156800866127 0.29161337018013 0.026794826611876488 0.30620792508125305 0.016532303765416145 0.31054767966270447
0 0.31919413805007935 0.025448638945817947 0.3207405209541321 0.015054306946694851 0.34032684564590454 0.017968174070119858 0.3387804627418518 0.02836250513792038
0 0.29807978868484497 0.012921934947371483 0.3016347289085388 0.0033535959664732218 0.3152706027030945 0.008419755846261978 0.31171566247940063 0.017988095059990883
0 0.3206276595592499 0.02332443930208683 0.32215383648872375 0.01301613636314869 0.34056875109672546 0.015742523595690727 0.3390425741672516 0.026050826534628868
0 0.301623672246933 0.07410209625959396 0.3168468773365021 0.07233896106481552 0.3180527985095978 0.08275111764669418 0.3028295934200287 0.08451425284147263
1 0.25388985872268677 0.6468232274055481 0.2577057480812073 0.6264992356300354 0.3507654666900635 0.6439713835716248 0.34694957733154297 0.6642953753471375
1 0.1988707184791565 0.6346896886825562 0.2611098289489746 0.6196388006210327 0.26504772901535034 0.6359230279922485 0.20280861854553223 0.650973916053772
1 0.3316902220249176 0.2952050566673279 0.4000456631183624 0.25538402795791626 0.4080605208873749 0.2691420912742615 0.33970507979393005 0.3089631199836731
0 0.03687075525522232 0.33967822790145874 0.049537211656570435 0.3331911563873291 0.0595988929271698 0.3528372049331665 0.046932436525821686 0.35932427644729614
0 0.26964136958122253 0.13421528041362762 0.2841669023036957 0.13263075053691864 0.2852204740047455 0.14228905737400055 0.27069494128227234 0.14387358725070953
