0 0.6617084741592407 0.2819409668445587 0.7244728803634644 0.2271186262369156 0.7374875545501709 0.2420186698436737 0.6747231483459473 0.296841025352478
0 0.8871476650238037 0.1705288589000702 0.9250122308731079 0.1390576958656311 0.9350185394287109 0.1510968804359436 0.8971539735794067 0.1825680434703827
0 0.786903977394104 0.09428397566080093 0.8115546703338623 0.07317044585943222 0.8200793266296387 0.0831233337521553 0.7954286336898804 0.10423686355352402
0 0.6224174499511719 0.035095348954200745 0.625552773475647 0.024436263367533684 0.6426669359207153 0.029470309615135193 0.6395316123962402 0.040129393339157104
0 0.6867237091064453 0.03858606517314911 0.6887772083282471 0.02847176045179367 0.7029541730880737 0.03135008364915848 0.700900673866272 0.041464388370513916
0 0.11889906972646713 0.9846510887145996 0.12162771075963974 0.9740772247314453 0.13791495561599731 0.9782801866531372 0.1351863145828247 0.9888540506362915
1 0.8537552952766418 0.05377276614308357 0.9142481684684753 0.03978394344449043 0.9179046750068665 0.055596139281988144 0.857411801815033 0.06958496570587158
0 0.9472381472587585 0.5303753614425659 0.9571687579154968 0.5088894367218018 0.9677881598472595 0.5137976408004761 0.9578575491905212 0.5352835655212402
0 0.8467383980751038 0.8262685537338257 0.8588806986808777 0.8191123008728027 0.8642376065254211 0.8282016515731812 0.8520953059196472 0.8353579044342041
0 0.6924489140510559 0.0606384314596653 0.6944498419761658 0.05083982273936272 0.7078800797462463 0.05358240380883217 0.7058791518211365 0.06338101625442505
0 0.5489490032196045 0.6777004599571228 0.5571980476379395 0.6693537831306458 0.5715817213058472 0.6835691332817078 0.5633326768875122 0.6919158101081848
0 0.5987020134925842 0.6128029227256775 0.6043528914451599 0.6040615439414978 0.6192074418067932 0.6136643290519714 0.6135565638542175 0.6224057078361511
0 0.897513747215271 0.5339266657829285 0.9081599712371826 0.5257408022880554 0.9145923852920532 0.534106433391571 0.9039461612701416 0.5422922968864441
