0 0.8188632726669312 0.09521515667438507 0.8281443119049072 0.09009531140327454 0.834703803062439 0.10198594629764557 0.8254227638244629 0.1071057915687561
0 0.8040064573287964 0.1015365868806839 0.8127835988998413 0.0964813083410263 0.8188519477844238 0.1070173978805542 0.8100748062133789 0.11207267642021179
0 0.9153610467910767 0.10137178003787994 0.9255321025848389 0.1000158041715622 0.9272100925445557 0.11260198056697845 0.9170390367507935 0.1139579564332962
0 0.2578079104423523 0.017280861735343933 0.26060324907302856 0.0031824400648474693 0.2709411382675171 0.005232170224189758 0.2681457996368408 0.019330590963363647
0 0.8235145807266235 0.11465037614107132 0.8322120904922485 0.10953953117132187 0.8385024070739746 0.12024412304162979 0.8298048973083496 0.12535497546195984
0 0.7653449177742004 0.11395198106765747 0.7746401429176331 0.10851587355136871 0.7815273404121399 0.12029233574867249 0.7722321152687073 0.12572844326496124
0 0.906853973865509 0.08191222697496414 0.9170765280723572 0.08157175034284592 0.9175013899803162 0.09432599693536758 0.907278835773468 0.09466647356748581
0 0.7862685322761536 0.10611975193023682 0.7952567934989929 0.10135087370872498 0.8013346791267395 0.1128063052892685 0.7923464179039001 0.11757518351078033
0 0.9103382229804993 0.13858315348625183 0.9204234480857849 0.13824740052223206 0.9208617806434631 0.15141189098358154 0.9107765555381775 0.15174764394760132
0 0.7742570042610168 0.12662175297737122 0.7847995162010193 0.12452387809753418 0.7873124480247498 0.1371518075466156 0.7767699360847473 0.13924968242645264
0 0.8418549299240112 0.10426244139671326 0.852459192276001 0.10230377316474915 0.8546544313430786 0.11418850719928741 0.8440501689910889 0.11614717543125153
0 0.8394016027450562 0.1264820694923401 0.8495665788650513 0.12470400333404541 0.8516808748245239 0.13679131865501404 0.8415158987045288 0.13856938481330872
0 0.8968944549560547 0.09829206019639969 0.9073923826217651 0.09590091556310654 0.9102150201797485 0.10829316824674606 0.8997170925140381 0.11068431288003922
0 0.9319422245025635 0.08953415602445602 0.9382861852645874 0.08192252367734909 0.9473624229431152 0.08948715776205063 0.9410184621810913 0.09709879010915756
0 0.9323380589485168 0.14474189281463623 0.9418302178382874 0.14432528614997864 0.9422857165336609 0.15470242500305176 0.9327935576438904 0.15511903166770935
0 0.8901931047439575 0.14838150143623352 0.8951693773269653 0.13951516151428223 0.9032444953918457 0.144047349691391 0.8982682228088379 0.15291368961334229
1 -0.004830773454159498 0.8465368747711182 0.03332488611340523 0.842682957649231 0.035097599029541016 0.8602336645126343 -0.0030580610036849976 0.8640875816345215
0 0.3212031126022339 0.02435080148279667 0.3317420482635498 0.020916180685162544 0.33598995208740234 0.033950671553611755 0.3254510164260864 0.03738529235124588
