0 0.9485412240028381 0.8213865756988525 0.9808793663978577 0.8188436031341553 0.981907308101654 0.8319159746170044 0.9495691657066345 0.8344589471817017
0 0.947562038898468 0.807524561882019 0.9796537756919861 0.804435133934021 0.9809203743934631 0.8175925016403198 0.9488286375999451 0.8206819295883179
0 0.9476149678230286 0.23971058428287506 0.9584134221076965 0.2380460947751999 0.960491955280304 0.2515307068824768 0.949693500995636 0.25319522619247437
0 0.9083155989646912 0.24357497692108154 0.9161550402641296 0.23631078004837036 0.9252356886863708 0.24611049890518188 0.9173962473869324 0.25337469577789307
0 0.8885164260864258 0.2572242021560669 0.8972502946853638 0.2511214017868042 0.9047296047210693 0.2618250846862793 0.8959957361221313 0.267927885055542
0 0.98731529712677 0.23444205522537231 1.0002186298370361 0.22765755653381348 1.005247712135315 0.23722222447395325 0.9923443794250488 0.24400672316551208
0 0.8736794590950012 0.23804792761802673 0.8815706372261047 0.23109155893325806 0.8900436758995056 0.24070310592651367 0.8821524977684021 0.24765947461128235
0 0.8864104747772217 0.20423290133476257 0.8943942785263062 0.19764548540115356 0.9020856618881226 0.20696714520454407 0.8941018581390381 0.21355456113815308
0 0.9502916932106018 0.26319602131843567 0.9551835656166077 0.2502906024456024 0.9654167294502258 0.2541695535182953 0.96052485704422 0.26707497239112854
0 0.9046884179115295 0.210654154419899 0.9151834845542908 0.20929448306560516 0.9168329834938049 0.22202689945697784 0.9063379168510437 0.22338657081127167
0 0.7807493209838867 0.8468979001045227 0.7845125198364258 0.8325743079185486 0.7954728603363037 0.8354539275169373 0.7917096614837646 0.8497775197029114
0 0.8930468559265137 0.2256052941083908 0.9034775495529175 0.22367070615291595 0.9058263301849365 0.2363346964120865 0.8953956365585327 0.23826928436756134
0 0.9238420128822327 0.2738059163093567 0.9324201941490173 0.26774120330810547 0.9399157166481018 0.2783430814743042 0.9313375353813171 0.2844077944755554
0 0.9233216047286987 0.2656785249710083 0.9281821250915527 0.2568672299385071 0.9394155740737915 0.26306384801864624 0.9345550537109375 0.27187514305114746
0 0.7123482823371887 0.8619635701179504 0.7130246758460999 0.8481804728507996 0.7274767756462097 0.8488896489143372 0.7268003821372986 0.862672746181488
0 0.7375616431236267 0.8448845744132996 0.7489420771598816 0.8437848687171936 0.7502351403236389 0.8571663498878479 0.738854706287384 0.8582660555839539
0 0.7759600877761841 0.8799936175346375 0.7829184532165527 0.866898238658905 0.7938787937164307 0.8727219700813293 0.786920428276062 0.8858173489570618
0 0.7634989023208618 0.83156418800354 0.7760875225067139 0.8310146331787109 0.7767773866653442 0.8468179702758789 0.7641887664794922 0.847367525100708
0 0.7824442386627197 0.8245016932487488 0.7932178974151611 0.820613443851471 0.7976601123809814 0.8329218029975891 0.78688645362854 0.8368100523948669
0 0.803284227848053 0.8402363657951355 0.8075699210166931 0.8273321986198425 0.8196427226066589 0.8313416838645935 0.8153570294380188 0.8442458510398865
0 0.7225759029388428 0.811721682548523 0.7351462841033936 0.8095693588256836 0.737418532371521 0.8228403329849243 0.7248481512069702 0.8249926567077637
