0 0.15842247009277344 0.5790678858757019 0.1748914122581482 0.5650478005409241 0.23045435547828674 0.6303159594535828 0.213985413312912 0.6443360447883606
0 0.7172170877456665 0.4176514148712158 0.7370635271072388 0.40158551931381226 0.8008897304534912 0.4804310202598572 0.781043291091919 0.49649691581726074
0 0.10567811876535416 0.5153389573097229 0.1200435534119606 0.5036774277687073 0.1456182301044464 0.5351819396018982 0.13125279545783997 0.5468434691429138
0 0.34646421670913696 0.4792904853820801 0.34796422719955444 0.45533889532089233 0.4882153868675232 0.4641224145889282 0.4867153763771057 0.48807400465011597
0 0.4578920006752014 0.5707653760910034 0.45881593227386475 0.5538380146026611 0.5366179347038269 0.5580847263336182 0.5356940031051636 0.5750120878219604
0 0.025862596929073334 0.4062078893184662 0.05920073390007019 0.39066365361213684 0.0650850459933281 0.4032839238643646 0.03174690902233124 0.41882815957069397
0 0.6284501552581787 0.7583622932434082 0.6528698205947876 0.739311695098877 0.7397308349609375 0.8506525754928589 0.7153111696243286 0.8697031736373901
0 0.5001145601272583 0.6656656265258789 0.6546963453292847 0.5954415798187256 0.6659969091415405 0.6203171014785767 0.5114151239395142 0.69054114818573
0 0.08197340369224548 0.4400363564491272 0.09407839179039001 0.4305253028869629 0.1229681670665741 0.46729421615600586 0.11086317896842957 0.47680526971817017
0 0.19872911274433136 0.1224769800901413 0.2204730063676834 0.10420648753643036 0.31080424785614014 0.21171052753925323 0.2890603542327881 0.22998102009296417
