0 0.36059409379959106 0.13056479394435883 0.3619269132614136 0.10634371638298035 0.4640887975692749 0.11196546256542206 0.4627559781074524 0.13618654012680054
0 0.16651545464992523 0.6582751870155334 0.17566071450710297 0.5963079333305359 0.19661398231983185 0.5994002223014832 0.1874687224626541 0.6613674759864807
0 0.21262387931346893 0.3738136887550354 0.21728403866291046 0.3079547882080078 0.2369481772184372 0.30934619903564453 0.23228801786899567 0.3752050995826721
0 0.15848778188228607 0.7321305871009827 0.16257409751415253 0.7050198912620544 0.17887930572032928 0.7074775099754333 0.17479299008846283 0.7345882058143616
0 0.1432289183139801 0.780129075050354 0.15144148468971252 0.7221846580505371 0.17717468738555908 0.7258318662643433 0.16896212100982666 0.7837762832641602
0 0.22155186533927917 0.24971558153629303 0.2248809039592743 0.19838842749595642 0.24236032366752625 0.19952215254306793 0.23903128504753113 0.25084930658340454
0 0.18240968883037567 0.586215078830719 0.18685363233089447 0.5585573315620422 0.2012292891740799 0.5608671307563782 0.1967853456735611 0.5885248780250549
0 0.1997210681438446 0.5376768708229065 0.20775502920150757 0.4180696904659271 0.23178306221961975 0.41968363523483276 0.2237491011619568 0.5392907857894897
0 0.43326225876808167 0.5426626801490784 0.43483445048332214 0.528911292552948 0.45957711338996887 0.531740128993988 0.4580049216747284 0.5454915165901184
0 0.47215086221694946 0.5472316741943359 0.4740592837333679 0.5181841850280762 0.6234320998191833 0.5279982089996338 0.6215236783027649 0.5570456981658936
0 0.6706807017326355 0.528289258480072 0.6747090220451355 0.5181486010551453 0.6891819834709167 0.5238979458808899 0.6851536631584167 0.5340386033058167
0 0.9342730045318604 0.42024436593055725 0.9505685567855835 0.42016687989234924 0.9507187604904175 0.45175477862358093 0.9344232082366943 0.45183226466178894
0 0.930282711982727 0.4586015045642853 0.9502886533737183 0.4581626355648041 0.9517165422439575 0.5232530832290649 0.9317106008529663 0.5236920118331909
