0 0.47576481103897095 0.4675765037536621 0.48101186752319336 0.4593878984451294 0.4913804531097412 0.46603184938430786 0.4861333966255188 0.4742204546928406
0 0.49465227127075195 0.45831015706062317 0.5000951886177063 0.4504290521144867 0.5101574659347534 0.4573783576488495 0.5047145485877991 0.46525946259498596
0 0.5162179470062256 0.47500282526016235 0.5194203853607178 0.46593666076660156 0.5313186645507812 0.4701395034790039 0.5281162261962891 0.4792056679725647
0 0.5254414677619934 0.46695005893707275 0.5274813771247864 0.4575110673904419 0.5402974486351013 0.4602808356285095 0.5382575392723083 0.4697198271751404
0 0.5388180017471313 0.4615001380443573 0.5409489870071411 0.4523259699344635 0.5526421070098877 0.4550420343875885 0.5505111217498779 0.4642162024974823
0 0.5221276879310608 0.4889654219150543 0.5231912732124329 0.4793960750102997 0.5360626578330994 0.4808267056941986 0.5349990725517273 0.49039605259895325
0 0.5216784477233887 0.48312366008758545 0.5228656530380249 0.47344261407852173 0.5358066558837891 0.4750296473503113 0.5346194505691528 0.484710693359375
0 0.5012763142585754 0.45549359917640686 0.5022510886192322 0.446126252412796 0.5143162608146667 0.4473818242549896 0.51334148645401 0.45674917101860046
0 0.4789606034755707 0.47761839628219604 0.485259085893631 0.46988844871520996 0.4952048361301422 0.4779924154281616 0.4889063537120819 0.4857223629951477
0 0.5428305864334106 0.474914014339447 0.5450628995895386 0.46555906534194946 0.5578488111495972 0.4686100482940674 0.5556164979934692 0.47796499729156494
0 0.5261961817741394 0.475332111120224 0.5313892960548401 0.467480331659317 0.5414287447929382 0.4741203486919403 0.5362356305122375 0.4819721281528473
0 0.5191974639892578 0.4696352481842041 0.5223791599273682 0.4607512354850769 0.5338197946548462 0.46484851837158203 0.5306380987167358 0.47373253107070923
0 0.5025445222854614 0.4778028130531311 0.5050884485244751 0.4683511257171631 0.5174239873886108 0.4716711640357971 0.5148800611495972 0.48112285137176514
0 0.4806724190711975 0.47257623076438904 0.48675447702407837 0.4648344814777374 0.4962678551673889 0.47230830788612366 0.49018579721450806 0.48005005717277527
0 0.534168004989624 0.47954946756362915 0.5382792949676514 0.470953106880188 0.5498229265213013 0.47647392749786377 0.5457116365432739 0.48507028818130493
0 0.5400843620300293 0.4703277051448822 0.5421745777130127 0.4609304964542389 0.554131031036377 0.46358993649482727 0.5520408153533936 0.4729871451854706
0 0.5325353145599365 0.46951496601104736 0.5360043048858643 0.46061521768569946 0.5476936101913452 0.4651715159416199 0.5442246198654175 0.4740712642669678
0 0.5252631902694702 0.4451841413974762 0.5376179218292236 0.4451841413974762 0.5376179218292236 0.4548874795436859 0.5252631902694702 0.4548874795436859
0 0.47144854068756104 0.47746798396110535 0.4772217869758606 0.4695378839969635 0.4873887896537781 0.4769396483898163 0.4816155433654785 0.48486974835395813
0 0.5470125675201416 0.4558182656764984 0.5470479726791382 0.4464072287082672 0.5594257116317749 0.4464537799358368 0.5593903064727783 0.455864816904068
0 0.5524481534957886 0.45707201957702637 0.5539603233337402 0.44664084911346436 0.5650120973587036 0.44824302196502686 0.563499927520752 0.45867419242858887
0 0.48363709449768066 0.46855399012565613 0.4866675138473511 0.4597030580043793 0.4978797435760498 0.4635419547557831 0.4948493242263794 0.47239288687705994
0 0.5458710193634033 0.46757787466049194 0.5467300415039062 0.4582335352897644 0.5591844320297241 0.4593784213066101 0.5583254098892212 0.46872276067733765
0 0.49371227622032166 0.45531025528907776 0.4970709979534149 0.4463638365268707 0.5096064805984497 0.45106998085975647 0.5062477588653564 0.4600163996219635
0 0.5450680255889893 0.44132110476493835 0.5574800968170166 0.4407191574573517 0.557937741279602 0.450155645608902 0.5455256700515747 0.45075759291648865
0 0.5179203748703003 0.4543945789337158 0.5179911851882935 0.44476020336151123 0.5304782390594482 0.44485199451446533 0.5304074287414551 0.4544863700866699
0 0.5504645705223083 0.473242849111557 0.5522225499153137 0.46396639943122864 0.5648871064186096 0.4663664400577545 0.5631291270256042 0.4756428897380829
0 0.47179508209228516 0.4730299711227417 0.4767680764198303 0.4647566080093384 0.4872962236404419 0.47108495235443115 0.48232322931289673 0.4793583154678345
0 0.539620041847229 0.45915019512176514 0.5414701700210571 0.44990551471710205 0.5534255504608154 0.45229822397232056 0.5515754222869873 0.46154290437698364
0 0.48670703172683716 0.4638536274433136 0.49171650409698486 0.4558046758174896 0.5017188787460327 0.46202990412712097 0.496709406375885 0.47007885575294495
0 0.4887073040008545 0.4602816700935364 0.49270665645599365 0.4517667889595032 0.5035118460655212 0.4568418860435486 0.4995124936103821 0.4653567671775818
0 0.5018640756607056 0.46971821784973145 0.5054810047149658 0.4608125686645508 0.5172945261001587 0.4656105041503906 0.5136775970458984 0.4745161533355713
0 0.5282931923866272 0.48557770252227783 0.5307796597480774 0.4761667251586914 0.5436729788780212 0.47957319021224976 0.541186511516571 0.4889841675758362
0 0.4948440194129944 0.4690042734146118 0.4978533387184143 0.4603292942047119 0.5092980265617371 0.46429938077926636 0.5062887072563171 0.47297435998916626
0 0.5386044979095459 0.443704217672348 0.550767183303833 0.44365599751472473 0.5508041381835938 0.4529810845851898 0.5386414527893066 0.4530293047428131
0 0.5078688859939575 0.4664807915687561 0.5120183229446411 0.45803922414779663 0.522911548614502 0.4633937478065491 0.5187621116638184 0.47183531522750854
0 0.5656968355178833 0.46391135454177856 0.5674296617507935 0.4547051191329956 0.5797724723815918 0.457028329372406 0.5780396461486816 0.46623456478118896
0 0.5265379548072815 0.4613730311393738 0.5267651677131653 0.45220500230789185 0.5380447506904602 0.4524845480918884 0.5378175377845764 0.46165257692337036
0 0.469474196434021 0.46265697479248047 0.47418004274368286 0.4542228579521179 0.48526889085769653 0.460409939289093 0.48056304454803467 0.46884405612945557
0 0.462121844291687 0.47487398982048035 0.46778517961502075 0.4671785533428192 0.47707587480545044 0.47401586174964905 0.4714125394821167 0.4817112982273102
0 0.5715597867965698 0.44898712635040283 0.583101749420166 0.44762319326400757 0.5841830968856812 0.45677411556243896 0.572641134262085 0.45813804864883423
0 0.56490159034729 0.44919055700302124 0.5657757520675659 0.43995076417922974 0.5782778263092041 0.44113361835479736 0.5774036645889282 0.45037341117858887
0 0.4828525483608246 0.4551703631877899 0.4879302680492401 0.44707468152046204 0.498250275850296 0.45354750752449036 0.4931725561618805 0.46164318919181824
0 0.4616446793079376 0.46337878704071045 0.46635064482688904 0.4549446702003479 0.4774397313594818 0.4611319899559021 0.4727337658405304 0.46956610679626465
0 0.466831237077713 0.4664556384086609 0.47153720259666443 0.45802152156829834 0.4826262891292572 0.46420884132385254 0.4779203236103058 0.4726429581642151
0 0.5084627866744995 0.451335608959198 0.5101226568222046 0.4420643448829651 0.5224246978759766 0.4442668557167053 0.5207648277282715 0.45353811979293823
0 0.4660053849220276 0.47095930576324463 0.470711350440979 0.4625251889228821 0.4818004369735718 0.4687125086784363 0.47709447145462036 0.47714662551879883
0 0.5586484670639038 0.47005143761634827 0.5597432851791382 0.4606575667858124 0.5716331005096436 0.46204325556755066 0.5705382823944092 0.47143712639808655
0 0.4760648012161255 0.4556264281272888 0.48077064752578735 0.44719231128692627 0.491859495639801 0.45337939262390137 0.48715364933013916 0.4618135094642639
0 0.5077617168426514 0.45507633686065674 0.512467622756958 0.4466421604156494 0.5235569477081299 0.45282942056655884 0.5188510417938232 0.46126359701156616
0 0.5018320083618164 0.46152248978614807 0.5065377950668335 0.4530883729457855 0.5176270008087158 0.4592754542827606 0.5129212141036987 0.46770957112312317
0 0.531893789768219 0.4609207510948181 0.5365996956825256 0.4524865746498108 0.5476890206336975 0.4586738348007202 0.5429831147193909 0.46710801124572754
0 0.5705689191818237 0.44496485590934753 0.5821107625961304 0.44360092282295227 0.5831921100616455 0.45275184512138367 0.5716502666473389 0.45411577820777893
0 0.5741861462593079 0.45218443870544434 0.585728108882904 0.4508205056190491 0.5868094563484192 0.45997142791748047 0.575267493724823 0.46133536100387573
0 0.551375687122345 0.4551752209663391 0.5629174113273621 0.45381152629852295 0.5639986395835876 0.46296244859695435 0.5524569153785706 0.4643261432647705
0 0.5300498604774475 0.45691150426864624 0.5320897698402405 0.4474725127220154 0.544905960559845 0.45024222135543823 0.542866051197052 0.4596812129020691
