0 0.036713287234306335 0.20490813255310059 0.06521205604076385 0.19789975881576538 0.06867074966430664 0.21196416020393372 0.04017198085784912 0.21897253394126892
0 0.5839710831642151 0.4142056703567505 0.5976387858390808 0.4051293134689331 0.6032039523124695 0.413509726524353 0.5895362496376038 0.4225860834121704
0 0.3573826849460602 0.9172266125679016 0.35953184962272644 0.9068049788475037 0.3742028772830963 0.9098305106163025 0.37205371260643005 0.9202521443367004
0 0.20156913995742798 0.20268495380878448 0.20399394631385803 0.1879633516073227 0.21476292610168457 0.18973712623119354 0.21233811974525452 0.20445872843265533
0 0.24471831321716309 0.2597498297691345 0.254469633102417 0.2548261284828186 0.2606081962585449 0.2669834494590759 0.250856876373291 0.27190715074539185
1 0.100273996591568 0.5476493835449219 0.11837956309318542 0.524439811706543 0.16965404152870178 0.5644385814666748 0.15154847502708435 0.5876481533050537
0 -0.0044191088527441025 0.1892981231212616 -0.00403670035302639 0.17743375897407532 0.006868924014270306 0.17778527736663818 0.006486515514552593 0.18964964151382446
0 -0.0063829682767391205 0.19961318373680115 0.0005699554458260536 0.18994209170341492 0.00926815066486597 0.1961955726146698 0.0023152269423007965 0.20586666464805603
0 0.47480523586273193 0.9917035102844238 0.4812994599342346 0.9777449369430542 0.495999276638031 0.9845839738845825 0.4895050525665283 0.9985425472259521
1 0.6478737592697144 0.3811420202255249 0.6937943696975708 0.37860041856765747 0.6946432590484619 0.39393872022628784 0.6487226486206055 0.3964803218841553
1 0.6335821151733398 0.30750396847724915 0.6788172721862793 0.2908279597759247 0.6854013204574585 0.30868783593177795 0.640166163444519 0.3253638446331024
0 0.37591537833213806 0.15254876017570496 0.3817528784275055 0.14396527409553528 0.39192256331443787 0.15088149905204773 0.38608506321907043 0.1594649851322174
0 0.4036571979522705 0.11193687468767166 0.4114310145378113 0.10585734993219376 0.4180639386177063 0.11433880776166916 0.4102901220321655 0.12041833251714706
0 0.41267862915992737 0.06673339009284973 0.41864970326423645 0.058126866817474365 0.42994847893714905 0.06596577167510986 0.42397740483283997 0.07457229495048523
0 0.3985394239425659 0.015974946320056915 0.4059527516365051 0.008389130234718323 0.41368722915649414 0.015947740525007248 0.40627390146255493 0.02353355661034584
