0 0.606445848941803 0.3973367512226105 0.6176286339759827 0.3941139876842499 0.6229060292243958 0.4124264419078827 0.6117232441902161 0.4156492054462433
0 0.6641333103179932 0.4992290735244751 0.6740776300430298 0.4922090470790863 0.6845754384994507 0.5070798397064209 0.6746311187744141 0.5140998363494873
0 0.010751938447356224 0.44135430455207825 0.021229954436421394 0.4357347786426544 0.029627913609147072 0.4513932764530182 0.0191498976200819 0.457012802362442
0 0.7155219316482544 0.45389801263809204 0.7261326313018799 0.44946908950805664 0.7323935031890869 0.4644688367843628 0.7217828035354614 0.4688977599143982
0 0.7548989057540894 0.49867844581604004 0.7663511037826538 0.4969165325164795 0.7688288688659668 0.5130218267440796 0.7573766708374023 0.5147837400436401
0 0.7591041326522827 0.553424596786499 0.7695544958114624 0.5472272634506226 0.7795205116271973 0.5640326738357544 0.7690701484680176 0.5702300071716309
0 0.5902392268180847 0.3657287061214447 0.600652277469635 0.36157920956611633 0.6070155501365662 0.3775477111339569 0.5966024994850159 0.3816972076892853
0 0.05658598244190216 0.42240235209465027 0.06668837368488312 0.4182918965816498 0.07214374840259552 0.4316997230052948 0.06204135715961456 0.4358101785182953
0 -0.006042678374797106 0.4557746946811676 0.003975927829742432 0.45150867104530334 0.009839856997132301 0.46527984738349915 -0.0001787492074072361 0.4695458710193634
0 0.7140756249427795 0.499614953994751 0.7245658040046692 0.4966282844543457 0.7282698750495911 0.5096380710601807 0.7177796959877014 0.5126247406005859
0 0.5872994065284729 0.6928468942642212 0.5994653105735779 0.6903078556060791 0.6014918684959412 0.700018048286438 0.5893259644508362 0.7025570869445801
0 0.6982579231262207 0.439193457365036 0.7092127799987793 0.4356240928173065 0.7141721248626709 0.4508450925350189 0.7032172679901123 0.4544144570827484
0 0.7484890222549438 0.4503328204154968 0.7573435306549072 0.44424891471862793 0.7650337219238281 0.45544105768203735 0.7561792135238647 0.46152496337890625
0 0.668998658657074 0.39035701751708984 0.6788343787193298 0.38612228631973267 0.6844763159751892 0.3992263078689575 0.6746405959129333 0.4034610390663147
0 0.6456518173217773 0.43927234411239624 0.6565202474594116 0.4379425644874573 0.6582366228103638 0.4519708752632141 0.6473681926727295 0.4533006548881531
0 0.728886067867279 0.5175709128379822 0.7387890219688416 0.5131445527076721 0.7445835471153259 0.5261082053184509 0.7346805930137634 0.530534565448761
0 0.774855375289917 0.49458184838294983 0.7850399017333984 0.48915770649909973 0.7926748991012573 0.5034934282302856 0.7824903726577759 0.5089175701141357
0 0.7479953765869141 0.4570540189743042 0.7585866451263428 0.4542062282562256 0.7626041173934937 0.46914780139923096 0.7520128488540649 0.47199559211730957
0 0.6649338603019714 0.40514543652534485 0.6751582026481628 0.4029885232448578 0.6779106259346008 0.41603580117225647 0.6676862835884094 0.41819271445274353
0 0.8464539647102356 0.7924697995185852 0.8478721976280212 0.7779510617256165 0.8585965037345886 0.7789986729621887 0.857178270816803 0.7935174107551575
0 0.5639858841896057 0.36496034264564514 0.5738959908485413 0.36218783259391785 0.5774969458580017 0.3750591576099396 0.5675868391990662 0.37783166766166687
0 0.5216147303581238 0.3252110183238983 0.530728280544281 0.3203822076320648 0.5366904139518738 0.33163484930992126 0.5275768637657166 0.33646366000175476
0 0.8883490562438965 0.5830358266830444 0.89720618724823 0.5732265710830688 0.9049333333969116 0.5802037715911865 0.8960762023925781 0.5900130271911621
0 0.8624120354652405 0.6570000648498535 0.8709719777107239 0.645595908164978 0.8795778155326843 0.6520553827285767 0.8710178732872009 0.6634595394134521
0 0.8603872060775757 0.601539134979248 0.8620810508728027 0.588147759437561 0.8724526166915894 0.5894596576690674 0.8707587718963623 0.6028510332107544
0 0.8751000165939331 0.5891098380088806 0.8850678205490112 0.5789481997489929 0.8927162885665894 0.5864507555961609 0.8827484846115112 0.5966123938560486
0 0.8562281727790833 0.721409261226654 0.867047131061554 0.712652862071991 0.8737812638282776 0.7209731936454773 0.8629623055458069 0.7297295928001404
0 0.8164153099060059 0.5936223268508911 0.8222126960754395 0.5844604969024658 0.8343851566314697 0.5921628475189209 0.8285877704620361 0.6013246774673462
0 0.49433988332748413 0.30443254113197327 0.5044441819190979 0.30272176861763 0.5066273808479309 0.31561610102653503 0.49652308225631714 0.3173268735408783
0 0.8651444911956787 0.5795364379882812 0.8677723407745361 0.567919135093689 0.8772166967391968 0.5700554847717285 0.8745888471603394 0.5816727876663208
0 0.13960972428321838 0.35317471623420715 0.14819052815437317 0.34767964482307434 0.1552441418170929 0.3586941659450531 0.1466633379459381 0.3641892373561859
0 0.8664002418518066 0.7603394985198975 0.8726217746734619 0.7493076324462891 0.8817722797393799 0.7544680833816528 0.8755507469177246 0.7654999494552612
0 0.09661991894245148 0.3506997525691986 0.10693599283695221 0.34995684027671814 0.10773049294948578 0.3609892427921295 0.09741441905498505 0.36173215508461
0 0.697885274887085 0.4314418137073517 0.7052136659622192 0.425069123506546 0.7125487327575684 0.433504194021225 0.7052203416824341 0.43987688422203064
0 0.4107459485530853 0.32691383361816406 0.4213334023952484 0.32176268100738525 0.4266758859157562 0.33274340629577637 0.41608843207359314 0.3378945589065552
0 0.8485525846481323 0.8521878719329834 0.8586957454681396 0.8458970785140991 0.8643711805343628 0.8550479412078857 0.8542280197143555 0.86133873462677
0 0.7866962552070618 0.559666633605957 0.7957016825675964 0.5538634061813354 0.8023236393928528 0.5641393661499023 0.7933182120323181 0.5699425935745239
