0 0.8381623029708862 0.4885445237159729 0.8462107181549072 0.4829006791114807 0.8529974222183228 0.4925788640975952 0.8449490070343018 0.4982227087020874
0 0.8450837731361389 0.49785295128822327 0.8473584055900574 0.48777976632118225 0.8597819209098816 0.490585058927536 0.8575072884559631 0.5006582736968994
0 0.8376941680908203 0.4971795380115509 0.8422778844833374 0.48844465613365173 0.8527812957763672 0.4939565360546112 0.8481975793838501 0.502691388130188
0 0.8248158097267151 0.47714531421661377 0.8366735577583313 0.47237473726272583 0.8403719067573547 0.4815673828125 0.8285141587257385 0.48633795976638794
0 0.9729982018470764 0.5300861597061157 0.9793294072151184 0.5221207141876221 0.9893291592597961 0.5300689935684204 0.9829979538917542 0.5380344390869141
0 0.741442084312439 0.4459518790245056 0.7441365718841553 0.43657708168029785 0.7555307149887085 0.4398519992828369 0.7528362274169922 0.4492267966270447
0 0.9296164512634277 0.5299655199050903 0.9365576505661011 0.5230026245117188 0.9451256990432739 0.5315438508987427 0.9381844997406006 0.5385067462921143
0 0.8162537217140198 0.48026183247566223 0.8232781291007996 0.47294512391090393 0.8328850865364075 0.48216840624809265 0.8258606791496277 0.48948511481285095
0 0.7513619661331177 0.45949792861938477 0.7552018165588379 0.4501476287841797 0.7666068077087402 0.4548313021659851 0.76276695728302 0.4641816020011902
0 0.767076313495636 0.4697599411010742 0.7724151015281677 0.46167755126953125 0.7821241021156311 0.4680907726287842 0.7767853140830994 0.47617316246032715
0 0.7715248465538025 0.4778081774711609 0.7768160700798035 0.46950769424438477 0.787304699420929 0.47619378566741943 0.782013475894928 0.48449426889419556
0 0.8203228116035461 0.4965870976448059 0.8258122801780701 0.48857760429382324 0.8355401158332825 0.49524468183517456 0.8300506472587585 0.5032541751861572
0 0.967475950717926 0.5404549241065979 0.973998486995697 0.5323941111564636 0.9840533137321472 0.540530264377594 0.9775307774543762 0.5485910773277283
0 0.8441513180732727 0.5031781792640686 0.8492398858070374 0.49460211396217346 0.8594592213630676 0.5006658434867859 0.854370653629303 0.5092419385910034
0 0.8688699007034302 0.5043751001358032 0.8737728595733643 0.49561643600463867 0.8849568367004395 0.5018770694732666 0.8800538778305054 0.5106357336044312
0 0.8317515254020691 0.48353081941604614 0.8423847556114197 0.4789488911628723 0.8461984992027283 0.48779940605163574 0.8355652689933777 0.49238133430480957
0 0.7465745210647583 0.4572639465332031 0.7485851049423218 0.44776904582977295 0.7602121829986572 0.4502311944961548 0.7582015991210938 0.45972609519958496
0 0.7682278156280518 0.45571160316467285 0.7770779132843018 0.4510279893875122 0.7827638387680054 0.4617718458175659 0.7739137411117554 0.46645545959472656
0 0.759023904800415 0.46699297428131104 0.7627232074737549 0.45797985792160034 0.7735077142715454 0.4624061584472656 0.7698084115982056 0.4714192748069763
0 0.7854406237602234 0.4656132459640503 0.7879912257194519 0.4563983678817749 0.7988386750221252 0.4594007730484009 0.7962880730628967 0.46861565113067627
0 0.7939432263374329 0.48194706439971924 0.795436680316925 0.4726381301879883 0.807655394077301 0.47459840774536133 0.8061619400978088 0.4839073419570923
0 0.8780184388160706 0.5171579718589783 0.8812358975410461 0.5076531767845154 0.893082320690155 0.5116633772850037 0.8898648619651794 0.5211681723594666
0 0.7571801543235779 0.4407746195793152 0.7639128565788269 0.43308305740356445 0.7734580636024475 0.4414382576942444 0.7667253613471985 0.4491298198699951
0 0.9902817606925964 0.5398586392402649 0.9918708205223083 0.53023761510849 1.0037713050842285 0.5322031378746033 1.0021822452545166 0.5418241620063782
0 0.7945356369018555 0.46854284405708313 0.7958433628082275 0.4588432013988495 0.8085025548934937 0.460549920797348 0.8071948289871216 0.47024956345558167
0 0.7822230458259583 0.4762420058250427 0.788392961025238 0.46837377548217773 0.7976885437965393 0.4756630063056946 0.7915186285972595 0.48353123664855957
0 0.7276396155357361 0.4207361340522766 0.7297534346580505 0.4098767042160034 0.7392005324363708 0.411715567111969 0.7370867133140564 0.4225749969482422
0 0.8319405317306519 0.5035993456840515 0.8350847959518433 0.49420446157455444 0.8463612794876099 0.4979783892631531 0.8432170152664185 0.5073732733726501
0 0.7776175141334534 0.46228212118148804 0.7827362418174744 0.45377570390701294 0.7944391369819641 0.46081793308258057 0.7893204092979431 0.46932435035705566
0 0.8219135999679565 0.4731825292110443 0.8288812637329102 0.46524283289909363 0.8363562822341919 0.471802681684494 0.8293886184692383 0.4797423779964447
0 0.822603702545166 0.4879639744758606 0.8278064727783203 0.4795151352882385 0.8381093740463257 0.48585963249206543 0.8329066038131714 0.4943084716796875
0 0.9437557458877563 0.528371274471283 0.9495835304260254 0.5203858017921448 0.9593443870544434 0.5275092720985413 0.9535166025161743 0.5354947447776794
0 0.7909734845161438 0.4699167311191559 0.796606719493866 0.4616188704967499 0.8071528077125549 0.4687784016132355 0.8015195727348328 0.4770762622356415
0 0.8096435070037842 0.4975833594799042 0.8157800436019897 0.48989105224609375 0.8257043361663818 0.4978081285953522 0.8195677995681763 0.5055004358291626
0 0.8432170748710632 0.5033358335494995 0.8495479226112366 0.49520933628082275 0.859178364276886 0.5027117729187012 0.8528475165367126 0.5108382701873779
0 0.881962776184082 0.5087278485298157 0.8871045112609863 0.500042736530304 0.8981750011444092 0.5065967440605164 0.8930332660675049 0.5152818560600281
0 0.7880545854568481 0.4593997001647949 0.7907687425613403 0.44846057891845703 0.800132155418396 0.4507838487625122 0.7974179983139038 0.4617229700088501
0 0.8648380041122437 0.5201852321624756 0.8668390512466431 0.5106431245803833 0.8787199258804321 0.5131345987319946 0.8767188787460327 0.5226767063140869
0 0.7588666677474976 0.4707964360713959 0.76360023021698 0.4624148905277252 0.7737365961074829 0.46813955903053284 0.7690030336380005 0.4765211045742035
