0 0.1849028319120407 0.5446144938468933 0.19553010165691376 0.5279629826545715 0.24920319020748138 0.5622181296348572 0.23857592046260834 0.578869640827179
0 0.7526571750640869 0.3678382337093353 0.7557176351547241 0.3419489562511444 0.8915830850601196 0.35801008343696594 0.8885226249694824 0.38389936089515686
0 0.6524173021316528 0.7223019003868103 0.6573528051376343 0.6745656132698059 0.6765841245651245 0.6765539050102234 0.6716486215591431 0.7242901921272278
0 0.6496708393096924 0.7508134841918945 0.6529219150543213 0.7201603651046753 0.6700677871704102 0.7219787836074829 0.6668167114257812 0.7526319026947021
0 0.2967483699321747 0.2935687303543091 0.3114381730556488 0.2763556241989136 0.349322646856308 0.3086865544319153 0.33463284373283386 0.3258996605873108
0 0.9158661961555481 0.3681340515613556 0.918550431728363 0.3459942638874054 1.0238375663757324 0.3587593734264374 1.021153211593628 0.3808991611003876
0 0.671502411365509 0.7667320370674133 0.6940729022026062 0.7410698533058167 0.7050079703330994 0.7506874203681946 0.6824374794960022 0.7763496041297913
0 0.7460746169090271 0.6848570108413696 0.7515115141868591 0.6572566032409668 0.7670701146125793 0.6603214740753174 0.7616332173347473 0.6879218816757202
0 0.7423051595687866 0.707471489906311 0.742850661277771 0.6840466260910034 0.762675404548645 0.684508204460144 0.7621299028396606 0.7079330682754517
0 0.7269676923751831 0.6917920112609863 0.7440431118011475 0.6917920112609863 0.7440431118011475 0.712202787399292 0.7269676923751831 0.712202787399292
0 0.7246309518814087 0.6532686352729797 0.740139365196228 0.6523593068122864 0.74187171459198 0.6819053292274475 0.7263633012771606 0.6828146576881409
