0 0.2975643575191498 0.13255947828292847 0.3092682659626007 0.1284945011138916 0.3157927691936493 0.14727982878684998 0.30408886075019836 0.15134480595588684
0 0.3978411555290222 0.0019224747084081173 0.404657244682312 -0.008757442235946655 0.4246182441711426 0.003981950227171183 0.4178021550178528 0.014661867171525955
1 0.31292662024497986 0.6777225732803345 0.32686349749565125 0.6765799522399902 0.32879921793937683 0.700190544128418 0.31486234068870544 0.7013331651687622
0 0.0452004000544548 0.3759015202522278 0.05118486285209656 0.36696887016296387 0.06104718893766403 0.37357616424560547 0.05506272614002228 0.3825088143348694
0 0.12163035571575165 0.2627563774585724 0.12901194393634796 0.25469496846199036 0.141287699341774 0.2659355103969574 0.13390611112117767 0.27399691939353943
0 0.13476037979125977 0.17739345133304596 0.14537033438682556 0.17279960215091705 0.15143567323684692 0.18680809438228607 0.14082571864128113 0.19140194356441498
0 0.3722619414329529 -0.0021092696115374565 0.38386815786361694 -0.002137456089258194 0.3839011788368225 0.011447899974882603 0.37229496240615845 0.01147608645260334
0 0.1343907117843628 0.23336613178253174 0.1438838541507721 0.226170152425766 0.15399274230003357 0.23950612545013428 0.14449959993362427 0.24670210480690002
0 0.10646229982376099 0.21542614698410034 0.11341607570648193 0.20673787593841553 0.12532544136047363 0.21626970171928406 0.11837166547775269 0.22495797276496887
0 0.11653120070695877 0.31667381525039673 0.12518072128295898 0.30827629566192627 0.13807061314582825 0.32155299186706543 0.12942108511924744 0.3299505114555359
0 0.38267916440963745 0.11055231094360352 0.3882629871368408 0.10143837332725525 0.39945757389068604 0.1082969456911087 0.39387375116348267 0.11741088330745697
0 0.08927460759878159 0.3356911242008209 0.10009496659040451 0.33367857336997986 0.1027090921998024 0.34773316979408264 0.09188873320817947 0.3497457206249237
0 0.07885564118623734 0.5444244146347046 0.09047312289476395 0.5407432317733765 0.09619461745023727 0.5587997436523438 0.08457713574171066 0.5624809265136719
