0 0.9273953437805176 0.4199768006801605 0.9641022682189941 0.3770805299282074 0.9811103343963623 0.39163461327552795 0.9444034099578857 0.4345308840274811
0 0.8996580839157104 0.4569180905818939 0.9315729141235352 0.41676244139671326 0.9477581977844238 0.42962607741355896 0.9158433675765991 0.4697817265987396
0 -0.020432189106941223 0.9156224727630615 0.006084401160478592 0.9116839170455933 0.021020900458097458 1.012244701385498 -0.005495689809322357 1.0161832571029663
0 0.5416401624679565 0.7472935914993286 0.5642743110656738 0.7431137561798096 0.5793012380599976 0.824486255645752 0.5566670894622803 0.828666090965271
0 0.7331199049949646 0.4889933168888092 0.7578616738319397 0.4852645695209503 0.7715197205543518 0.575891375541687 0.7467779517173767 0.5796201229095459
0 0.6530701518058777 0.7213582396507263 0.6740525364875793 0.7173263430595398 0.6894460320472717 0.7974362969398499 0.6684636473655701 0.8014681935310364
0 0.7888204455375671 0.40555328130722046 0.8047876954078674 0.3958134651184082 0.8359889388084412 0.44696396589279175 0.8200216889381409 0.456703782081604
0 0.023840928450226784 0.9346681237220764 0.0466153547167778 0.9315648674964905 0.05358891934156418 0.9827421307563782 0.03081449121236801 0.9858453869819641
0 0.6250429153442383 0.7307683825492859 0.6460176706314087 0.7273635268211365 0.6543028354644775 0.7784022688865662 0.6333280801773071 0.7818071246147156
0 0.5363796353340149 0.6263161897659302 0.5663855671882629 0.6233615875244141 0.5676712393760681 0.6364189386367798 0.5376653075218201 0.6393735408782959
0 -0.01546374149620533 0.7792714834213257 0.02481299825012684 0.7757472991943359 0.0260112714022398 0.7894418239593506 -0.014265468344092369 0.7929660081863403
0 0.7293651103973389 0.6077356338500977 0.7711906433105469 0.6034833192825317 0.7725529670715332 0.6168829202651978 0.7307274341583252 0.6211352348327637
0 -0.013848086819052696 0.6391162872314453 0.03491230681538582 0.6332310438156128 0.03661949187517166 0.6473755836486816 -0.012140903621912003 0.6532608270645142
0 0.7750111222267151 0.6866980791091919 0.780421793460846 0.6735230684280396 0.806912362575531 0.6844019889831543 0.8015016913414001 0.6975769996643066
0 0.9351956844329834 0.8942047953605652 1.0743370056152344 0.8772724270820618 1.0770933628082275 0.8999230265617371 0.9379520416259766 0.9168553948402405
0 0.7683795094490051 0.6963425278663635 0.7728886008262634 0.6830074191093445 0.7998220324516296 0.692114531993866 0.7953129410743713 0.705449640750885
0 0.7650009393692017 0.7038394808769226 0.7696455717086792 0.6907066702842712 0.796527624130249 0.7002138495445251 0.7918829917907715 0.7133466601371765
0 0.8977847099304199 0.7827757000923157 0.9150559902191162 0.780509889125824 0.9216955900192261 0.8311213850975037 0.9044243097305298 0.8333871960639954
0 0.6107693910598755 0.6198123097419739 0.649174690246582 0.6148200631141663 0.6509581804275513 0.6285408139228821 0.6125528812408447 0.6335330605506897
0 0.6630607843399048 0.6152092218399048 0.6928917169570923 0.6124892234802246 0.6940686702728271 0.6253975629806519 0.6642377376556396 0.628117561340332
0 0.78095543384552 0.6804724931716919 0.7859705686569214 0.6672308444976807 0.8127226829528809 0.6773627996444702 0.8077075481414795 0.6906044483184814
0 0.6954545974731445 0.6117584705352783 0.7245445251464844 0.6096949577331543 0.725441575050354 0.6223416328430176 0.6963516473770142 0.6244051456451416
0 0.5140315294265747 0.6281287670135498 0.5421351194381714 0.6253325939178467 0.5434483289718628 0.6385316848754883 0.5153447389602661 0.6413278579711914
0 0.7063515186309814 0.7032339572906494 0.7232211828231812 0.7008843421936035 0.7274142503738403 0.730988621711731 0.7105445861816406 0.7333382368087769
0 0.809563159942627 0.32848018407821655 0.8150205612182617 0.3167085647583008 0.8510284423828125 0.33340221643447876 0.8455710411071777 0.34517383575439453
0 0.519244372844696 0.6235507130622864 0.5403510928153992 0.6220981478691101 0.541126549243927 0.6333664059638977 0.5200198292732239 0.634818971157074
0 0.32574450969696045 0.8992655873298645 0.3339398503303528 0.8844159245491028 0.40637433528900146 0.9243919253349304 0.39817899465560913 0.9392415881156921
0 0.6442229151725769 0.6169692277908325 0.6697644591331482 0.6142849922180176 0.6710498929023743 0.626516580581665 0.645508348941803 0.62920081615448
0 0.6323697566986084 0.5844557285308838 0.6654081344604492 0.5808154344558716 0.66712486743927 0.5963959693908691 0.6340864896774292 0.6000362634658813
0 0.5143382549285889 0.5988067984580994 0.5501136779785156 0.5945233702659607 0.5516778230667114 0.6075868010520935 0.5159024000167847 0.6118702292442322
0 0.6596114039421082 0.5819551348686218 0.7078341841697693 0.5755015015602112 0.7099196314811707 0.5910847783088684 0.6616968512535095 0.597538411617279
0 0.4717009961605072 0.6034102439880371 0.5015296339988708 0.6005938053131104 0.5027065277099609 0.6130590438842773 0.4728779196739197 0.6158754825592041
0 0.4751771092414856 0.6288363337516785 0.5036892294883728 0.6259576678276062 0.5050410032272339 0.6393464207649231 0.4765288829803467 0.6422250866889954
0 0.7189868092536926 0.7644287943840027 0.733934223651886 0.7617009282112122 0.7388461232185364 0.7886161208152771 0.723898708820343 0.7913439869880676
0 0.22135630249977112 0.5490958094596863 0.2355765402317047 0.507560670375824 0.248837411403656 0.5121007561683655 0.2346171736717224 0.5536358952522278
0 0.6428202390670776 0.6117619276046753 0.6689105033874512 0.6091518402099609 0.670134425163269 0.6213862895965576 0.6440441608428955 0.623996376991272
0 0.5813804864883423 0.593065083026886 0.6100673675537109 0.5884265303611755 0.611943244934082 0.6000279784202576 0.5832563638687134 0.604666531085968
0 0.38722938299179077 0.6402148604393005 0.4202345609664917 0.6362802386283875 0.42181897163391113 0.6495712399482727 0.3888137936592102 0.6535058617591858
0 0.8738455772399902 0.6576284766197205 0.8866454362869263 0.6551356911659241 0.892937183380127 0.6874428391456604 0.8801373243331909 0.6899356245994568
0 0.5452213883399963 0.5962426662445068 0.5795933604240417 0.5922777652740479 0.5814093947410583 0.6080210208892822 0.5470374226570129 0.6119859218597412
0 0.3451533317565918 0.6146360039710999 0.3785112500190735 0.6108679175376892 0.37997543811798096 0.6238301396369934 0.34661751985549927 0.627598226070404
1 0.8374421000480652 0.7016821503639221 0.8408389687538147 0.6600928902626038 0.8559640049934387 0.6613282561302185 0.8525671362876892 0.7029175162315369
