0 0.4432522654533386 0.1921282708644867 0.4479348659515381 0.1818600296974182 0.4656909108161926 0.18995729088783264 0.46100831031799316 0.20022553205490112
0 0.3522437512874603 0.18421490490436554 0.35237786173820496 0.17290203273296356 0.3731532394886017 0.17314834892749786 0.37301912903785706 0.18446122109889984
0 0.29587218165397644 0.21711932122707367 0.3074094355106354 0.21673624217510223 0.30772021412849426 0.22609634697437286 0.2961829602718353 0.2264794260263443
0 0.3564458191394806 0.21696293354034424 0.36025598645210266 0.20669040083885193 0.37929853796958923 0.21375346183776855 0.37548837065696716 0.22402599453926086
0 0.26967617869377136 0.26474490761756897 0.2713160216808319 0.2543250620365143 0.28713366389274597 0.2568143904209137 0.2854938209056854 0.2672342360019684
0 0.4043232500553131 0.2483070343732834 0.4059186279773712 0.2378189116716385 0.42192015051841736 0.24025289714336395 0.42032477259635925 0.25074100494384766
0 0.4595203101634979 0.21201081573963165 0.46634194254875183 0.20293499529361725 0.47943100333213806 0.21277309954166412 0.47260937094688416 0.22184891998767853
0 0.2884874939918518 0.24076034128665924 0.30355095863342285 0.24063275754451752 0.3036414384841919 0.25131654739379883 0.28857797384262085 0.25144410133361816
0 0.2459600567817688 0.25686079263687134 0.24995380640029907 0.24084442853927612 0.261313259601593 0.24367696046829224 0.25731950998306274 0.25969332456588745
0 0.25221744179725647 0.22552965581417084 0.259206622838974 0.21676494181156158 0.27138808369636536 0.226478710770607 0.2643989026546478 0.23524342477321625
0 0.3407643139362335 0.28722894191741943 0.3545627295970917 0.2847323417663574 0.35638681054115295 0.2948138117790222 0.3425883948802948 0.29731041193008423
0 0.335904598236084 0.19984343647956848 0.3398645520210266 0.19040736556053162 0.3516557216644287 0.19535568356513977 0.3476957678794861 0.20479175448417664
0 0.3070373833179474 0.18646903336048126 0.31203964352607727 0.17764146625995636 0.32374146580696106 0.18427251279354095 0.3187392055988312 0.19310007989406586
0 0.3778232932090759 0.2680063545703888 0.39124757051467896 0.2654261291027069 0.3931238055229187 0.2751876413822174 0.3796995282173157 0.2777678668498993
0 0.30315831303596497 0.28236135840415955 0.3167666494846344 0.2801295816898346 0.3184066712856293 0.29012957215309143 0.30479833483695984 0.2923613488674164
0 0.26841387152671814 0.2803918123245239 0.28237494826316833 0.27609455585479736 0.28543034195899963 0.2860209345817566 0.27146926522254944 0.29031819105148315
0 0.30903223156929016 0.24690930545330048 0.309874027967453 0.23688168823719025 0.3233371675014496 0.23801188170909882 0.32249537110328674 0.24803949892520905
0 0.4274936616420746 0.23201721906661987 0.4301346242427826 0.22155436873435974 0.44501402974128723 0.22531014680862427 0.4423730671405792 0.2357729971408844
0 0.3795890510082245 0.1991363912820816 0.38067689538002014 0.18853901326656342 0.39593127369880676 0.1901048868894577 0.3948434293270111 0.2007022649049759
0 0.31692376732826233 0.24849486351013184 0.3298576772212982 0.24700146913528442 0.33108869194984436 0.25766295194625854 0.31815478205680847 0.25915634632110596
0 0.3307582437992096 0.2642352879047394 0.3394375741481781 0.2532096207141876 0.3481169044971466 0.2600419819355011 0.3394375741481781 0.27106764912605286
0 0.3217222988605499 0.28628501296043396 0.33428671956062317 0.2818193733692169 0.33766403794288635 0.2913217842578888 0.3250996172428131 0.29578742384910583
0 0.2941718101501465 0.2866920232772827 0.30671870708465576 0.284728467464447 0.3081986904144287 0.2941854000091553 0.29565179347991943 0.29614895582199097
0 0.28307390213012695 0.2713090777397156 0.2959437966346741 0.26942163705825806 0.29736363887786865 0.27910304069519043 0.28449374437332153 0.28099048137664795
0 0.38728728890419006 0.23662111163139343 0.38823285698890686 0.22626090049743652 0.4024096429347992 0.2275548279285431 0.4014640748500824 0.2379150390625
0 0.29262903332710266 0.30552196502685547 0.2992493808269501 0.2946987748146057 0.3087964355945587 0.3005385398864746 0.3021760880947113 0.31136173009872437
0 0.31749746203422546 0.30480432510375977 0.32990583777427673 0.3013337254524231 0.3324052393436432 0.3102697730064392 0.3199968636035919 0.3137403726577759
0 0.4006642997264862 0.17454439401626587 0.4037581980228424 0.16591838002204895 0.4161147177219391 0.17035028338432312 0.4130208194255829 0.17897629737854004
0 0.44300952553749084 0.16860920190811157 0.4497416317462921 0.1601785123348236 0.45964381098747253 0.16808560490608215 0.45291170477867126 0.17651629447937012
0 0.49252748489379883 0.18847253918647766 0.49645769596099854 0.17874079942703247 0.510469913482666 0.18439975380897522 0.5065397024154663 0.1941314935684204
