0 0.5104207396507263 0.13313303887844086 0.5206175446510315 0.11897353082895279 0.5303497910499573 0.12598206102848053 0.5201529860496521 0.1401415765285492
0 0.6091461777687073 0.14781790971755981 0.6221188902854919 0.1395842432975769 0.6277894377708435 0.14851856231689453 0.6148167252540588 0.15675222873687744
0 0.5735059976577759 0.1935882270336151 0.5879145860671997 0.1877562403678894 0.5918394327163696 0.19745293259620667 0.5774308443069458 0.20328491926193237
0 0.44053247570991516 0.12787102162837982 0.4463052451610565 0.11431053280830383 0.4562074840068817 0.11852596700191498 0.45043471455574036 0.13208645582199097
0 0.1649221032857895 0.5007018446922302 0.17542363703250885 0.4999636709690094 0.1762419492006302 0.5116060376167297 0.16574041545391083 0.512344241142273
0 0.47810235619544983 0.20471596717834473 0.49486681818962097 0.19849851727485657 0.49919870495796204 0.21017876267433167 0.4824342429637909 0.21639621257781982
0 0.28159135580062866 0.09970350563526154 0.2841320037841797 0.0870935469865799 0.29468196630477905 0.08921915292739868 0.292141318321228 0.10182911157608032
0 0.2657899558544159 0.1514739841222763 0.272417277097702 0.14073912799358368 0.2813574969768524 0.14625851809978485 0.2747301757335663 0.15699337422847748
0 0.31414374709129333 0.09700945764780045 0.31549665331840515 0.08499180525541306 0.3260909616947174 0.08618447929620743 0.3247380554676056 0.09820213168859482
0 0.34957605600357056 0.10437782108783722 0.3508267402648926 0.09158207476139069 0.36095792055130005 0.09257230162620544 0.359707236289978 0.10536804795265198
0 0.3515298366546631 0.11853044480085373 0.3573724031448364 0.1051643118262291 0.36719584465026855 0.10945827513933182 0.3613532781600952 0.12282440811395645
0 0.6058743000030518 0.11675246804952621 0.614639401435852 0.10873184353113174 0.6214134693145752 0.11613466590642929 0.6126483678817749 0.12415529042482376
