0 0.5704697370529175 0.6324964165687561 0.5887147188186646 0.6269932389259338 0.5922523736953735 0.6387216448783875 0.5740073919296265 0.6442248225212097
0 0.4344770908355713 0.3378234803676605 0.4371855854988098 0.32731494307518005 0.45346206426620483 0.33151009678840637 0.4507535696029663 0.34201863408088684
0 0.6473388671875 0.04274001717567444 0.6511753797531128 0.03256818652153015 0.6665853261947632 0.038380466401576996 0.6627488136291504 0.04855229705572128
0 0.6513144969940186 0.06068301945924759 0.6556696891784668 0.050795383751392365 0.6699721813201904 0.057095177471637726 0.6656169891357422 0.06698281317949295
1 0.5453430414199829 0.6028079986572266 0.5843775272369385 0.5888572931289673 0.5884956121444702 0.6003799438476562 0.5494611263275146 0.6143306493759155
0 0.5035037398338318 0.30508872866630554 0.5104610323905945 0.2951890528202057 0.5185645222663879 0.30088409781455994 0.5116072297096252 0.3107837736606598
0 0.532473087310791 0.3006655275821686 0.5366853475570679 0.28744742274284363 0.5469141006469727 0.2907070219516754 0.5427018404006958 0.30392512679100037
0 0.2967749834060669 0.1898152232170105 0.3006720542907715 0.18081364035606384 0.31346702575683594 0.18635302782058716 0.30956995487213135 0.1953546106815338
0 0.34458455443382263 0.1582920104265213 0.35114821791648865 0.14976800978183746 0.36203041672706604 0.15814752876758575 0.3554667532444 0.1666715294122696
0 0.6164560914039612 0.044332120567560196 0.6215279698371887 0.0350123755633831 0.6336601376533508 0.04161487892270088 0.6285882592201233 0.050934623926877975
0 0.600636899471283 0.05120864138007164 0.6056891083717346 0.041879985481500626 0.6178345084190369 0.04845775291323662 0.6127822995185852 0.05778640881180763
0 0.6227596402168274 0.06621941179037094 0.6278067231178284 0.05690000206232071 0.6399573683738708 0.06348036974668503 0.6349102854728699 0.07279977947473526
0 0.8412713408470154 0.08313082903623581 0.8548011183738708 0.08228787034749985 0.855442225933075 0.09257818013429642 0.8419124484062195 0.09342113882303238
1 0.8624500632286072 0.11554520577192307 0.8909793496131897 0.11458384245634079 0.8916413187980652 0.13422739505767822 0.8631120324134827 0.1351887583732605
