0 0.3197135627269745 0.05918102711439133 0.34629979729652405 0.058226652443408966 0.3468070924282074 0.07235880941152573 0.32022085785865784 0.07331318408250809
0 0.4625706970691681 0.056786514818668365 0.4900098741054535 0.050506047904491425 0.4929117262363434 0.06318414956331253 0.465472549200058 0.06946461647748947
0 0.5082472562789917 0.10903723537921906 0.5116676092147827 0.09688575565814972 0.5369805097579956 0.10401073098182678 0.5335601568222046 0.11616221070289612
0 0.15746963024139404 0.7244925498962402 0.16544145345687866 0.7151354551315308 0.1804639995098114 0.7279338836669922 0.17249217629432678 0.7372909784317017
0 0.035612769424915314 0.5743856430053711 0.044264137744903564 0.5653927326202393 0.05891839414834976 0.5794904232025146 0.05026702582836151 0.5884833335876465
0 0.39845335483551025 0.11945408582687378 0.3987898826599121 0.10847482085227966 0.4154200553894043 0.10898454487323761 0.41508352756500244 0.11996380984783173
0 0.460191547870636 0.1307767629623413 0.4749269485473633 0.13038673996925354 0.47519856691360474 0.1406484842300415 0.46046316623687744 0.14103850722312927
0 0.08866820484399796 0.5851601958274841 0.09619239717721939 0.5761159062385559 0.11155303567647934 0.588894784450531 0.1040288433432579 0.5979390740394592
0 0.10267029702663422 0.5585819482803345 0.1066116988658905 0.548678994178772 0.12097127735614777 0.5543941259384155 0.11702987551689148 0.564297080039978
0 0.36841070652008057 0.06211664527654648 0.38769620656967163 0.060407333076000214 0.38870012760162354 0.07173434644937515 0.36941462755203247 0.07344365864992142
0 -0.008591271936893463 0.6410264372825623 -0.0008088941685855389 0.6279850602149963 0.009714938700199127 0.634265124797821 0.0019325611647218466 0.647306501865387
0 0.07300791889429092 0.6286764144897461 0.08067502826452255 0.6195149421691895 0.0965581014752388 0.6328072547912598 0.08889099210500717 0.6419687271118164
0 0.040309689939022064 0.7167291641235352 0.05603904277086258 0.7110104560852051 0.05962252616882324 0.7208669185638428 0.04389317333698273 0.7265856266021729
0 0.29828354716300964 0.5798130631446838 0.3127249777317047 0.5704949498176575 0.3237271010875702 0.5875462889671326 0.3092856705188751 0.5968644022941589
0 0.3508795499801636 0.5600297451019287 0.3554908037185669 0.550405740737915 0.3703076243400574 0.5575050115585327 0.36569637060165405 0.5671290159225464
0 0.3858441412448883 0.528664231300354 0.39255401492118835 0.5195921659469604 0.40660181641578674 0.5299822092056274 0.3998919427394867 0.539054274559021
0 0.009897984564304352 0.8555407524108887 0.01587674394249916 0.8451329469680786 0.03529898449778557 0.8562899827957153 0.02932022511959076 0.8666977882385254
0 0.03183430805802345 0.9010952711105347 0.0501239188015461 0.8981677293777466 0.051776986569166183 0.9084950685501099 0.03348737582564354 0.911422610282898
0 0.05712689086794853 0.9080480337142944 0.0680740550160408 0.9080480337142944 0.0680740624666214 0.9216605424880981 0.05712690204381943 0.9216605424880981
0 0.05214503034949303 0.8794395327568054 0.06793293356895447 0.8744633793830872 0.07106913626194 0.8844137787818909 0.05528123676776886 0.8893899321556091
0 0.0858505591750145 0.8815150260925293 0.08598536998033524 0.8705244064331055 0.10169076174497604 0.8707170486450195 0.1015559509396553 0.8817076683044434
0 0.089696504175663 0.8587307929992676 0.09014550596475601 0.8480422496795654 0.10467337816953659 0.8486526012420654 0.10422437638044357 0.8593411445617676
0 0.1304377317428589 0.8945488929748535 0.1317380666732788 0.8840287923812866 0.14715570211410522 0.8859344720840454 0.1458553671836853 0.8964545726776123
0 0.12951762974262238 0.8967375159263611 0.1312628835439682 0.8865687251091003 0.14617721736431122 0.8891285061836243 0.1444319635629654 0.899297297000885
0 0.12883104383945465 0.8984324932098389 0.13085894286632538 0.8889708518981934 0.14555402100086212 0.8921204805374146 0.1435261219739914 0.9015821218490601
0 0.1451658457517624 0.8936564922332764 0.16125677525997162 0.8933013677597046 0.16147853434085846 0.9033493995666504 0.14538760483264923 0.9037045240402222
0 0.197147399187088 0.9037812948226929 0.21391433477401733 0.9030927419662476 0.21435415744781494 0.9138028621673584 0.19758722186088562 0.9144914150238037
0 0.16934287548065186 0.8927911520004272 0.18575778603553772 0.8884568214416504 0.1885453462600708 0.8990137577056885 0.17213043570518494 0.9033480882644653
0 0.20792728662490845 0.8932047486305237 0.21100395917892456 0.8831766247749329 0.22793054580688477 0.8883698582649231 0.22485387325286865 0.8983979821205139
0 0.1784268319606781 0.8799722194671631 0.19304883480072021 0.8793686628341675 0.19347184896469116 0.8896175622940063 0.17884984612464905 0.890221118927002
0 0.1490226835012436 0.8611202836036682 0.15159137547016144 0.8511257767677307 0.1698954850435257 0.8558301329612732 0.16732679307460785 0.8658246397972107
0 0.19263088703155518 0.8656480312347412 0.19728192687034607 0.8561251163482666 0.21192440390586853 0.8632766008377075 0.20727336406707764 0.8727995157241821
0 0.25601378083229065 0.8832527995109558 0.25678548216819763 0.8721163868904114 0.27389904856681824 0.8733022809028625 0.27312734723091125 0.884438693523407
0 0.30034059286117554 0.9041822552680969 0.3011525273323059 0.8937137722969055 0.3208606243133545 0.8952422738075256 0.3200486898422241 0.905710756778717
0 0.40689146518707275 0.9317118525505066 0.40846508741378784 0.9209615588188171 0.4233764410018921 0.9231442809104919 0.421802818775177 0.9338945746421814
0 0.15358972549438477 0.6191747784614563 0.15892758965492249 0.6084333062171936 0.1738053560256958 0.6158266663551331 0.16846749186515808 0.6265681385993958
0 0.1769491732120514 0.5804129838943481 0.18937227129936218 0.5783947706222534 0.1921679675579071 0.5956037044525146 0.1797448694705963 0.5976219177246094
0 0.23219482600688934 0.5121451020240784 0.23794107139110565 0.5031638741493225 0.25166916847229004 0.5119470953941345 0.24592293798923492 0.5209283232688904
0 0.2392084002494812 0.5297977924346924 0.24280692636966705 0.5194873809814453 0.25791552662849426 0.5247606039047241 0.2543169856071472 0.5350710153579712
0 0.26319169998168945 0.5116567611694336 0.2679906487464905 0.5019165277481079 0.28482288122177124 0.5102096796035767 0.2800239324569702 0.5199499130249023
0 0.31527066230773926 0.500808835029602 0.32085198163986206 0.4916231632232666 0.33370107412338257 0.49943041801452637 0.32811975479125977 0.5086160898208618
0 0.28726091980934143 0.49219924211502075 0.2922079861164093 0.48329269886016846 0.3039327561855316 0.4898051619529724 0.29898568987846375 0.4987117052078247
0 0.3278580605983734 0.5169509649276733 0.32884255051612854 0.5065958499908447 0.34257081151008606 0.5079010725021362 0.34158632159233093 0.5182561874389648
0 0.351934015750885 0.5289804339408875 0.35316646099090576 0.5180136561393738 0.3661037087440491 0.5194675326347351 0.3648712635040283 0.5304343104362488
0 0.30765047669410706 0.5167510509490967 0.3112734854221344 0.5075912475585938 0.32341089844703674 0.5123920440673828 0.3197878897190094 0.5215518474578857
0 0.3850116729736328 0.5113891959190369 0.3860834836959839 0.5003337264060974 0.40075284242630005 0.5017558932304382 0.399681031703949 0.5128113627433777
0 0.40864503383636475 0.5023566484451294 0.4131197929382324 0.4927624464035034 0.42968523502349854 0.5004886388778687 0.42521047592163086 0.5100828409194946
0 0.505293607711792 0.5119326114654541 0.5126391649246216 0.5036501884460449 0.523754358291626 0.5135080814361572 0.5164088010787964 0.5217905044555664
0 0.5254512429237366 0.5366191864013672 0.5305717587471008 0.5261350870132446 0.545495331287384 0.5334237813949585 0.5403748154640198 0.543907880783081
0 0.5736923813819885 0.5389436483383179 0.5755906701087952 0.5280400514602661 0.5921185612678528 0.5309175252914429 0.5902202725410461 0.5418211221694946
0 0.6152488589286804 0.5470089912414551 0.6232169270515442 0.5387035608291626 0.6335651278495789 0.5486313104629517 0.6255970597267151 0.5569367408752441
0 0.043807074427604675 0.5460501909255981 0.0441613495349884 0.5358753204345703 0.06002510339021683 0.5364277362823486 0.0596708282828331 0.5466026067733765
