0 0.26764458417892456 0.07719254493713379 0.2777022123336792 0.07315033674240112 0.28304803371429443 0.08645153045654297 0.2729904055595398 0.09049373865127563
0 0.2313457429409027 0.10679458826780319 0.2410573661327362 0.10294704884290695 0.24644866585731506 0.11655528098344803 0.23673704266548157 0.12040282040834427
1 0.12515416741371155 0.23802347481250763 0.16974413394927979 0.19660352170467377 0.18328267335891724 0.2111782282590866 0.138692706823349 0.2525981664657593
0 0.34303826093673706 0.34073179960250854 0.35295504331588745 0.33396589756011963 0.3621755838394165 0.3474804759025574 0.3522588014602661 0.3542463779449463
0 0.37224873900413513 0.30562230944633484 0.381790429353714 0.3006775677204132 0.3880701959133148 0.31279537081718445 0.37852850556373596 0.3177401125431061
0 0.39322683215141296 0.2868155539035797 0.40362057089805603 0.28358229994773865 0.4074762761592865 0.2959769070148468 0.39708253741264343 0.29921016097068787
0 0.379997193813324 0.2560420036315918 0.39105653762817383 0.2556571364402771 0.3915433883666992 0.2696458101272583 0.38048404455184937 0.270030677318573
0 0.2611895203590393 0.09471753239631653 0.26847344636917114 0.08711303770542145 0.2781009078025818 0.09633466601371765 0.27081698179244995 0.10393916070461273
0 0.24573582410812378 0.07459936290979385 0.25650253891944885 0.07084745913743973 0.26100730895996094 0.0837746188044548 0.25024059414863586 0.08752652257680893
0 0.19502776861190796 0.041864410042762756 0.2059916853904724 0.03933480381965637 0.2088983952999115 0.051933206617832184 0.19793447852134705 0.05446281284093857
0 0.07189644873142242 0.013560661114752293 0.08129744231700897 0.0093131298199296 0.08606083691120148 0.01985587179660797 0.07665984332561493 0.024103403091430664
