0 0.4476366639137268 0.5071539878845215 0.46082454919815063 0.4949045181274414 0.4687977433204651 0.5034885406494141 0.45560985803604126 0.5157380104064941
0 0.6048993468284607 0.4020898938179016 0.6142733693122864 0.38463932275772095 0.6253252625465393 0.39057618379592896 0.6159512400627136 0.4080267548561096
0 0.4391433596611023 0.4858132302761078 0.45002835988998413 0.47498074173927307 0.457589328289032 0.4825783669948578 0.44670432806015015 0.4934108555316925
0 0.4727889597415924 0.5630743503570557 0.48398497700691223 0.5483098030090332 0.4936307966709137 0.55562424659729 0.48243477940559387 0.5703887939453125
0 0.4075828492641449 0.5409598350524902 0.4167122542858124 0.529009222984314 0.42548659443855286 0.5357121229171753 0.4163571894168854 0.5476627349853516
0 0.32292255759239197 0.5528046488761902 0.3279457986354828 0.537050187587738 0.338916152715683 0.5405480265617371 0.33389291167259216 0.5563024878501892
0 0.44375079870224 0.5534461140632629 0.45695722103118896 0.5435673594474792 0.4636659622192383 0.5525359511375427 0.4504595398902893 0.5624147057533264
0 0.5085837244987488 0.4567658603191376 0.5166993737220764 0.44281575083732605 0.5268447995185852 0.44871798157691956 0.5187291502952576 0.4626680910587311
0 0.3742036521434784 0.6085610389709473 0.37980517745018005 0.5915194749832153 0.3903866708278656 0.5949975252151489 0.38478514552116394 0.6120390892028809
0 0.3612130582332611 0.5508444905281067 0.36967602372169495 0.5387914776802063 0.3786201775074005 0.545071542263031 0.3701572120189667 0.5571245551109314
0 0.5070691704750061 0.5259603261947632 0.5187084078788757 0.5116853713989258 0.5277114510536194 0.5190261602401733 0.5160722136497498 0.5333011150360107
0 0.5654397010803223 0.44826242327690125 0.576907753944397 0.4378799498081207 0.5842803716659546 0.44602349400520325 0.5728123188018799 0.45640596747398376
0 0.6331540942192078 0.4193974435329437 0.6474050879478455 0.40992096066474915 0.6536893248558044 0.41937145590782166 0.6394383311271667 0.42884793877601624
0 0.412993848323822 0.5787437558174133 0.42251521348953247 0.5685352683067322 0.4301704168319702 0.5756751894950867 0.42064905166625977 0.5858836770057678
0 0.35774365067481995 0.516998291015625 0.3661220371723175 0.5064138174057007 0.37444427609443665 0.5130014419555664 0.3660658895969391 0.5235859155654907
0 0.3772314190864563 0.609120786190033 0.3831174969673157 0.5923849940299988 0.39381301403045654 0.5961466431617737 0.38792693614959717 0.6128824353218079
0 0.2948017120361328 0.5076339840888977 0.3010783791542053 0.4954524040222168 0.31047308444976807 0.5002930760383606 0.30419641733169556 0.5124746561050415
0 0.3870943486690521 0.5403757095336914 0.391325443983078 0.5283471345901489 0.4011276066303253 0.5317950248718262 0.39689651131629944 0.5438235998153687
0 0.4693092703819275 0.455139696598053 0.47449415922164917 0.4422786235809326 0.4847850203514099 0.4464273452758789 0.47960013151168823 0.45928841829299927
0 0.39449626207351685 0.5004730820655823 0.4023538827896118 0.4904806613922119 0.41058462858200073 0.49695301055908203 0.40272700786590576 0.5069454312324524
0 0.33162903785705566 0.5127840042114258 0.33856290578842163 0.5020183324813843 0.3471723198890686 0.5075634717941284 0.34023845195770264 0.5183291435241699
0 0.695064127445221 0.36180344223976135 0.7060741782188416 0.35379597544670105 0.7118027806282043 0.3616727292537689 0.7007927298545837 0.3696801960468292
0 0.7370759844779968 0.39294159412384033 0.750400722026825 0.38883543014526367 0.7533217072486877 0.3983139991760254 0.7399969696998596 0.40242016315460205
0 0.3258669078350067 0.5434690117835999 0.3310164511203766 0.5316810011863708 0.3405887186527252 0.5358626246452332 0.33543917536735535 0.5476506352424622
0 0.5068668723106384 0.477219820022583 0.5159841179847717 0.46788889169692993 0.5235360264778137 0.47526782751083374 0.5144187808036804 0.4845987558364868
0 0.5986206531524658 0.4597361087799072 0.608532190322876 0.4483785629272461 0.6164870262145996 0.4553205966949463 0.6065754890441895 0.4666781425476074
0 0.38738229870796204 0.4836376905441284 0.39808008074760437 0.47618818283081055 0.4038185775279999 0.48442894220352173 0.39312079548835754 0.4918784499168396
0 0.2936002314090729 0.5478299260139465 0.3010424077510834 0.5375369191169739 0.30942389369010925 0.5435970425605774 0.30198171734809875 0.55389004945755
0 0.4576728343963623 0.49737659096717834 0.4671483039855957 0.48904111981391907 0.47401297092437744 0.496844619512558 0.46453750133514404 0.5051801204681396
0 0.24543547630310059 0.49695244431495667 0.252932071685791 0.48165884613990784 0.2637084722518921 0.4869411885738373 0.25621187686920166 0.5022348165512085
0 0.29810062050819397 0.5007236003875732 0.3040866553783417 0.49115434288978577 0.31213876605033875 0.4961913228034973 0.30615273118019104 0.5057605504989624
0 0.37092575430870056 0.492087185382843 0.3805254399776459 0.48474347591400146 0.38658544421195984 0.4926651120185852 0.3769857585430145 0.5000088214874268
0 0.35580727458000183 0.5864020586013794 0.36498358845710754 0.5779602527618408 0.3718511760234833 0.5854253768920898 0.36267486214637756 0.5938671827316284
0 0.23689895868301392 0.5678185820579529 0.2379799485206604 0.5548786520957947 0.24846306443214417 0.5557543635368347 0.24738207459449768 0.5686942934989929
0 0.5338394045829773 0.45333826541900635 0.538191020488739 0.4443467855453491 0.5498289465904236 0.449979305267334 0.5454773306846619 0.4589707851409912
1 0.2161436676979065 0.9763368964195251 0.23169013857841492 0.9695031046867371 0.24883008003234863 1.008495569229126 0.2332836091518402 1.015329360961914
1 0.29203394055366516 0.9342792630195618 0.3246289789676666 0.9338352084159851 0.3247919976711273 0.9457996487617493 0.29219695925712585 0.9462437033653259
0 0.24157799780368805 0.7282442450523376 0.2536933124065399 0.7263837456703186 0.2551860809326172 0.7361041903495789 0.24307075142860413 0.7379646897315979
0 0.5794914960861206 0.9653878211975098 0.5929512977600098 0.964688777923584 0.593474268913269 0.9747583866119385 0.5800144672393799 0.9754574298858643
0 0.2570236325263977 0.5289685130119324 0.26300138235092163 0.5164775252342224 0.2727223038673401 0.5211296677589417 0.26674455404281616 0.5336206555366516
0 0.24869036674499512 0.5135707259178162 0.25002169609069824 0.5014340281486511 0.260766863822937 0.5026126503944397 0.2594355344772339 0.5147493481636047
0 0.24680787324905396 0.5499442219734192 0.2504645586013794 0.5388633608818054 0.2602993845939636 0.5421088337898254 0.2566426992416382 0.5531896948814392
