0 0.13460399210453033 0.991689920425415 0.14972253143787384 0.9840637445449829 0.15506069362163544 0.994646430015564 0.13994215428829193 1.002272605895996
0 0.5698497295379639 0.13970573246479034 0.5702162981033325 0.12703292071819305 0.5887856483459473 0.1275700479745865 0.5884190797805786 0.14024285972118378
0 0.638512134552002 0.2675109803676605 0.6435990333557129 0.2579366862773895 0.6568677425384521 0.26498648524284363 0.6517808437347412 0.2745607793331146
0 0.6571488976478577 0.2548409700393677 0.664574921131134 0.2459612637758255 0.6766228079795837 0.25603675842285156 0.6691967844963074 0.26491647958755493
0 0.6703020334243774 0.20668578147888184 0.6722779273986816 0.19537046551704407 0.6897368431091309 0.19841918349266052 0.6877609491348267 0.2097344994544983
0 0.5271733403205872 0.15040642023086548 0.5428417325019836 0.14643055200576782 0.5454983115196228 0.15689966082572937 0.5298299193382263 0.16087552905082703
0 0.6557914018630981 0.26977697014808655 0.6567716598510742 0.2569619119167328 0.676111102104187 0.258441299200058 0.6751308441162109 0.27125635743141174
1 0.07515525817871094 0.9488692879676819 0.07667151093482971 0.931245744228363 0.18624570965766907 0.9406730532646179 0.1847294569015503 0.9582965970039368
0 0.9036602973937988 0.5061977505683899 0.909867525100708 0.49829941987991333 0.9198905229568481 0.5061764121055603 0.913683295249939 0.5140747427940369
0 0.910732090473175 0.491620808839798 0.9196247458457947 0.48595133423805237 0.9270774722099304 0.497640997171402 0.9181848168373108 0.5033104419708252
0 0.9246501326560974 0.4910599887371063 0.9304326176643372 0.48272767663002014 0.9423875212669373 0.4910241663455963 0.9366050362586975 0.4993564784526825
