0 0.2213442325592041 0.7729035019874573 0.22962576150894165 0.7617021203041077 0.2586033046245575 0.783126175403595 0.25032177567481995 0.7943275570869446
0 0.3174465298652649 0.6455135345458984 0.3261348009109497 0.6395899057388306 0.33370357751846313 0.6506912708282471 0.3250153064727783 0.6566148996353149
0 0.30890658497810364 0.6131270527839661 0.3164198696613312 0.6063198447227478 0.3250686824321747 0.6158657670021057 0.31755539774894714 0.622672975063324
0 0.361279159784317 0.7004579901695251 0.3698785603046417 0.6941319108009338 0.3796914517879486 0.7074711918830872 0.3710920512676239 0.7137972712516785
0 0.34752219915390015 0.6637218594551086 0.3553641438484192 0.6573702692985535 0.3640611171722412 0.668107807636261 0.35621917247772217 0.6744593977928162
0 0.335638165473938 0.6298991441726685 0.3441944122314453 0.625024676322937 0.35028260946273804 0.6357114315032959 0.3417263627052307 0.6405858993530273
0 0.3052026927471161 0.6439112424850464 0.31336531043052673 0.6376276016235352 0.32155367732048035 0.6482644081115723 0.3133910596370697 0.6545480489730835
0 0.3160741329193115 0.6957935690879822 0.3249210715293884 0.6905686259269714 0.33181071281433105 0.7022343277931213 0.32296377420425415 0.7074592709541321
0 0.28953394293785095 0.6259856820106506 0.2973731458187103 0.6198672652244568 0.3049764335155487 0.6296089291572571 0.29713723063468933 0.6357273459434509
0 0.25595664978027344 0.6167196035385132 0.26558738946914673 0.6128194332122803 0.2706678509712219 0.6253648996353149 0.26103711128234863 0.6292650699615479
0 0.3357669711112976 0.6117447018623352 0.34362858533859253 0.6051844954490662 0.35180968046188354 0.6149885058403015 0.3439480662345886 0.6215487122535706
0 0.2894628643989563 0.6772576570510864 0.29995179176330566 0.6770830154418945 0.3001515865325928 0.6890829801559448 0.2896626591682434 0.6892576217651367
0 0.3096189498901367 0.6588849425315857 0.3174396753311157 0.6518506407737732 0.32586848735809326 0.6612218022346497 0.31804776191711426 0.6682561039924622
0 0.24867182970046997 0.5932397246360779 0.2539609670639038 0.5846254229545593 0.26354968547821045 0.5905128121376038 0.2582605481147766 0.5991271138191223
0 0.35021406412124634 0.6502242684364319 0.3580291271209717 0.6443756222724915 0.36524873971939087 0.6540226340293884 0.3574336767196655 0.6598712801933289
0 0.25185659527778625 0.600203275680542 0.256124883890152 0.591017484664917 0.26714321970939636 0.596137285232544 0.26287493109703064 0.605323076248169
0 0.3170264661312103 0.6703922748565674 0.32352980971336365 0.6630525588989258 0.33227917551994324 0.6708048582077026 0.3257758319377899 0.6781445741653442
0 0.3148654103279114 0.5912579298019409 0.32077091932296753 0.5831738710403442 0.3304041028022766 0.590211033821106 0.32449859380722046 0.5982950925827026
0 0.3063330352306366 0.734124481678009 0.3165298402309418 0.7339763045310974 0.3167133629322052 0.7466025948524475 0.3065165579319 0.7467507719993591
0 0.3663672208786011 0.6047674417495728 0.3736582398414612 0.5968618392944336 0.38262850046157837 0.6051347255706787 0.37533748149871826 0.6130403280258179
0 0.38572877645492554 0.6280830502510071 0.39526838064193726 0.6248252987861633 0.39921748638153076 0.6363891959190369 0.38967788219451904 0.6396469473838806
0 0.3546862006187439 0.5994551777839661 0.3623006343841553 0.592759907245636 0.3700914978981018 0.6016202569007874 0.36247706413269043 0.6083155274391174
0 0.2905871272087097 0.6438567042350769 0.29799795150756836 0.6363858580589294 0.3050251007080078 0.6433565020561218 0.29761427640914917 0.6508273482322693
0 0.35726040601730347 0.688881516456604 0.3651059865951538 0.6822401285171509 0.37308263778686523 0.6916631460189819 0.3652370572090149 0.6983045339584351
0 0.6250027418136597 0.44007986783981323 0.6303219795227051 0.4313589334487915 0.6424074172973633 0.4387304186820984 0.6370881795883179 0.4474513530731201
0 0.7197607755661011 0.28560274839401245 0.7302771806716919 0.2816353440284729 0.7348910570144653 0.2938653230667114 0.7243746519088745 0.297832727432251
0 0.32033661007881165 0.5982032418251038 0.32762089371681213 0.5908921360969543 0.3366294205188751 0.5998676419258118 0.32934513688087463 0.6071787476539612
