0 0.08010193705558777 0.5851830840110779 0.0881747156381607 0.5767974257469177 0.0995204895734787 0.5877198576927185 0.09144771099090576 0.5961055159568787
0 0.005671793129295111 0.5647236108779907 0.01382225751876831 0.5588531494140625 0.021953076124191284 0.5701419115066528 0.013802612200379372 0.576012372970581
0 0.03753434121608734 0.5808583498001099 0.041120171546936035 0.571774959564209 0.05516289174556732 0.577318549156189 0.05157706141471863 0.5864019393920898
0 0.05403135344386101 0.5387775897979736 0.06290166079998016 0.5329512357711792 0.06961411237716675 0.5431705713272095 0.06074380874633789 0.5489969253540039
0 0.11359670758247375 0.5857433676719666 0.12178657948970795 0.5795049071311951 0.13076506555080414 0.5912918448448181 0.12257519364356995 0.5975303053855896
0 0.13059216737747192 0.574140727519989 0.14109951257705688 0.571506917476654 0.14443668723106384 0.5848200917243958 0.13392934203147888 0.5874539017677307
0 0.10797037184238434 0.5467646718025208 0.11588387191295624 0.5403731465339661 0.12391947209835052 0.5503222346305847 0.11600597202777863 0.5567137598991394
0 0.17454306781291962 0.5653064846992493 0.1849890500307083 0.5618485808372498 0.18954263627529144 0.5756047368049622 0.17909665405750275 0.5790626406669617
0 0.21036186814308167 0.5885966420173645 0.2180900275707245 0.5806978344917297 0.22933286428451538 0.5916977524757385 0.22160470485687256 0.5995965600013733
0 0.2333521544933319 0.6157666444778442 0.24465174973011017 0.6060328483581543 0.25771889090538025 0.6212019920349121 0.246419295668602 0.630935788154602
0 0.2533457279205322 0.5750600695610046 0.26364773511886597 0.5727971196174622 0.26630812883377075 0.5849083065986633 0.256006121635437 0.5871712565422058
0 0.26642587780952454 0.594519853591919 0.2724493443965912 0.5861271619796753 0.28343185782432556 0.5940093994140625 0.2774083912372589 0.6024020910263062
0 0.3290168046951294 0.6313501596450806 0.3403422236442566 0.6228729486465454 0.35181283950805664 0.6381974220275879 0.34048742055892944 0.646674633026123
