0 0.046609703451395035 0.11947601288557053 0.05324866995215416 0.11221271008253098 0.06223689392209053 0.12042831629514694 0.055597927421331406 0.1276916265487671
0 0.1335802674293518 0.18887671828269958 0.13926061987876892 0.18066373467445374 0.14977097511291504 0.1879330277442932 0.14409062266349792 0.19614601135253906
0 0.0777648538351059 0.11847800761461258 0.0864592045545578 0.10975208133459091 0.09702536463737488 0.12028000503778458 0.08833101391792297 0.12900593876838684
0 0.06469684094190598 0.13996244966983795 0.07294365018606186 0.13239510357379913 0.08262573927640915 0.1429465264081955 0.07437893003225327 0.15051387250423431
0 0.07203502207994461 0.15148618817329407 0.07479026168584824 0.14193004369735718 0.08760549873113632 0.14562496542930603 0.0848502591252327 0.15518110990524292
0 0.0801718607544899 0.1541694700717926 0.08722559362649918 0.1470615565776825 0.09638821333646774 0.15615436434745789 0.08933448046445847 0.163262277841568
0 0.06563571095466614 0.1316761076450348 0.07267484068870544 0.1245557963848114 0.08186383545398712 0.13364002108573914 0.07482470571994781 0.14076033234596252
0 0.08919795602560043 0.12324356287717819 0.09625107795000076 0.11613547056913376 0.10541430860757828 0.12522783875465393 0.09836118668317795 0.13233593106269836
0 0.07389486581087112 0.13790427148342133 0.08094797283411026 0.1307961791753769 0.09011121839284897 0.13988853991031647 0.08305811136960983 0.1469966322183609
0 0.0811157301068306 0.14414258301258087 0.08817485719919205 0.13702841103076935 0.09733209758996964 0.146114781498909 0.09027297049760818 0.15322895348072052
0 0.08833663165569305 0.15108077228069305 0.09538973867893219 0.14397267997264862 0.1045529842376709 0.1530650407075882 0.09749987721443176 0.16017313301563263
0 0.0964188352227211 0.16000992059707642 0.10347194224596024 0.15290182828903198 0.11263518780469894 0.16199418902397156 0.10558208078145981 0.169102281332016
0 0.12892457842826843 0.17184707522392273 0.13598370552062988 0.16473287343978882 0.14514097571372986 0.17381924390792847 0.1380818486213684 0.18093344569206238
0 0.13769112527370453 0.17704764008522034 0.14474423229694366 0.1699395775794983 0.15390749275684357 0.17903199791908264 0.14685438573360443 0.1861400604248047
0 0.1547994315624237 0.17891797423362732 0.16185858845710754 0.1718038022518158 0.17101576924324036 0.18089017271995544 0.16395661234855652 0.18800434470176697
0 0.12676547467708588 0.18072614073753357 0.1338045746088028 0.1736057996749878 0.1429935246706009 0.18268990516662598 0.13595442473888397 0.18981024622917175
0 0.1565220057964325 0.19555753469467163 0.16357511281967163 0.1884494125843048 0.1727384328842163 0.19754180312156677 0.16568532586097717 0.2046499252319336
0 0.09831847250461578 0.1758614480495453 0.09960025548934937 0.16656726598739624 0.11213964223861694 0.16829660534858704 0.11085785925388336 0.17759078741073608
0 0.14914348721504211 0.19863899052143097 0.15838557481765747 0.19492943584918976 0.16253679990768433 0.2052718847990036 0.15329471230506897 0.2089814394712448
0 0.12849077582359314 0.16659636795520782 0.1351994276046753 0.15944452583789825 0.1430262327194214 0.166786327958107 0.13631758093833923 0.17393817007541656
0 0.16781559586524963 0.1880316585302353 0.1758710741996765 0.18279381096363068 0.18190410733222961 0.19207222759723663 0.17384862899780273 0.19731007516384125
0 0.1150970384478569 0.5542569160461426 0.12010309845209122 0.5455682277679443 0.13076940178871155 0.5517137050628662 0.12576332688331604 0.5604023933410645
0 0.17005057632923126 0.5838071703910828 0.17322517931461334 0.5737865567207336 0.18688996136188507 0.5781156420707703 0.183715358376503 0.5881362557411194
0 0.20113128423690796 0.610300600528717 0.20591795444488525 0.6001035571098328 0.21957001090049744 0.6065120100975037 0.21478334069252014 0.6167090535163879
0 0.22728389501571655 0.6140538454055786 0.230608731508255 0.6048463582992554 0.24337372183799744 0.6094558238983154 0.24004888534545898 0.6186633110046387
0 0.450206995010376 0.6475229859352112 0.4553832411766052 0.6390582919120789 0.46720147132873535 0.6462852358818054 0.4620252251625061 0.6547499299049377
0 0.4851115345954895 0.6228101253509521 0.48874008655548096 0.6130791902542114 0.5031726360321045 0.618461012840271 0.49954408407211304 0.6281919479370117
0 0.5008325576782227 0.5946432948112488 0.5013202428817749 0.5850391983985901 0.5141875743865967 0.5856925845146179 0.5136998891830444 0.5952966809272766
0 0.8598272204399109 0.5723620653152466 0.8651004433631897 0.5635596513748169 0.8772223591804504 0.5708214044570923 0.8719491362571716 0.579623818397522
0 0.7887635827064514 0.5835886597633362 0.788914144039154 0.5737374424934387 0.8007064461708069 0.5739176869392395 0.8005558848381042 0.583768904209137
0 0.5244139432907104 0.5808598399162292 0.535110354423523 0.5802696347236633 0.535606861114502 0.5892676711082458 0.5249104499816895 0.5898578763008118
