0 -0.0006347144953906536 0.17377763986587524 0.008335643447935581 0.16688114404678345 0.01771799474954605 0.1790848970413208 0.008747636340558529 0.1859813928604126
0 0.3539482057094574 0.2945905923843384 0.35419610142707825 0.2840602397918701 0.37069687247276306 0.28444868326187134 0.3704489767551422 0.2949790358543396
0 0.4357142746448517 0.3024611473083496 0.4369311034679413 0.29202914237976074 0.45480236411094666 0.2941136956214905 0.45358553528785706 0.30454570055007935
0 0.40149277448654175 0.26948028802871704 0.40401792526245117 0.2601567506790161 0.4167191982269287 0.26359671354293823 0.4141940474510193 0.27292025089263916
0 0.40944021940231323 0.2727806270122528 0.4256508946418762 0.2701927125453949 0.42730653285980225 0.2805635631084442 0.41109585762023926 0.2831514775753021
0 0.4392990171909332 0.3303922116756439 0.4416632354259491 0.3198600709438324 0.4576356112957001 0.32344546914100647 0.4552713930606842 0.333977609872818
0 0.4450736343860626 0.34069356322288513 0.4598707854747772 0.33937427401542664 0.46071478724479675 0.34884050488471985 0.44591763615608215 0.35015979409217834
0 0.4470975399017334 0.3629738986492157 0.4628344178199768 0.36173978447914124 0.4635894298553467 0.3713671863079071 0.44785255193710327 0.37260130047798157
0 0.43246400356292725 0.3875467777252197 0.43246400356292725 0.3778207302093506 0.44798821210861206 0.3778207302093506 0.44798821210861206 0.3875467777252197
0 0.37493473291397095 0.38086244463920593 0.39033758640289307 0.3786372244358063 0.39176076650619507 0.38848862051963806 0.37635791301727295 0.3907138407230377
0 0.10828205943107605 0.5583567023277283 0.11020688712596893 0.5489198565483093 0.12264515459537506 0.551456868648529 0.12072032690048218 0.560893714427948
