0 0.5380240678787231 0.8083032965660095 0.5639772415161133 0.8046050667762756 0.5779632329940796 0.9027565121650696 0.5520100593566895 0.9064547419548035
0 -0.022315209731459618 0.9171207547187805 -0.014392705634236336 0.9018905758857727 0.048191964626312256 0.9344461560249329 0.040269456803798676 0.9496763348579407
0 0.7534899711608887 0.8805604577064514 0.8114820718765259 0.8763898015022278 0.8128163814544678 0.8949429392814636 0.7548242807388306 0.8991135954856873
0 0.2222481369972229 0.764854371547699 0.2409147024154663 0.7616531252861023 0.25209736824035645 0.826859176158905 0.23343080282211304 0.8300604224205017
0 0.26691684126853943 0.7368132472038269 0.28972128033638 0.7327411770820618 0.30687496066093445 0.8288049101829529 0.28407052159309387 0.832876980304718
0 0.5700503587722778 0.43461528420448303 0.6080182790756226 0.38826093077659607 0.6221036911010742 0.3997980058193207 0.5841357707977295 0.44615235924720764
0 0.3520047664642334 0.4935072064399719 0.3795965909957886 0.4912799298763275 0.38068175315856934 0.5047228932380676 0.35308992862701416 0.5069501399993896
0 0.15732382237911224 0.6406682133674622 0.18705888092517853 0.6380138993263245 0.18825064599514008 0.6513646245002747 0.1585155874490738 0.6540189385414124
0 0.3723528981208801 0.6196345686912537 0.4141671061515808 0.6153272986412048 0.4155767560005188 0.6290120482444763 0.3737625479698181 0.6333193182945251
0 0.28842398524284363 0.597703754901886 0.31434765458106995 0.5933502316474915 0.3162076771259308 0.6044259667396545 0.29028400778770447 0.6087794899940491
0 0.2668805420398712 0.600021243095398 0.29239705204963684 0.5958582162857056 0.29420772194862366 0.6069564819335938 0.26869121193885803 0.6111195087432861
0 0.8309421539306641 0.8414826393127441 0.8840398788452148 0.7153992652893066 0.9164626598358154 0.7290534973144531 0.8633649349212646 0.8551368713378906
0 0.3253585398197174 0.7694645524024963 0.3748185336589813 0.7650989890098572 0.37645062804222107 0.7835898995399475 0.32699063420295715 0.7879554629325867
0 0.218380868434906 0.6087682247161865 0.25005364418029785 0.6053968667984009 0.251339852809906 0.6174803972244263 0.21966707706451416 0.6208517551422119
0 0.41127926111221313 0.617245078086853 0.4366912245750427 0.6137106418609619 0.438309907913208 0.625348687171936 0.4128979444503784 0.6288831233978271
0 0.24503421783447266 0.49925217032432556 0.2946057915687561 0.4937898814678192 0.2964786887168884 0.5107868909835815 0.24690711498260498 0.5162491798400879
0 0.13894683122634888 0.6429904103279114 0.1634344458580017 0.640396773815155 0.16482165455818176 0.6534942984580994 0.14033403992652893 0.6560879349708557
0 0.3805348575115204 0.524962306022644 0.4007866084575653 0.5209435224533081 0.41372087597846985 0.5861225128173828 0.3934691250324249 0.5901412963867188
0 0.2451876997947693 0.6015510559082031 0.272701621055603 0.5993926525115967 0.2736065983772278 0.6109287738800049 0.24609267711639404 0.6130871772766113
0 0.1902531385421753 0.6118180751800537 0.22244399785995483 0.6085996627807617 0.22362160682678223 0.6203781366348267 0.19143074750900269 0.6235965490341187
0 0.2285574972629547 0.5972539782524109 0.25316378474235535 0.5962467789649963 0.2536669671535492 0.6085390448570251 0.22906067967414856 0.6095462441444397
0 0.1911008208990097 0.6070285439491272 0.222457155585289 0.6037150025367737 0.22370325028896332 0.6155069470405579 0.19234691560268402 0.6188204884529114
0 0.3109093904495239 0.5967400074005127 0.3442784547805786 0.5930209159851074 0.34559208154678345 0.6048073768615723 0.31222301721572876 0.6085264682769775
0 0.33689019083976746 0.6338129639625549 0.33757850527763367 0.621629536151886 0.36637255549430847 0.6232563853263855 0.36568424105644226 0.6354398131370544
0 0.1798325777053833 0.6341454982757568 0.2087123990058899 0.630107045173645 0.21043145656585693 0.6424005031585693 0.18155163526535034 0.6464389562606812
0 0.2672637104988098 0.6035523414611816 0.29326021671295166 0.5992757081985474 0.29505443572998047 0.6101822853088379 0.2690579295158386 0.6144589185714722
0 0.2179076224565506 0.6037742495536804 0.2488700896501541 0.6004233956336975 0.250194251537323 0.6126592755317688 0.21923179924488068 0.6160101294517517
0 0.28884175419807434 0.6013070344924927 0.3159753978252411 0.5972216129302979 0.3176228106021881 0.6081631183624268 0.29048916697502136 0.6122485399246216
0 0.22561120986938477 0.7409185767173767 0.25463545322418213 0.7391555905342102 0.2554734945297241 0.7529527544975281 0.22644925117492676 0.7547157406806946
0 0.18186992406845093 0.6391302943229675 0.21167534589767456 0.636039674282074 0.21297666430473328 0.6485890746116638 0.18317124247550964 0.6516796946525574
0 0.43582651019096375 0.420085608959198 0.4512266218662262 0.41107243299484253 0.47602030634880066 0.45343559980392456 0.4606201946735382 0.46244877576828003
0 0.3742515444755554 0.48936912417411804 0.3768385052680969 0.4783962666988373 0.39377641677856445 0.48238953948020935 0.39118945598602295 0.4933623969554901
0 0.41962119936943054 0.6997930407524109 0.4240855872631073 0.6874406933784485 0.4503621757030487 0.696937620639801 0.44589778780937195 0.7092899680137634
0 0.24579878151416779 0.5967507362365723 0.2706869840621948 0.5946238040924072 0.27165770530700684 0.6059826612472534 0.2467694878578186 0.6081095933914185
0 -0.009250611066818237 0.6245341300964355 0.026250988245010376 0.6207274198532104 0.027810119092464447 0.6352682113647461 -0.007691480219364166 0.6390749216079712
0 0.28847795724868774 0.6048147082328796 0.31547021865844727 0.6008638739585876 0.31709975004196167 0.6119970679283142 0.29010748863220215 0.6159479022026062
0 0.16179369390010834 0.6147100329399109 0.194062277674675 0.6114494204521179 0.1952698677778244 0.6234001517295837 0.16300128400325775 0.6266607642173767
0 0.26707524061203003 0.60672527551651 0.293587327003479 0.6027212738990784 0.2952759265899658 0.6139023900032043 0.26876384019851685 0.617906391620636
0 0.2872890830039978 0.6224753260612488 0.3126831650733948 0.6196271777153015 0.3139280080795288 0.6307263970375061 0.28853392601013184 0.6335745453834534
0 0.3115338683128357 0.5917574167251587 0.34264105558395386 0.5882749557495117 0.34391045570373535 0.5996139049530029 0.3128032684326172 0.6030963659286499
0 0.1607120782136917 0.6106855273246765 0.19237415492534637 0.6063620448112488 0.19401316344738007 0.6183652281761169 0.1623510867357254 0.6226887106895447
0 0.7512677907943726 0.615415096282959 0.7545980215072632 0.6034872531890869 0.7838034629821777 0.6116414070129395 0.7804732322692871 0.6235692501068115
0 0.3708178699016571 0.4926265478134155 0.37335512042045593 0.4821256399154663 0.38998422026634216 0.4861435890197754 0.38744696974754333 0.4966444969177246
0 0.4557303786277771 0.336346298456192 0.46131277084350586 0.3236050307750702 0.4922071695327759 0.3371410071849823 0.4866247773170471 0.3498822748661041
0 0.2868846356868744 0.5944159626960754 0.3129894435405731 0.5892552733421326 0.3151912987232208 0.6003931164741516 0.2890864908695221 0.6055538058280945
0 0.5262147188186646 0.6570265293121338 0.5526278018951416 0.6303635835647583 0.5638731718063354 0.6415035724639893 0.5374600887298584 0.6681665182113647
0 0.9221015572547913 0.9332370758056641 0.9230093359947205 0.9220463037490845 0.9394893050193787 0.9233831167221069 0.9385815262794495 0.9345738887786865
0 0.6858192682266235 0.4122054874897003 0.6921945810317993 0.39849045872688293 0.728244423866272 0.41524776816368103 0.7218691110610962 0.4289627969264984
0 0.3083096146583557 0.6374914050102234 0.3084745407104492 0.6256571412086487 0.3360248804092407 0.6260411143302917 0.3358599543571472 0.6378753781318665
0 0.28912901878356934 0.6279981732368469 0.3140529990196228 0.625674307346344 0.31506842374801636 0.6365650296211243 0.2901444435119629 0.6388888955116272
0 0.10882568359375 0.6233052015304565 0.1197516918182373 0.6217654943466187 0.12263660132884979 0.6422374248504639 0.11171059310436249 0.6437771320343018
0 0.26526471972465515 0.5958120226860046 0.2919774353504181 0.5915543437004089 0.2937852442264557 0.6028963923454285 0.26707252860069275 0.6071540713310242
0 -0.009150687605142593 0.9057068824768066 -0.0012281835079193115 0.8904767036437988 0.06135648488998413 0.923032283782959 0.05343398079276085 0.9382624626159668
