0 0.9281151294708252 0.8598533868789673 0.9289119243621826 0.8478949069976807 0.9471826553344727 0.8491122722625732 0.9463858604431152 0.8610707521438599
0 0.8323804140090942 0.5681905150413513 0.840842604637146 0.5602049231529236 0.8526175022125244 0.5726825594902039 0.8441553115844727 0.5806681513786316
0 0.9702197313308716 0.8846992254257202 0.9715933799743652 0.8737105131149292 0.9914833307266235 0.8761968612670898 0.9901096820831299 0.8871855735778809
0 0.9866796731948853 0.8350604176521301 1.0061476230621338 0.8333960175514221 1.0070364475250244 0.8437924981117249 0.9875684976577759 0.8454568982124329
0 0.9769672751426697 0.7655165791511536 0.981497585773468 0.7558580040931702 0.9959849715232849 0.7626532912254333 0.9914546608924866 0.7723118662834167
0 0.9330645203590393 0.8920201063156128 0.9369524121284485 0.8821510076522827 0.9517692923545837 0.8879879713058472 0.9478814005851746 0.8978570699691772
0 0.9636592864990234 0.828064501285553 0.9646283388137817 0.8173713088035583 0.9827693700790405 0.8190154433250427 0.9818003177642822 0.8297086358070374
0 0.9328418970108032 0.88018798828125 0.9341250658035278 0.8703458309173584 0.9495425224304199 0.8723558187484741 0.9482593536376953 0.8821979761123657
0 0.9057919979095459 0.8886515498161316 0.9105923175811768 0.8793103098869324 0.9230555295944214 0.8857150673866272 0.9182552099227905 0.8950563073158264
0 0.579860270023346 0.8603368401527405 0.5978227257728577 0.857281506061554 0.5996366143226624 0.8679456114768982 0.5816741585731506 0.8710009455680847
0 0.8790380954742432 0.8743741512298584 0.883402943611145 0.8647856712341309 0.8970199823379517 0.8709844350814819 0.8926551342010498 0.8805729150772095
0 0.892009437084198 0.8444027304649353 0.8945534825325012 0.8338355422019958 0.9093021750450134 0.8373863101005554 0.9067581295967102 0.8479534983634949
0 0.9525967836380005 0.707720160484314 0.9575967788696289 0.6984493732452393 0.9703654050827026 0.7053358554840088 0.9653654098510742 0.7146066427230835
0 0.5576712489128113 0.8293933868408203 0.5719665884971619 0.8203146457672119 0.5779642462730408 0.8297584056854248 0.5636689066886902 0.8388371467590332
0 0.6406158208847046 0.8789725303649902 0.6564630270004272 0.8753552436828613 0.6588029861450195 0.8856062889099121 0.6429557800292969 0.889223575592041
0 0.6639856100082397 0.895412027835846 0.677596926689148 0.892450749874115 0.679734468460083 0.9022757411003113 0.6661231517791748 0.9052370190620422
0 0.842225193977356 0.8485152721405029 0.8475586175918579 0.8388937711715698 0.8621863126754761 0.8470022678375244 0.8568528890609741 0.8566237688064575
0 0.8135152459144592 0.830328643321991 0.8165090680122375 0.8202252984046936 0.8337472081184387 0.8253334164619446 0.8307533860206604 0.8354367613792419
0 0.716377317905426 0.9380119442939758 0.716947615146637 0.9278528094291687 0.7304083704948425 0.9286084771156311 0.7298380732536316 0.9387676119804382
0 0.6575456857681274 0.8841036558151245 0.6713159084320068 0.8820736408233643 0.6728030443191528 0.89216148853302 0.6590328216552734 0.8941915035247803
0 0.8748892545700073 0.2998239994049072 0.879862904548645 0.2909938097000122 0.8905613422393799 0.2970197796821594 0.8855876922607422 0.30584996938705444
0 0.6199592351913452 0.9905568957328796 0.6379766464233398 0.985829770565033 0.6407519578933716 0.9964078068733215 0.622734546661377 1.0011348724365234
0 0.7836257219314575 0.8025199174880981 0.7845878601074219 0.7917177677154541 0.8030478954315186 0.7933621406555176 0.8020857572555542 0.8041642904281616
0 0.5744596123695374 0.9928392767906189 0.5897801518440247 0.991010844707489 0.5910250544548035 1.0014417171478271 0.5757045149803162 1.003270149230957
0 0.6513697504997253 0.4105880856513977 0.6622530817985535 0.4086284041404724 0.6649122834205627 0.42339658737182617 0.6540289521217346 0.42535626888275146
0 0.6310166120529175 0.8517379760742188 0.6469202041625977 0.8496264219284058 0.6483287811279297 0.8602354526519775 0.6324251890182495 0.8623470067977905
0 0.7072447538375854 0.7786276340484619 0.7221283912658691 0.7748968601226807 0.724730372428894 0.785277247428894 0.7098467350006104 0.7890080213546753
0 0.6842974424362183 0.9176034331321716 0.6991125345230103 0.9129064679145813 0.7024350166320801 0.9233860373497009 0.6876199245452881 0.9280830025672913
0 0.5909392237663269 0.9798550009727478 0.6065285801887512 0.9783896803855896 0.6075199246406555 0.9889363646507263 0.5919305682182312 0.9904016852378845
0 0.8427485227584839 0.9026157855987549 0.8457403182983398 0.8932489156723022 0.8580809831619263 0.8971905708312988 0.8550891876220703 0.9065574407577515
0 0.8730926513671875 0.8833720684051514 0.8791532516479492 0.8746672868728638 0.8890647888183594 0.8815680742263794 0.8830041885375977 0.890272855758667
0 0.8431981801986694 0.8882951140403748 0.8484659194946289 0.8791850209236145 0.8603270053863525 0.8860434889793396 0.8550592660903931 0.8951535820960999
0 0.567121684551239 0.9670883417129517 0.5820171236991882 0.9670883417129517 0.5820171236991882 0.9773560762405396 0.567121684551239 0.9773560762405396
1 0.5774181485176086 0.2897261679172516 0.6176822781562805 0.205685555934906 0.6403654217720032 0.21655312180519104 0.6001012921333313 0.3005937337875366
1 0.41628122329711914 0.6371915936470032 0.4407324194908142 0.6118124127388 0.4504494071006775 0.6211740374565125 0.4259982109069824 0.6465532183647156
0 0.006370446644723415 0.9430744051933289 0.01828492060303688 0.9317613244056702 0.025755926966667175 0.9396294951438904 0.013841453939676285 0.9509425759315491
0 0.04214251786470413 0.9462625980377197 0.04290911555290222 0.9338005781173706 0.053944870829582214 0.9344794750213623 0.053178273141384125 0.9469414949417114
0 0.05656472593545914 0.9626297354698181 0.06722456961870193 0.9577804207801819 0.07367957383394241 0.9719701409339905 0.06301973015069962 0.9768194556236267
0 0.07191906869411469 0.9413635730743408 0.08226984739303589 0.936943769454956 0.08836117386817932 0.9512091875076294 0.07801039516925812 0.9556289911270142
0 0.0926322266459465 0.9821217060089111 0.09497012943029404 0.9668962955474854 0.1068025454878807 0.9687131643295288 0.10446464270353317 0.9839385747909546
0 0.1193791925907135 0.9869437217712402 0.12234893441200256 0.9768080711364746 0.1384398639202118 0.9815226793289185 0.13547012209892273 0.9916583299636841
0 0.12370406836271286 0.9862866997718811 0.12600354850292206 0.9759164452552795 0.14051932096481323 0.9791350960731506 0.13821984827518463 0.9895053505897522
0 0.1327468454837799 0.9961467385292053 0.14164108037948608 0.9915444254875183 0.14781033992767334 1.0034668445587158 0.13891610503196716 1.0080692768096924
0 0.07430426776409149 0.979790449142456 0.08130878210067749 0.9723176956176758 0.09054344892501831 0.9809737205505371 0.08353893458843231 0.9884464740753174
0 0.5748001933097839 0.9112773537635803 0.5754156708717346 0.9012451767921448 0.5900105834007263 0.9021405577659607 0.5893951058387756 0.9121727347373962
0 0.5201603174209595 0.9530575275421143 0.5306203365325928 0.9498562812805176 0.534203290939331 0.9615634679794312 0.5237432718276978 0.9647647142410278
0 0.6296587586402893 0.8622915744781494 0.6410121321678162 0.8578222990036011 0.644572913646698 0.8668677806854248 0.6332195401191711 0.8713370561599731
0 0.6791591048240662 0.8927889466285706 0.6946027874946594 0.8829384446144104 0.7003729939460754 0.8919851183891296 0.6849293112754822 0.9018356204032898
0 0.6849057078361511 0.8928452730178833 0.6962640881538391 0.8854328393936157 0.7014827132225037 0.8934295177459717 0.6901243329048157 0.9008419513702393
0 0.6798851490020752 0.8885532021522522 0.6922649145126343 0.8832332491874695 0.6960722208023071 0.8920928835868835 0.683692455291748 0.8974128365516663
0 0.7534744143486023 0.9018809795379639 0.7670270800590515 0.9000674486160278 0.7683444619178772 0.9099119901657104 0.754791796207428 0.9117255210876465
0 0.7578405141830444 0.7750771641731262 0.7799116373062134 0.7733818888664246 0.780708909034729 0.7837608456611633 0.7586377859115601 0.785456120967865
0 0.7532548904418945 0.831739068031311 0.7653598785400391 0.8269281387329102 0.7688287496566772 0.8356562852859497 0.7567237615585327 0.8404672145843506
0 0.8040013313293457 0.879868745803833 0.8125972747802734 0.8735311031341553 0.8203867673873901 0.8840962648391724 0.8117908239364624 0.8904339075088501
