0 0.32692885398864746 0.14140860736370087 0.33047473430633545 0.13067524135112762 0.34780359268188477 0.13640005886554718 0.3442577123641968 0.14713342487812042
0 0.2915090024471283 0.5890165567398071 0.3000224530696869 0.581620454788208 0.3103855550289154 0.5935492515563965 0.3018721044063568 0.6009453535079956
0 0.15048222243785858 0.2692691385746002 0.15481127798557281 0.2599530518054962 0.16696368157863617 0.2656000554561615 0.16263462603092194 0.2749161422252655
0 0.14502525329589844 0.5747663378715515 0.1566019356250763 0.5744357705116272 0.15703880786895752 0.5897354483604431 0.14546212553977966 0.5900660157203674
0 0.40972864627838135 0.6135359406471252 0.4114528298377991 0.6027272343635559 0.42864495515823364 0.6054697632789612 0.4269207715988159 0.6162784695625305
0 0.1774926632642746 0.83915114402771 0.18932802975177765 0.8359345197677612 0.19410796463489532 0.8535215854644775 0.18227259814739227 0.8567382097244263
0 0.12257277220487595 0.767784595489502 0.13341569900512695 0.7663884162902832 0.1353018879890442 0.7810366153717041 0.12445896863937378 0.7824327945709229
0 0.6996264457702637 0.5701988935470581 0.7100843191146851 0.5638518333435059 0.7215782403945923 0.5827902555465698 0.7111203670501709 0.5891373157501221
0 0.21982771158218384 0.7866275906562805 0.2307397723197937 0.7845184206962585 0.23411425948143005 0.8019769787788391 0.2232021987438202 0.8040861487388611
0 0.2149595320224762 0.8658469319343567 0.22981682419776917 0.8624752163887024 0.23377376794815063 0.879911482334137 0.21891647577285767 0.8832831978797913
0 0.24513235688209534 0.7193722128868103 0.2560838758945465 0.7168329358100891 0.2605465352535248 0.736079752445221 0.2495950162410736 0.7386190295219421
0 0.46997398138046265 0.3386980891227722 0.48003602027893066 0.3363727927207947 0.48294782638549805 0.34897273778915405 0.47288578748703003 0.3512980341911316
0 0.11933505535125732 0.7678669691085815 0.12995415925979614 0.7662405967712402 0.1322074830532074 0.780953049659729 0.12158837914466858 0.7825794219970703
0 0.06632623821496964 0.8232247233390808 0.07702460139989853 0.8204185366630554 0.0806196853518486 0.834124743938446 0.06992132216691971 0.8369309306144714
0 0.19190678000450134 0.9598909020423889 0.20169109106063843 0.9542598128318787 0.20932501554489136 0.9675242304801941 0.19954070448875427 0.9731553196907043
0 0.1383749097585678 0.828712522983551 0.14889933168888092 0.8259881138801575 0.15242008864879608 0.8395887017250061 0.14189566671848297 0.8423131108283997
0 0.25029557943344116 0.6852622628211975 0.26307886838912964 0.6838470101356506 0.2648434042930603 0.6997848153114319 0.2520601153373718 0.7012000679969788
0 0.24110208451747894 0.7533794045448303 0.252260684967041 0.7528215050697327 0.25306224822998047 0.7688553929328918 0.2419036626815796 0.7694132924079895
0 0.33731499314308167 0.8789178133010864 0.34034261107444763 0.8576657772064209 0.3525525629520416 0.8594052791595459 0.34952494502067566 0.8806573152542114
0 0.11555080115795135 0.751936674118042 0.12582235038280487 0.747917890548706 0.13097213208675385 0.7610800266265869 0.12070058286190033 0.7650988101959229
0 0.1978687345981598 0.6542072296142578 0.212202787399292 0.65303635597229 0.2135792076587677 0.6698864698410034 0.1992451548576355 0.6710573434829712
0 0.1101677268743515 0.8116421699523926 0.11053411662578583 0.7985069751739502 0.12128834426403046 0.79880690574646 0.12092195451259613 0.8119421005249023
0 0.12383966147899628 0.653073787689209 0.13336063921451569 0.6474952697753906 0.14033682644367218 0.6594016551971436 0.13081584870815277 0.6649801731109619
0 0.12343987077474594 0.9320704936981201 0.12401487678289413 0.9183876514434814 0.1349792778491974 0.9188483953475952 0.1344042718410492 0.9325312376022339
0 0.5640195608139038 0.9423473477363586 0.5747824907302856 0.9351990818977356 0.5864642858505249 0.9527880549430847 0.5757013559341431 0.9599363207817078
0 0.16128768026828766 0.7515689730644226 0.176680788397789 0.7472662329673767 0.18131209909915924 0.7638347744941711 0.1659189909696579 0.768137514591217
0 0.20559322834014893 0.7084560990333557 0.21927881240844727 0.7084560990333557 0.21927881240844727 0.7232638001441956 0.20559322834014893 0.7232638001441956
0 0.09534238278865814 0.855448842048645 0.10720419883728027 0.8536630868911743 0.10934716463088989 0.8678978681564331 0.09748534858226776 0.8696836233139038
0 0.12836706638336182 0.8867200016975403 0.14029625058174133 0.8858705163002014 0.14125525951385498 0.8993379473686218 0.12932607531547546 0.9001874327659607
0 0.0664980560541153 0.6859586834907532 0.07892492413520813 0.6837404370307922 0.08128690719604492 0.6969723105430603 0.06886003911495209 0.6991905570030212
0 0.17923426628112793 0.6260727047920227 0.19375985860824585 0.625039279460907 0.19473794102668762 0.6387868523597717 0.1802123486995697 0.6398202776908875
0 0.16555865108966827 0.5836936831474304 0.17533762753009796 0.578103244304657 0.18266738951206207 0.5909246802330017 0.17288841307163239 0.5965151190757751
0 0.14978711307048798 0.5621519684791565 0.15697510540485382 0.5508103966712952 0.16667170822620392 0.556955873966217 0.15948371589183807 0.5682974457740784
0 0.18836145102977753 0.5298965573310852 0.19957230985164642 0.5238212943077087 0.20660234987735748 0.536794126033783 0.1953914910554886 0.5428693890571594
1 0.9435446262359619 0.718362033367157 0.954065203666687 0.7056904435157776 0.9914625883102417 0.7367395758628845 0.9809420108795166 0.7494111657142639
