0 0.2927369773387909 0.9828907251358032 0.30192407965660095 0.9759647846221924 0.3142980635166168 0.9923785924911499 0.30511096119880676 0.9993045330047607
0 0.16092228889465332 0.7140944600105286 0.17362311482429504 0.7121095061302185 0.17693838477134705 0.73332279920578 0.16423755884170532 0.7353077530860901
0 -0.0027231392450630665 0.25278398394584656 0.008556375280022621 0.25119903683662415 0.010842965915799141 0.2674720585346222 -0.0004365481436252594 0.2690570056438446
0 0.21997126936912537 0.6679643988609314 0.2306315302848816 0.6653696894645691 0.23450252413749695 0.6812734007835388 0.22384226322174072 0.6838681101799011
0 0.22273780405521393 0.6259941458702087 0.23096425831317902 0.6178396344184875 0.24279622733592987 0.6297759413719177 0.23456977307796478 0.6379304528236389
0 0.23976773023605347 0.6466014385223389 0.24580185115337372 0.6323351860046387 0.25561338663101196 0.6364850997924805 0.2495792657136917 0.6507513523101807
0 0.2159402221441269 0.6048744916915894 0.2274315506219864 0.604047417640686 0.22854731976985931 0.6195498704910278 0.21705599129199982 0.6203769445419312
0 0.19956135749816895 0.5934330821037292 0.21019798517227173 0.5897772908210754 0.2150372862815857 0.6038573384284973 0.2044006586074829 0.6075131297111511
0 0.16600503027439117 0.6106669902801514 0.17428426444530487 0.6040199995040894 0.18394537270069122 0.6160533428192139 0.17566613852977753 0.6227003335952759
0 0.15386852622032166 0.5757741928100586 0.16399851441383362 0.5718951225280762 0.16972410678863525 0.5868470668792725 0.1595941185951233 0.5907261371612549
0 0.016237393021583557 0.4212677478790283 0.017820116132497787 0.40781325101852417 0.028326209634542465 0.4090491533279419 0.026743486523628235 0.42250365018844604
0 0.025382282212376595 0.3691909909248352 0.03604181483387947 0.367652952671051 0.038177505135536194 0.3824548125267029 0.02751797065138817 0.38399285078048706
0 0.32742491364479065 0.9370487928390503 0.33895811438560486 0.9353371858596802 0.34152987599372864 0.9526668787002563 0.32999667525291443 0.9543784856796265
0 0.22489802539348602 0.6487143635749817 0.23483972251415253 0.6446533799171448 0.24002571403980255 0.6573492884635925 0.23008401691913605 0.6614102721214294
