0 0.7293230891227722 0.0348154678940773 0.7333245873451233 0.025486592203378677 0.745292603969574 0.03062012791633606 0.7412911057472229 0.03994900360703468
0 0.6723582148551941 0.001033466774970293 0.6848551630973816 -0.0025358342099934816 0.6875634789466858 0.006946594920009375 0.6750665307044983 0.010515895672142506
0 0.6692853569984436 0.012690017931163311 0.6811841130256653 0.006775707006454468 0.6856481432914734 0.015756789594888687 0.6737493872642517 0.021671101450920105
0 0.6498736143112183 0.013941984623670578 0.6531106233596802 0.001406491152010858 0.6629613637924194 0.003950241953134537 0.6597243547439575 0.016485735774040222
0 0.6458485722541809 0.023675817996263504 0.65590900182724 0.01641535758972168 0.6617218852043152 0.024470046162605286 0.6516614556312561 0.03173050656914711
0 0.6933697462081909 0.010046922601759434 0.7041597366333008 0.002592950128018856 0.7099632024765015 0.010993788950145245 0.6991732120513916 0.018447760492563248
0 0.6345788240432739 -0.0054261405020952225 0.6454076766967773 -0.00677539361640811 0.6471328735351562 0.007070719264447689 0.6363040208816528 0.008419971913099289
0 0.6778259873390198 0.023067690432071686 0.6896924376487732 0.017049938440322876 0.69424968957901 0.026036471128463745 0.6823832392692566 0.032054223120212555
0 0.3936338722705841 0.0281120203435421 0.3993186056613922 0.01971607096493244 0.41011449694633484 0.027025770395994186 0.40442976355552673 0.03542172163724899
0 0.7018909454345703 0.00438053160905838 0.7122037410736084 -0.002746462356299162 0.7178105115890503 0.0053664306178689 0.7074977159500122 0.012493424117565155
0 0.7401701211929321 0.02993040904402733 0.7450242042541504 0.02149084396660328 0.7551575899124146 0.027319084852933884 0.7503035068511963 0.03575865179300308
0 0.6029426455497742 0.011482883244752884 0.6123548150062561 0.008308544754981995 0.6162827610969543 0.01995515078306198 0.6068705916404724 0.02312948927283287
0 0.4117758274078369 0.02708175964653492 0.4158051013946533 0.018074871972203255 0.42725610733032227 0.023197541013360023 0.42322683334350586 0.03220442682504654
0 0.410043865442276 0.03101050853729248 0.41383644938468933 0.02189534902572632 0.4255261719226837 0.02675909548997879 0.4217335879802704 0.03587425500154495
0 0.6422503590583801 0.04638132080435753 0.6536486744880676 0.04173256829380989 0.6573413014411926 0.05078645423054695 0.6459429860115051 0.05543520674109459
0 0.6147900819778442 0.006765997037291527 0.6181464195251465 -0.005749792326241732 0.6282423734664917 -0.0030424073338508606 0.6248860359191895 0.00947338156402111
0 0.6170768141746521 0.01734870858490467 0.6191968321800232 0.005203969310969114 0.6292638182640076 0.006961250677704811 0.6271438002586365 0.01910598948597908
0 0.36624035239219666 0.01115616038441658 0.3750050961971283 0.005743264686316252 0.38157251477241516 0.016377415508031845 0.3728077709674835 0.021790310740470886
0 0.30783477425575256 0.3841295838356018 0.31689974665641785 0.37753498554229736 0.32580146193504333 0.38977140188217163 0.31673648953437805 0.3963660001754761
0 0.33525320887565613 0.006954489275813103 0.33586421608924866 -0.0031157396733760834 0.3499796688556671 -0.0022592898458242416 0.3493686616420746 0.0078109391033649445
0 0.3349684774875641 0.014076897874474525 0.3351534307003021 0.00447255652397871 0.3465198576450348 0.004691438749432564 0.34633490443229675 0.014295780099928379
0 0.6511377692222595 0.039571844041347504 0.6591981053352356 0.03129398077726364 0.6660072207450867 0.03792416304349899 0.6579468846321106 0.046202026307582855
0 0.5747615098953247 -0.005322481971234083 0.5850180387496948 -0.00808560848236084 0.5883020162582397 0.00410419749096036 0.5780454874038696 0.006867324002087116
0 0.40867218375205994 0.01797519251704216 0.4119064509868622 0.00866942759603262 0.42339375615119934 0.012661879882216454 0.4201594889163971 0.02196764573454857
0 0.3927978277206421 0.03668847307562828 0.39541900157928467 0.027574267238378525 0.4066939949989319 0.030816856771707535 0.4040728211402893 0.03993106260895729
0 0.5153212547302246 -0.0022023997735232115 0.5233311653137207 -0.00842168927192688 0.5307086706161499 0.0010800256859511137 0.5226987600326538 0.007299315184354782
0 0.7272443771362305 0.013987533748149872 0.7353194952011108 0.009082019329071045 0.7408896684646606 0.018251266330480576 0.7328145503997803 0.023156780749559402
0 0.37180861830711365 0.010411830618977547 0.37583497166633606 -0.00032662576995790005 0.38533851504325867 0.0032366793602705 0.38131216168403625 0.01397513598203659
0 0.48244449496269226 0.0317906029522419 0.484967976808548 0.022307436913251877 0.4970882833003998 0.02553265169262886 0.49456480145454407 0.03501581773161888
0 0.33501049876213074 0.016047950834035873 0.33594146370887756 0.006632035132497549 0.3470536172389984 0.007730718702077866 0.3461226522922516 0.017146633937954903
0 0.6398098468780518 0.038387298583984375 0.6445053815841675 0.028339577838778496 0.6530203819274902 0.03231880068778992 0.6483248472213745 0.04236651957035065
0 0.31450608372688293 0.009932508692145348 0.3161756098270416 0.000697728362865746 0.3272689878940582 0.0027032913640141487 0.32559946179389954 0.011938071809709072
0 0.4567449390888214 0.007011017296463251 0.4575631320476532 -0.005206710193306208 0.4678258001804352 -0.0045194425620138645 0.4670076072216034 0.007698284927755594
0 0.46553876996040344 0.025253882631659508 0.46791985630989075 0.013289893977344036 0.4776546061038971 0.015227312222123146 0.4752735197544098 0.027191299945116043
0 0.6553025841712952 0.039993226528167725 0.6660907864570618 0.0357145294547081 0.6695582270622253 0.04445721209049225 0.6587700247764587 0.048735909163951874
0 0.6008222699165344 0.012071933597326279 0.6099829077720642 0.008769392967224121 0.6141131520271301 0.020225752145051956 0.6049525141716003 0.023528292775154114
0 0.3344687223434448 0.018210258334875107 0.3355199694633484 0.008844715543091297 0.3468208909034729 0.010113177821040154 0.34576964378356934 0.01947871968150139
0 0.3709886968135834 -0.005312284454703331 0.38306114077568054 -0.006557648070156574 0.38425031304359436 0.00497013796120882 0.3721778690814972 0.006215501576662064
0 0.340815007686615 0.013628648594021797 0.3510752320289612 0.0076522682793438435 0.3560386300086975 0.01617339998483658 0.3457784056663513 0.02214978076517582
0 0.29324865341186523 0.007270650006830692 0.3036566972732544 0.004661210812628269 0.30659252405166626 0.01637113094329834 0.2961844801902771 0.018980570137500763
0 0.21810376644134521 0.009096546098589897 0.22889429330825806 0.0012105186469852924 0.23510804772377014 0.009712852537631989 0.2243175208568573 0.01759888045489788
0 0.3860531449317932 0.03399301692843437 0.3889617323875427 0.02455541118979454 0.40131497383117676 0.02836255356669426 0.39840638637542725 0.03780015930533409
0 0.3938843011856079 0.03603013604879379 0.3939855694770813 0.025972697883844376 0.4059044122695923 0.026092685759067535 0.4058031439781189 0.03615012392401695
