0 0.19325418770313263 0.3199161887168884 0.19869281351566315 0.3073861598968506 0.21454162895679474 0.31426531076431274 0.20910300314426422 0.3267953395843506
0 0.18895335495471954 0.4976007640361786 0.19451497495174408 0.4877051115036011 0.207964226603508 0.4952639639377594 0.20240260660648346 0.5051596164703369
0 0.1559971570968628 0.48556485772132874 0.15810292959213257 0.4737553894519806 0.17371439933776855 0.47653910517692566 0.17160862684249878 0.4883485734462738
0 0.621042013168335 0.10144659876823425 0.6263468265533447 0.08545485138893127 0.6368464231491089 0.08893780410289764 0.6315416097640991 0.10492955148220062
0 0.24672342836856842 0.16265776753425598 0.24788935482501984 0.15198400616645813 0.2611405849456787 0.15343144536018372 0.2599746584892273 0.16410520672798157
0 0.3160804510116577 0.49042394757270813 0.3222012519836426 0.4811597168445587 0.3349910378456116 0.48960980772972107 0.3288702368736267 0.4988740384578705
0 0.186875581741333 0.5212802290916443 0.19149646162986755 0.5114348530769348 0.20447716116905212 0.5175272822380066 0.19985628128051758 0.5273726582527161
0 0.4794473946094513 0.5044100880622864 0.4840720593929291 0.4941703677177429 0.4979794919490814 0.5004515051841736 0.49335482716560364 0.510691225528717
0 0.3080490231513977 0.5248988270759583 0.32473158836364746 0.5226626992225647 0.3261658549308777 0.5333629250526428 0.30948328971862793 0.5355990529060364
0 0.3469054698944092 0.5357791781425476 0.34778714179992676 0.5250729918479919 0.36299973726272583 0.5263257622718811 0.36211806535720825 0.5370319485664368
0 0.10355237126350403 0.3562048077583313 0.10647839307785034 0.3456727862358093 0.12160618603229523 0.34987562894821167 0.11868016421794891 0.36040765047073364
0 0.10438866913318634 0.5341794490814209 0.10925978422164917 0.5247694253921509 0.12145785987377167 0.5310838222503662 0.11658674478530884 0.5404938459396362
0 0.23024186491966248 0.4409923851490021 0.240556538105011 0.44018301367759705 0.24152326583862305 0.45250287652015686 0.23120859265327454 0.4533122479915619
0 0.607109010219574 0.5455565452575684 0.6135006546974182 0.5352621078491211 0.6302688717842102 0.5456732511520386 0.623877227306366 0.5559676885604858
0 0.130523681640625 0.5428161025047302 0.1443450152873993 0.5385497212409973 0.14761701226234436 0.5491498112678528 0.13379567861557007 0.5534161925315857
0 0.13667121529579163 0.5719594955444336 0.1402050256729126 0.560936689376831 0.1552734673023224 0.5657674074172974 0.15173965692520142 0.5767902135848999
0 0.017114559188485146 0.3023597002029419 0.021751033142209053 0.29246586561203003 0.034817762672901154 0.29858922958374023 0.030181286856532097 0.3084830641746521
0 0.48512887954711914 0.5782173871994019 0.48797309398651123 0.5662482976913452 0.5070769786834717 0.5707880258560181 0.5042327642440796 0.5827571153640747
0 0.2606615424156189 0.5632631182670593 0.26328057050704956 0.5520002245903015 0.2810322046279907 0.5561280846595764 0.27841317653656006 0.5673909783363342
0 0.16951145231723785 0.5764651298522949 0.17239786684513092 0.5656589269638062 0.18681304156780243 0.5695092678070068 0.18392662703990936 0.5803154706954956
0 0.18041357398033142 0.2485123574733734 0.19555115699768066 0.24639376997947693 0.19706538319587708 0.2572130858898163 0.18192780017852783 0.25933167338371277
0 0.12889228761196136 0.36490491032600403 0.13205446302890778 0.35520341992378235 0.14415352046489716 0.3591470420360565 0.14099134504795074 0.3688485324382782
0 0.09154163300991058 0.5037178993225098 0.10325364768505096 0.4976547956466675 0.1080271303653717 0.5068756341934204 0.09631511569023132 0.5129387378692627
0 0.44149649143218994 0.5410261750221252 0.44289058446884155 0.5293378233909607 0.46142488718032837 0.5315484404563904 0.46003079414367676 0.5432367920875549
0 0.021467918530106544 0.4568811058998108 0.03393421322107315 0.45604854822158813 0.034604787826538086 0.466089129447937 0.02213849499821663 0.46692168712615967
0 0.6904035806655884 0.6013029217720032 0.6917140483856201 0.590488612651825 0.7067811489105225 0.5923144221305847 0.7054706811904907 0.6031287312507629
0 0.013047916814684868 0.4570665657520294 0.014196915552020073 0.4470205008983612 0.02654646523296833 0.44843295216560364 0.025397466495633125 0.45847901701927185
0 0.2523188889026642 0.41582930088043213 0.25746336579322815 0.4071454405784607 0.27191534638404846 0.4157070517539978 0.2667708694934845 0.42439091205596924
0 0.13213291764259338 0.3795478641986847 0.1335069239139557 0.36914578080177307 0.14701497554779053 0.3709300458431244 0.14564096927642822 0.381332129240036
0 0.15562894940376282 0.5496170520782471 0.16154584288597107 0.5407644510269165 0.17284086346626282 0.5483137369155884 0.16692396998405457 0.557166337966919
0 0.07770629972219467 0.5217035412788391 0.09041338413953781 0.5198549628257751 0.09187401086091995 0.5298954844474792 0.07916692644357681 0.5317440629005432
0 0.16762162744998932 0.5258417725563049 0.16996721923351288 0.5143802762031555 0.1844579428434372 0.5173458456993103 0.18211235105991364 0.5288073420524597
0 0.10395745933055878 0.5581240653991699 0.11678384244441986 0.5581240653991699 0.11678384244441986 0.568507194519043 0.10395745933055878 0.568507194519043
0 0.5678814649581909 0.6274473071098328 0.5823272466659546 0.6236286759376526 0.5851058959960938 0.6341403126716614 0.5706601142883301 0.6379589438438416
0 0.21734921634197235 0.5963267087936401 0.2205946296453476 0.584672212600708 0.23700068891048431 0.5892407894134521 0.23375527560710907 0.6008952856063843
0 0.017072930932044983 0.44391536712646484 0.027908574789762497 0.4371134042739868 0.033298078924417496 0.44569897651672363 0.02246243506669998 0.45250093936920166
0 0.01392698660492897 0.4527389407157898 0.026002127677202225 0.4490991234779358 0.028926659375429153 0.4588012099266052 0.0168515183031559 0.46244102716445923
0 0.1402299851179123 0.5016347169876099 0.15262942016124725 0.4979179799556732 0.15557990968227386 0.5077610015869141 0.1431804746389389 0.5114777088165283
0 0.2692817151546478 0.03107278235256672 0.2715207040309906 0.018306195735931396 0.2816646993160248 0.02008521370589733 0.279425710439682 0.032851800322532654
0 0.548749566078186 0.5961676836013794 0.5537238121032715 0.5852073431015015 0.5691142082214355 0.5921920537948608 0.5641399621963501 0.6031523942947388
0 0.1978328675031662 0.03920338302850723 0.20331938564777374 0.030634647235274315 0.21376578509807587 0.037323422729969025 0.20827926695346832 0.04589215666055679
0 0.6112697124481201 0.650213897228241 0.6122211217880249 0.6395999789237976 0.6265783309936523 0.6408870816230774 0.6256269216537476 0.6515009999275208
0 0.4402145445346832 0.5855894088745117 0.45547977089881897 0.5808067321777344 0.4589217007160187 0.5917927026748657 0.44365647435188293 0.5965753793716431
0 0.40173161029815674 0.5725957155227661 0.41670650243759155 0.5684075355529785 0.41970473527908325 0.5791277885437012 0.40472984313964844 0.5833159685134888
0 0.07403513789176941 0.4515452980995178 0.07759872078895569 0.4423357844352722 0.08846905827522278 0.44654202461242676 0.0849054753780365 0.45575153827667236
0 0.6830003261566162 0.621427595615387 0.6901094913482666 0.6138208508491516 0.6994248628616333 0.6225268244743347 0.6923156976699829 0.6301335692405701
0 0.6232725381851196 0.6270925402641296 0.6243295669555664 0.6166734099388123 0.6376368999481201 0.6180233359336853 0.6365798711776733 0.6284424662590027
0 0.01963571086525917 0.5143150091171265 0.02190149575471878 0.5044288635253906 0.03403559699654579 0.5072098970413208 0.03176981210708618 0.5170960426330566
0 0.7421704530715942 0.6137831211090088 0.7423899173736572 0.6034018993377686 0.7549262046813965 0.6036669015884399 0.7547067403793335 0.6140481233596802
0 0.3828558325767517 0.6157066226005554 0.38871675729751587 0.6061717867851257 0.40140193700790405 0.6139691472053528 0.3955410122871399 0.6235039830207825
0 0.0788612961769104 0.49339741468429565 0.08922921121120453 0.4913398027420044 0.09100502729415894 0.5002879500389099 0.08063711225986481 0.5023455619812012
0 0.09352590888738632 0.38909968733787537 0.09607870131731033 0.37933066487312317 0.10765495151281357 0.3823557198047638 0.10510215908288956 0.392124742269516
