0 0.6314798593521118 0.009687239304184914 0.6371878385543823 -0.00033789873123168945 0.655728816986084 0.010218651965260506 0.6500208377838135 0.02024379000067711
0 0.655241072177887 0.026003360748291016 0.6574335694313049 0.015255077742040157 0.6741897463798523 0.018673092126846313 0.6719972491264343 0.029421374201774597
0 0.6591712236404419 0.06637424975633621 0.6610314846038818 0.055687982589006424 0.6777139902114868 0.05859200656414032 0.6758537292480469 0.06927827000617981
0 0.605254054069519 0.06102624908089638 0.6070375442504883 0.05010076239705086 0.6231721639633179 0.05273455008864403 0.6213886737823486 0.06366004049777985
0 0.636868417263031 0.07477765530347824 0.6382661461830139 0.06414390355348587 0.653858482837677 0.06619345396757126 0.6524607539176941 0.07682720571756363
0 0.6178196668624878 0.05017784610390663 0.6209379434585571 0.04001050069928169 0.6365355253219604 0.04479425027966499 0.6334172487258911 0.05496159568428993
0 0.5911616683006287 0.023080967366695404 0.5927316546440125 0.011644698679447174 0.620759904384613 0.015492573380470276 0.6191899180412292 0.026928842067718506
0 0.6766420602798462 0.06127581000328064 0.6871210336685181 0.05717211961746216 0.6934369802474976 0.07330016791820526 0.6829580068588257 0.07740385830402374
0 0.6628402471542358 0.08974049985408783 0.6664748191833496 0.07926559448242188 0.6818333864212036 0.08459475636482239 0.6781988143920898 0.09506966173648834
0 0.5763252377510071 0.07056967169046402 0.5909963250160217 0.07049613445997238 0.5910483002662659 0.08086980134248734 0.5763772130012512 0.08094333857297897
0 0.5651097893714905 0.11193707585334778 0.5821343064308167 0.10552427172660828 0.5865069031715393 0.11713263392448425 0.5694823861122131 0.12354543805122375
0 0.6020700931549072 0.09892340004444122 0.6183160543441772 0.09659262001514435 0.6198940277099609 0.10759109258651733 0.6036480665206909 0.10992187261581421
0 0.5574614405632019 0.06706733256578445 0.5695897936820984 0.05860041826963425 0.5754738450050354 0.06702906638383865 0.5633454918861389 0.07549598067998886
0 0.6002106666564941 0.08900924026966095 0.606114387512207 0.07580457627773285 0.615490198135376 0.07999643683433533 0.6095864772796631 0.09320110082626343
0 0.5652956366539001 0.060825493186712265 0.5757946372032166 0.051354534924030304 0.5825557112693787 0.05884956195950508 0.5720567107200623 0.06832052022218704
0 0.5868966579437256 0.05083412304520607 0.5883344411849976 0.04104258492588997 0.6014542579650879 0.042969148606061935 0.6000164747238159 0.052760686725378036
0 0.6499477624893188 0.1445358693599701 0.6560899019241333 0.12610313296318054 0.6696847677230835 0.13063320517539978 0.663542628288269 0.14906594157218933
0 0.6649401783943176 0.12507282197475433 0.6660135388374329 0.10790513455867767 0.6804432272911072 0.1088072806596756 0.6793698668479919 0.12597496807575226
0 0.5572775602340698 0.04959180951118469 0.5610977411270142 0.031792618334293365 0.5732288360595703 0.03439628332853317 0.569408655166626 0.0521954745054245
0 0.5378382205963135 0.06739948689937592 0.552501916885376 0.06165967881679535 0.557023286819458 0.07321056723594666 0.5423595905303955 0.07895037531852722
0 0.5366882681846619 0.0816708579659462 0.5505173802375793 0.07703819125890732 0.5544566512107849 0.08879741281270981 0.5406275391578674 0.09343007951974869
