0 0.9744350910186768 0.12644200026988983 0.9746798276901245 0.11560264974832535 0.9910509586334229 0.11597234010696411 0.9908062219619751 0.126811683177948
0 0.964563250541687 0.0824962630867958 0.9800721406936646 0.07573311775922775 0.9843754768371582 0.08560129255056381 0.9688665866851807 0.09236443787813187
0 0.9778656363487244 0.1200338751077652 0.9786315560340881 0.10935410857200623 0.9962381720542908 0.11061680316925049 0.995472252368927 0.12129656970500946
0 0.9504339694976807 0.23745079338550568 0.9541358947753906 0.22385485470294952 0.9648512601852417 0.2267724722623825 0.9611493349075317 0.24036841094493866
0 0.9419025182723999 0.1362832635641098 0.9426155090332031 0.12584783136844635 0.9570106267929077 0.12683133780956268 0.9562976360321045 0.13726677000522614
0 0.9166989326477051 0.11651124060153961 0.9312565326690674 0.11523653566837311 0.9321589469909668 0.12554292380809784 0.9176013469696045 0.12681762874126434
0 0.9556484818458557 0.12660181522369385 0.9701241850852966 0.12572592496871948 0.9707443118095398 0.13597500324249268 0.9562686085700989 0.13685089349746704
0 0.9813355207443237 0.13728028535842896 0.9833451509475708 0.1268884539604187 0.9978446960449219 0.12969249486923218 0.9958350658416748 0.14008432626724243
0 0.9336796402931213 0.12250591814517975 0.9476801753044128 0.12099514901638031 0.9487674832344055 0.13107134401798248 0.934766948223114 0.13258211314678192
0 0.9300307631492615 0.0939289927482605 0.9433699250221252 0.09333814680576324 0.943820059299469 0.10349984467029572 0.9304808974266052 0.10409069061279297
0 0.983875572681427 0.07404643297195435 0.997933566570282 0.07202696800231934 0.9994261860847473 0.08241724967956543 0.9853681921958923 0.08443671464920044
0 0.9448875784873962 0.08925972133874893 0.958720862865448 0.0861092284321785 0.9610232710838318 0.09621887654066086 0.94718998670578 0.09936936944723129
0 0.9310513734817505 0.11105286329984665 0.9432018995285034 0.11038992553949356 0.9437353610992432 0.12016794830560684 0.9315848350524902 0.12083088606595993
0 0.9879269599914551 0.25155532360076904 1.0013487339019775 0.25138479471206665 1.001481294631958 0.26182228326797485 0.9880595207214355 0.26199281215667725
0 0.9700037240982056 0.06298059225082397 0.9842644929885864 0.06089051440358162 0.9857231378555298 0.07084284722805023 0.9714623689651489 0.07293292880058289
0 0.9435715675354004 0.12245116382837296 0.9515950679779053 0.11103808879852295 0.9600958824157715 0.1170143261551857 0.9520723819732666 0.1284274011850357
0 0.9755807518959045 0.14740031957626343 0.9881663918495178 0.1409226953983307 0.9926045536994934 0.14954572916030884 0.9800189137458801 0.15602335333824158
0 0.9503229856491089 0.1372705101966858 0.9648268222808838 0.13299357891082764 0.9676461219787598 0.1425541639328003 0.9531422853469849 0.14683109521865845
0 0.9768155813217163 0.16138984262943268 0.9906903505325317 0.15543632209300995 0.9945591688156128 0.1644526869058609 0.9806843996047974 0.17040620744228363
0 0.9331483244895935 0.1492924690246582 0.9355124831199646 0.13971790671348572 0.9492990374565125 0.14312201738357544 0.9469348788261414 0.15269657969474792
0 0.9248530268669128 0.10597053170204163 0.9290875792503357 0.09716653823852539 0.9397783875465393 0.10230860114097595 0.9355438351631165 0.11111259460449219
0 0.9736275672912598 0.09303345531225204 0.9877370595932007 0.08465132862329483 0.992915153503418 0.09336761385202408 0.978805661201477 0.10174974054098129
