0 0.29568424820899963 0.1648230105638504 0.3058437407016754 0.15789391100406647 0.3177841603755951 0.17540107667446136 0.3076246678829193 0.1823301762342453
0 0.4494435787200928 0.16534915566444397 0.4649387001991272 0.1502276360988617 0.4732409119606018 0.1587349772453308 0.4577457904815674 0.17385649681091309
0 0.4095163345336914 0.12646140158176422 0.41212159395217896 0.10999566316604614 0.4247594475746155 0.11199524998664856 0.42215418815612793 0.12846098840236664
0 0.0783061608672142 0.25913017988204956 0.08665328472852707 0.25116002559661865 0.09828478842973709 0.26334166526794434 0.08993766456842422 0.27131181955337524
0 0.4422423541545868 0.2887972295284271 0.44725993275642395 0.27311399579048157 0.4582989513874054 0.2766457498073578 0.45328137278556824 0.29232898354530334
0 0.3524729907512665 0.2029915750026703 0.35343560576438904 0.1880304515361786 0.3647693693637848 0.18875965476036072 0.36380675435066223 0.20372077822685242
0 0.396035373210907 0.16413551568984985 0.40201956033706665 0.14968925714492798 0.4127083420753479 0.15411695837974548 0.40672415494918823 0.16856321692466736
0 0.07691282033920288 0.7858350276947021 0.08328387141227722 0.7771978378295898 0.09623992443084717 0.7867546081542969 0.08986887335777283 0.7953917980194092
0 0.39736464619636536 0.21432803571224213 0.4088774025440216 0.21134813129901886 0.41313937306404114 0.22781403362751007 0.4016266167163849 0.23079393804073334
0 0.08018703758716583 0.7948392033576965 0.08705338835716248 0.7863654494285583 0.10004976391792297 0.7968963980674744 0.09318341314792633 0.8053701519966125
0 0.4631407558917999 0.20567309856414795 0.4772299826145172 0.1947290301322937 0.48427000641822815 0.2037922739982605 0.47018077969551086 0.21473634243011475
0 0.16721662878990173 0.20617496967315674 0.17677944898605347 0.192274808883667 0.18660283088684082 0.1990329623222351 0.1770400106906891 0.21293312311172485
0 0.6313179135322571 0.25290992856025696 0.6461357474327087 0.2437305748462677 0.6523140072822571 0.25370392203330994 0.6374961733818054 0.2628832757472992
0 0.5613257884979248 0.2860971689224243 0.5706994533538818 0.27955371141433716 0.57965087890625 0.29237693548202515 0.570277214050293 0.2989203929901123
0 0.0720958337187767 0.7886407375335693 0.07839813083410263 0.7802571058273315 0.09094371646642685 0.7896881103515625 0.08464141935110092 0.7980717420578003
0 0.5161882042884827 0.2800945043563843 0.5294050574302673 0.27262163162231445 0.5347978472709656 0.28215956687927246 0.5215809941291809 0.2896324396133423
0 0.3275606036186218 0.23228155076503754 0.33844906091690063 0.22902368009090424 0.34268075227737427 0.24316687881946564 0.33179229497909546 0.24642474949359894
0 0.5341297388076782 0.24500307440757751 0.538036584854126 0.23008117079734802 0.5488847494125366 0.23292145133018494 0.5449779033660889 0.24784335494041443
0 0.24614211916923523 0.20186695456504822 0.25454089045524597 0.1892758309841156 0.26410576701164246 0.1956559717655182 0.2557069957256317 0.2082470953464508
0 0.4959876537322998 0.2710462212562561 0.5062988996505737 0.2609167695045471 0.5137275457382202 0.26847875118255615 0.5034162998199463 0.27860820293426514
0 0.053523726761341095 0.18220356106758118 0.0651136115193367 0.17124298214912415 0.07297339290380478 0.1795540452003479 0.061383508145809174 0.19051462411880493
0 0.7077662348747253 0.2601112425327301 0.7099409699440002 0.2441704422235489 0.7208736538887024 0.2456618845462799 0.7186989188194275 0.2616026997566223
0 0.556573748588562 0.18719002604484558 0.5582071542739868 0.17215412855148315 0.5691665410995483 0.17334464192390442 0.5675331354141235 0.18838053941726685
0 0.05654603987932205 0.25103479623794556 0.0670812651515007 0.2475946992635727 0.07151398807764053 0.2611699104309082 0.060978762805461884 0.2646099925041199
0 0.47840416431427 0.30444130301475525 0.4898134469985962 0.29497626423835754 0.49674326181411743 0.30332955718040466 0.48533397912979126 0.31279459595680237
0 0.36366593837738037 0.2941978871822357 0.36886918544769287 0.2806452810764313 0.37904274463653564 0.2845512330532074 0.37383949756622314 0.29810383915901184
0 0.15377317368984222 0.2590581178665161 0.15436886250972748 0.24352751672267914 0.1660252958536148 0.24397462606430054 0.16542960703372955 0.2595052123069763
0 0.7042246460914612 0.2598521411418915 0.7060261368751526 0.24395254254341125 0.7170950770378113 0.24520668387413025 0.7152935862541199 0.2611062824726105
0 0.27837324142456055 0.22432944178581238 0.2881717085838318 0.2181614339351654 0.2973325848579407 0.23271438479423523 0.28753411769866943 0.2388823926448822
0 0.057884447276592255 0.20496034622192383 0.06841086596250534 0.2021535038948059 0.07189542800188065 0.21522152423858643 0.06136900931596756 0.21802836656570435
0 0.30666762590408325 0.33646002411842346 0.3161802291870117 0.33149734139442444 0.3225609064102173 0.34372803568840027 0.3130483031272888 0.3486907184123993
0 0.21441242098808289 0.237117737531662 0.22592401504516602 0.22687232494354248 0.23340684175491333 0.23527991771697998 0.2218952476978302 0.2455253303050995
0 0.570367157459259 0.24956874549388885 0.5774410367012024 0.23665085434913635 0.5868560671806335 0.24180658161640167 0.5797821879386902 0.2547244727611542
0 0.10443524271249771 0.22316543757915497 0.11541404575109482 0.22264464199543 0.11603104323148727 0.2356511503458023 0.10505224019289017 0.23617194592952728
0 0.11574135720729828 0.2458743155002594 0.12213804572820663 0.23719064891338348 0.13344863057136536 0.2455224096775055 0.1270519495010376 0.2542060613632202
0 0.08518385887145996 0.7915043234825134 0.09158959984779358 0.7833889126777649 0.10412387549877167 0.793282687664032 0.09771813452243805 0.8013980984687805
0 0.03584684059023857 0.25001680850982666 0.046130891889333725 0.2472064048051834 0.049473557621240616 0.2594382166862488 0.03918950632214546 0.2622486352920532
0 0.6577566266059875 0.18291203677654266 0.6639965176582336 0.16718189418315887 0.6746607422828674 0.17141224443912506 0.6684208512306213 0.18714238703250885
0 0.017940284684300423 0.1726274937391281 0.025195332244038582 0.16536803543567657 0.03400017321109772 0.17416752874851227 0.02674512378871441 0.1814269870519638
0 0.723166823387146 0.29849517345428467 0.735729455947876 0.29570746421813965 0.7378988265991211 0.30548369884490967 0.7253361940383911 0.3082714080810547
0 0.18140043318271637 0.2563086450099945 0.19334794580936432 0.2562287151813507 0.1934272199869156 0.2680796682834625 0.18147970736026764 0.2681595981121063
1 0.5808101892471313 0.004066590219736099 0.5991101264953613 -0.0005745142698287964 0.6095843315124512 0.04072541370987892 0.5912843942642212 0.04536651819944382
