0 0.9501047730445862 0.4780052900314331 0.9581888318061829 0.47013580799102783 0.9688127636909485 0.4810493588447571 0.9607287049293518 0.48891884088516235
0 0.927211344242096 0.4996323585510254 0.9337264895439148 0.4909406006336212 0.9451753497123718 0.49952232837677 0.938660204410553 0.5082141160964966
0 0.9773682355880737 0.45891356468200684 0.9858665466308594 0.45181703567504883 0.9961032867431641 0.46407586336135864 0.9876049757003784 0.47117239236831665
0 0.9574071168899536 0.45930102467536926 0.9682730436325073 0.4539611041545868 0.9767444133758545 0.4711991250514984 0.9658784866333008 0.4765390455722809
0 0.9537017941474915 0.5144372582435608 0.9613801836967468 0.5055674910545349 0.9746760725975037 0.5170773863792419 0.9669976830482483 0.5259471535682678
0 0.9311307668685913 0.5079466104507446 0.940554141998291 0.5017832517623901 0.9501250982284546 0.5164167881011963 0.9407017230987549 0.5225801467895508
0 0.9367452263832092 0.48754557967185974 0.9450603127479553 0.48148205876350403 0.9523056149482727 0.491417795419693 0.9439905285835266 0.4974813163280487
0 0.9582869410514832 0.4937586486339569 0.9679203629493713 0.48966965079307556 0.9730166792869568 0.5016762018203735 0.9633832573890686 0.5057651996612549
0 0.9728022813796997 0.48986586928367615 0.9829554557800293 0.4842278063297272 0.9913845062255859 0.4994070827960968 0.9812313318252563 0.5050451755523682
0 0.9409710764884949 0.5245853066444397 0.9441744685173035 0.5146873593330383 0.9572336077690125 0.5189138054847717 0.9540302157402039 0.5288117527961731
0 0.9473598003387451 0.49050915241241455 0.9567984342575073 0.48674964904785156 0.9613097906112671 0.4980759024620056 0.9518711566925049 0.5018354058265686
0 0.9394785761833191 0.4768255352973938 0.9471991658210754 0.4701762795448303 0.954986035823822 0.4792177081108093 0.9472654461860657 0.4858669638633728
0 0.4486626982688904 0.40686994791030884 0.4595356583595276 0.403842568397522 0.4636614918708801 0.4186605215072632 0.4527885317802429 0.42168790102005005
0 0.20923539996147156 0.9274652600288391 0.21907678246498108 0.9212622046470642 0.22439992427825928 0.9297075867652893 0.21455854177474976 0.9359106421470642
0 0.7192422747612 0.5385193824768066 0.7201287150382996 0.5259953737258911 0.7309121489524841 0.5267585515975952 0.7300257086753845 0.5392825603485107
0 0.9407099485397339 0.4975866973400116 0.9501100778579712 0.4921787679195404 0.9561786651611328 0.5027272701263428 0.9467785358428955 0.508135199546814
0 0.03486118093132973 0.3924001455307007 0.045463938266038895 0.38892990350723267 0.04940091446042061 0.40095871686935425 0.03879815712571144 0.40442895889282227
