0 0.5231189131736755 0.908478856086731 0.5236592888832092 0.8962578773498535 0.5459005236625671 0.8972413539886475 0.5453601479530334 0.9094623327255249
0 0.5414240956306458 0.7572486400604248 0.5499271750450134 0.749077558517456 0.5634998679161072 0.7632017135620117 0.5549967885017395 0.7713727951049805
0 0.530514657497406 0.0035661039873957634 0.5486271977424622 0.0005148937925696373 0.5505691170692444 0.01204270962625742 0.5324565768241882 0.015093919821083546
0 0.4255068898200989 0.04945606738328934 0.4285436272621155 0.03875266760587692 0.44384217262268066 0.04309313744306564 0.44080543518066406 0.05379653722047806
0 0.3760143220424652 0.872654914855957 0.39321306347846985 0.8724879026412964 0.3933258354663849 0.8841016292572021 0.37612709403038025 0.8842686414718628
0 0.36189189553260803 0.6066922545433044 0.3677898943424225 0.5972673296928406 0.380633145570755 0.6053044199943542 0.37473514676094055 0.6147293448448181
0 0.3591824173927307 0.9368053078651428 0.36246323585510254 0.9268810153007507 0.37532079219818115 0.9311315417289734 0.3720399737358093 0.9410558342933655
0 0.4267280697822571 0.012086179107427597 0.4354287385940552 0.005508155096322298 0.443892240524292 0.01670268177986145 0.4351915717124939 0.023280706256628036
0 0.4264798164367676 0.16725966334342957 0.4321584105491638 0.1584455370903015 0.4434959888458252 0.16574987769126892 0.43781739473342896 0.17456400394439697
0 0.3671368658542633 0.5463337302207947 0.3687377870082855 0.5357884764671326 0.38245919346809387 0.5378716588020325 0.38085827231407166 0.5484169125556946
1 0.5875223875045776 -0.03305768594145775 0.6063239574432373 -0.03343157097697258 0.6075812578201294 0.029795240610837936 0.5887796878814697 0.030169125646352768
