0 0.16938325762748718 0.5569433569908142 0.1725659966468811 0.5436083674430847 0.2061091661453247 0.5516143441200256 0.2029264271259308 0.5649493336677551
0 0.23891855776309967 0.6686944365501404 0.24716396629810333 0.6583289504051208 0.27096980810165405 0.6772657036781311 0.2627243995666504 0.6876311898231506
0 0.3511529564857483 0.843623161315918 0.36710435152053833 0.8380353450775146 0.37074774503707886 0.8484359979629517 0.3547963500022888 0.854023814201355
0 0.03475628048181534 0.5174176096916199 0.054220691323280334 0.5034599900245667 0.06112143397331238 0.5130833983421326 0.04165702313184738 0.5270410180091858
0 0.12693437933921814 0.7068276405334473 0.12836527824401855 0.6946300268173218 0.15165254473686218 0.697361946105957 0.15022164583206177 0.7095595598220825
0 0.3233436048030853 0.5811031460762024 0.3238530457019806 0.5687220692634583 0.3482632339000702 0.5697265267372131 0.3477537930011749 0.5821076035499573
0 0.5934203863143921 0.415738046169281 0.5950518846511841 0.3945104479789734 0.606787919998169 0.3954124450683594 0.605156421661377 0.416640043258667
0 0.7052820920944214 0.7718345522880554 0.711742639541626 0.7633076310157776 0.7251815795898438 0.773489773273468 0.7187210321426392 0.7820166945457458
0 0.5504171252250671 0.005514214280992746 0.5628281235694885 0.0010936264880001545 0.5663167834281921 0.010888038203120232 0.5539057850837708 0.015308625996112823
0 0.3672724664211273 0.8698543310165405 0.3708008825778961 0.8596477508544922 0.3862188160419464 0.8649777173995972 0.3826903998851776 0.8751842975616455
0 0.5838973522186279 0.5746164321899414 0.5923893451690674 0.5656884908676147 0.604599118232727 0.5773022174835205 0.5961071252822876 0.5862301588058472
0 0.35073721408843994 0.7656034827232361 0.36057573556900024 0.7596278786659241 0.36940622329711914 0.7741666436195374 0.35956770181655884 0.7801422476768494
0 0.3919443190097809 0.8918183445930481 0.3921182453632355 0.8803189396858215 0.40804746747016907 0.8805598616600037 0.4078735411167145 0.8920592665672302
0 0.4105515778064728 0.8465504050254822 0.4245206415653229 0.8387698531150818 0.4298563301563263 0.848349392414093 0.4158872663974762 0.8561299443244934
0 0.07233097404241562 0.6524945497512817 0.09145916253328323 0.6497431993484497 0.09315750747919083 0.661550760269165 0.07402931898832321 0.6643021106719971
0 0.4051171541213989 0.7238202691078186 0.4103347659111023 0.7138051390647888 0.42482298612594604 0.7213531136512756 0.4196053743362427 0.7313682436943054
0 0.5457079410552979 0.6831920742988586 0.5554674863815308 0.6768205761909485 0.5650608539581299 0.6915153861045837 0.555301308631897 0.6978868842124939
0 0.6089416146278381 0.30022603273391724 0.6168208718299866 0.283222496509552 0.6274738907814026 0.28815901279449463 0.6195946335792542 0.30516254901885986
0 0.5474937558174133 0.5103002786636353 0.5639016032218933 0.5052036046981812 0.5672655701637268 0.5160332918167114 0.5508577227592468 0.5211299657821655
0 0.4104222357273102 0.7978440523147583 0.4226730763912201 0.7900930643081665 0.4285176694393158 0.7993307113647461 0.4162668287754059 0.8070816993713379
0 0.3346925675868988 0.8567847013473511 0.33898821473121643 0.8471218347549438 0.3533024489879608 0.8534852266311646 0.3490068018436432 0.8631480932235718
0 0.5044474601745605 0.6658243536949158 0.5116078853607178 0.6569972634315491 0.5246975421905518 0.6676154732704163 0.5175371170043945 0.676442563533783
0 0.1946229636669159 0.7780582308769226 0.19727137684822083 0.7665985226631165 0.21434295177459717 0.7705438733100891 0.21169453859329224 0.7820035815238953
0 0.21380949020385742 0.8609117865562439 0.21957316994667053 0.8510758280754089 0.23373448848724365 0.8593741059303284 0.22797080874443054 0.8692100644111633
0 0.7115116119384766 0.769087553024292 0.7177447080612183 0.7607413530349731 0.7294402122497559 0.7694758176803589 0.7232071161270142 0.7778220176696777
0 0.3202749788761139 0.8337219953536987 0.32271304726600647 0.823553204536438 0.3357248604297638 0.8266729116439819 0.3332867920398712 0.8368417024612427
0 0.28935477137565613 0.810576856136322 0.29156389832496643 0.7994064688682556 0.3087818920612335 0.8028116822242737 0.3065727651119232 0.8139820694923401
0 0.6878393888473511 0.5113281607627869 0.7034716606140137 0.509609043598175 0.704646110534668 0.5202885270118713 0.6890138387680054 0.5220076441764832
0 0.7132131457328796 0.7668039798736572 0.7191852927207947 0.7582864761352539 0.731328547000885 0.7668008804321289 0.72535640001297 0.7753183841705322
0 0.23645718395709991 0.8160445690155029 0.23651070892810822 0.8054778575897217 0.2508644461631775 0.8055505752563477 0.2508109211921692 0.8161172866821289
0 0.3687117099761963 0.899799108505249 0.37672746181488037 0.8920698165893555 0.38617438077926636 0.9018669128417969 0.3781586289405823 0.9095962047576904
0 0.289262980222702 0.8472263813018799 0.306140273809433 0.8469644784927368 0.30631765723228455 0.8583956956863403 0.2894403636455536 0.8586575984954834
0 0.21320585906505585 0.7577655911445618 0.2133028358221054 0.7466298937797546 0.22895456850528717 0.7467662692070007 0.2288575917482376 0.7579019665718079
0 0.7249279618263245 0.7512481808662415 0.7283523678779602 0.7415140271186829 0.7420077919960022 0.7463180422782898 0.7385833859443665 0.7560521960258484
0 0.35880088806152344 0.9313433170318604 0.37079328298568726 0.9288886785507202 0.3727652430534363 0.9385228157043457 0.36077284812927246 0.9409774541854858
0 0.7178956866264343 0.7603889107704163 0.7238283753395081 0.7523247599601746 0.7355054020881653 0.7609154582023621 0.7295727133750916 0.7689796090126038
0 0.34186887741088867 0.8799989223480225 0.3470744490623474 0.8718099594116211 0.3576427698135376 0.8785279989242554 0.35243719816207886 0.8867169618606567
0 0.3694934844970703 0.9451863765716553 0.38275617361068726 0.9434325695037842 0.3841233253479004 0.9537715911865234 0.37086063623428345 0.9555253982543945
0 0.7135916948318481 0.48512938618659973 0.7186665534973145 0.47534844279289246 0.7322279214859009 0.48238471150398254 0.7271530628204346 0.4921656548976898
0 0.21073518693447113 0.795703113079071 0.2241685539484024 0.7934092879295349 0.22592298686504364 0.8036838173866272 0.21248961985111237 0.8059776425361633
0 0.6779606342315674 0.5268673300743103 0.6808700561523438 0.5166909098625183 0.6941196918487549 0.5204790234565735 0.6912102699279785 0.5306554436683655
0 0.08227944374084473 0.7297049760818481 0.09424583613872528 0.724481463432312 0.09833492338657379 0.733849048614502 0.08636853098869324 0.7390725612640381
0 0.34282422065734863 0.8945078253746033 0.34946495294570923 0.8868545889854431 0.3586716651916504 0.8948432803153992 0.3520309329032898 0.9024965167045593
0 0.6317948698997498 0.4402102828025818 0.6338668465614319 0.4300047755241394 0.6472417712211609 0.43272024393081665 0.6451697945594788 0.44292575120925903
0 0.22851304709911346 0.6636030673980713 0.24097560346126556 0.6590583324432373 0.2445824295282364 0.6689491271972656 0.2321198731660843 0.6734938621520996
0 0.7267388701438904 0.7142833471298218 0.7366126179695129 0.7140015363693237 0.7369890809059143 0.7271928787231445 0.7271153330802917 0.7274746894836426
0 0.7312780618667603 0.712094783782959 0.7402957677841187 0.7097119092941284 0.7432008981704712 0.7207057476043701 0.7341831922531128 0.7230886220932007
0 0.26836463809013367 0.8583784103393555 0.2726157009601593 0.8488281965255737 0.2846626937389374 0.8541907072067261 0.28041163086891174 0.8637409210205078
0 0.730051577091217 0.4830949306488037 0.7387462258338928 0.47694623470306396 0.7464937567710876 0.48790180683135986 0.7377991080284119 0.4940505027770996
0 0.543624997138977 0.4725480377674103 0.5512019395828247 0.46461358666419983 0.5628436803817749 0.4757307469844818 0.5552667379379272 0.48366519808769226
0 0.720998227596283 0.7574243545532227 0.7262540459632874 0.7487274408340454 0.73886638879776 0.7563495635986328 0.7336105704307556 0.7650464773178101
0 0.6850312352180481 0.5329092144966125 0.689134418964386 0.5234385132789612 0.7017149329185486 0.528889000415802 0.6976117491722107 0.5383597016334534
0 0.6889516115188599 0.5415775179862976 0.6917709112167358 0.5318437218666077 0.704230785369873 0.5354525446891785 0.7014114856719971 0.5451863408088684
0 0.3553233742713928 0.9793664813041687 0.3582971692085266 0.969299852848053 0.37196099758148193 0.9733362793922424 0.36898720264434814 0.9834029078483582
0 0.3080923557281494 0.9009885787963867 0.31289517879486084 0.8920595645904541 0.3234579563140869 0.8977411985397339 0.3186551332473755 0.9066702127456665
0 0.6967379450798035 0.49478405714035034 0.6989476084709167 0.48457586765289307 0.7118424773216248 0.4873671531677246 0.7096328139305115 0.4975753426551819
0 0.7083636522293091 0.527502715587616 0.711955189704895 0.5175886750221252 0.7252800464630127 0.5224159359931946 0.7216885089874268 0.5323299765586853
0 0.6974439024925232 0.5211525559425354 0.6993051171302795 0.5110107064247131 0.7128241658210754 0.513491690158844 0.7109629511833191 0.5236335396766663
0 0.7103330492973328 0.5632453560829163 0.7176374793052673 0.5561762452125549 0.726532518863678 0.5653672814369202 0.7192280888557434 0.5724363923072815
0 0.19507759809494019 0.8538467288017273 0.19783923029899597 0.8438116908073425 0.2101697027683258 0.8472049832344055 0.20740807056427002 0.8572400212287903
0 0.12479954957962036 0.7418744564056396 0.1366133987903595 0.7368646860122681 0.14052340388298035 0.7460851669311523 0.1287095546722412 0.7510949373245239
0 0.7185361385345459 0.45525842905044556 0.7287024259567261 0.45230525732040405 0.7325416803359985 0.46552175283432007 0.7223753929138184 0.4684749245643616
0 0.6318197846412659 0.4377514719963074 0.6342125535011292 0.4279528260231018 0.6471206545829773 0.431104838848114 0.644727885723114 0.4409034848213196
0 0.7083495855331421 0.518237829208374 0.7103447914123535 0.5082302093505859 0.7229162454605103 0.5107365846633911 0.7209210395812988 0.5207442045211792
0 0.7178977131843567 0.5056321620941162 0.7249897122383118 0.49792805314064026 0.7353139519691467 0.5074321031570435 0.7282219529151917 0.5151362419128418
0 0.7036341428756714 0.5007203817367554 0.7091591358184814 0.4915705621242523 0.721055269241333 0.4987538456916809 0.715530276298523 0.5079036951065063
0 0.6912554502487183 0.554973304271698 0.6999534368515015 0.5486828684806824 0.7075480222702026 0.5591842532157898 0.6988500356674194 0.5654746890068054
0 0.6967982649803162 0.5659666061401367 0.7056196331977844 0.558527946472168 0.7143903374671936 0.5689288377761841 0.7055689692497253 0.5763674974441528
0 0.7023234367370605 0.44607633352279663 0.70786452293396 0.43711555004119873 0.7190004587173462 0.4440016746520996 0.7134593725204468 0.4529624581336975
0 0.7220259308815002 0.4411783516407013 0.7314419150352478 0.43720898032188416 0.736724317073822 0.4497397243976593 0.7273083329200745 0.45370909571647644
0 0.6922875046730042 0.6121188402175903 0.6988829970359802 0.6044731140136719 0.7086768746376038 0.6129215955734253 0.7020813822746277 0.6205673217773438
0 0.2593986988067627 0.8266233801841736 0.2660481333732605 0.814852774143219 0.28067314624786377 0.8231146931648254 0.27402371168136597 0.83488529920578
0 0.17809763550758362 0.8402585387229919 0.18426033854484558 0.8298749327659607 0.19665566086769104 0.8372316956520081 0.19049295783042908 0.8476153016090393
0 0.7133285999298096 0.35763072967529297 0.718496561050415 0.3484535217285156 0.7300782203674316 0.3549755811691284 0.7249102592468262 0.36415278911590576
