0 0.1751173734664917 0.9939770698547363 0.1880193054676056 0.990696907043457 0.19048398733139038 1.0003911256790161 0.1775820553302765 1.0036712884902954
0 0.20616047084331512 0.483237624168396 0.21605105698108673 0.4683842062950134 0.22606141865253448 0.4750499129295349 0.21617083251476288 0.4899033308029175
0 0.17919844388961792 0.8862153887748718 0.18838247656822205 0.8723511099815369 0.19802603125572205 0.8787391781806946 0.18884199857711792 0.8926034569740295
0 0.30083444714546204 0.6662558317184448 0.3041519224643707 0.6506303548812866 0.31603893637657166 0.6531541347503662 0.31272146105766296 0.6687796115875244
0 0.12183620035648346 0.4500930607318878 0.13280393183231354 0.44037964940071106 0.14011956751346588 0.44864001870155334 0.1291518360376358 0.4583534300327301
0 0.23726969957351685 0.8198359608650208 0.24868449568748474 0.8190886378288269 0.2496558129787445 0.833925187587738 0.2382410168647766 0.8346725106239319
0 0.17723916471004486 0.8365972638130188 0.17992214858531952 0.8220420479774475 0.19114069640636444 0.8241099715232849 0.18845771253108978 0.8386651873588562
0 0.20776060223579407 0.8615462183952332 0.21760955452919006 0.8558856844902039 0.22566565871238708 0.8699027895927429 0.2158167064189911 0.8755633234977722
0 0.1803063303232193 0.9377192854881287 0.18499873578548431 0.9244369864463806 0.19534339010715485 0.9280915856361389 0.19065098464488983 0.941373884677887
0 0.2712622284889221 0.7868831157684326 0.2713029384613037 0.7737691402435303 0.28233981132507324 0.7738033533096313 0.28229910135269165 0.7869173288345337
0 0.246476411819458 0.7846245169639587 0.25577855110168457 0.7790505290031433 0.26275718212127686 0.790696918964386 0.2534550428390503 0.7962709069252014
0 0.26460808515548706 0.4634909927845001 0.27551335096359253 0.4634351432323456 0.2755863070487976 0.4776679575443268 0.26468104124069214 0.4777238070964813
0 0.30367106199264526 0.7964255213737488 0.31187766790390015 0.7852854132652283 0.32067108154296875 0.7917633652687073 0.31246447563171387 0.8029034733772278
