0 0.22995057702064514 0.25351953506469727 0.24071547389030457 0.2481987327337265 0.2482503056526184 0.26344311237335205 0.23748540878295898 0.2687638998031616
0 0.38687366247177124 0.22500920295715332 0.3975376486778259 0.2226124405860901 0.4010804295539856 0.2383754551410675 0.3904164433479309 0.24077221751213074
0 0.38319939374923706 0.22502093017101288 0.3940812945365906 0.22257472574710846 0.39778971672058105 0.2390715628862381 0.38690781593322754 0.24151776731014252
0 0.35567060112953186 0.009059794247150421 0.3685096204280853 0.004541426431387663 0.3737964332103729 0.019563991576433182 0.36095741391181946 0.024082358926534653
0 0.1587560921907425 0.36448830366134644 0.16892223060131073 0.36017030477523804 0.17388887703418732 0.37186354398727417 0.16372273862361908 0.37618154287338257
0 0.16021235287189484 0.3567964732646942 0.16273443400859833 0.34305867552757263 0.1745772808790207 0.34523287415504456 0.1720551997423172 0.35897067189216614
0 0.170602485537529 0.31853777170181274 0.18125306069850922 0.3127616047859192 0.1894405335187912 0.32785844802856445 0.17878995835781097 0.333634614944458
0 0.16825814545154572 0.3089548945426941 0.17787347733974457 0.2964993715286255 0.18717975914478302 0.3036835789680481 0.17756442725658417 0.3161391019821167
0 0.17527511715888977 0.28282517194747925 0.18414846062660217 0.27263468503952026 0.1918002963066101 0.27929747104644775 0.1829269528388977 0.28948795795440674
0 0.2067165970802307 0.2853873670101166 0.21600839495658875 0.2779446542263031 0.2257116138935089 0.29005852341651917 0.21641981601715088 0.29750123620033264
0 0.20030198991298676 0.325170636177063 0.20969517529010773 0.3140535354614258 0.2183607667684555 0.32137537002563477 0.20896758139133453 0.332492470741272
0 0.20388111472129822 0.3435085713863373 0.211207777261734 0.3332773745059967 0.21991872787475586 0.33951535820961 0.21259206533432007 0.34974655508995056
0 0.39622700214385986 0.17789742350578308 0.39851701259613037 0.1648973822593689 0.4099646806716919 0.1669139266014099 0.4076746702194214 0.1799139678478241
0 0.24436277151107788 0.03817037492990494 0.25449293851852417 0.03389357030391693 0.25935351848602295 0.045406460762023926 0.24922335147857666 0.04968326538801193
