0 0.12489687651395798 0.9806897640228271 0.14410744607448578 0.9665131568908691 0.1515466570854187 0.9765939712524414 0.1323360949754715 0.9907705783843994
0 0.08786050230264664 0.8748550415039062 0.08830242604017258 0.8637627363204956 0.10728763788938522 0.8645191192626953 0.10684571415185928 0.875611424446106
0 0.031153462827205658 0.8763012886047363 0.04341760277748108 0.86762535572052 0.04966942220926285 0.8764628171920776 0.03740528225898743 0.885138750076294
0 0.10103704780340195 0.9120799899101257 0.10946623235940933 0.9026430249214172 0.11717579513788223 0.9095292687416077 0.10874661058187485 0.9189662337303162
0 -0.006097785197198391 0.8756572008132935 0.0071929097175598145 0.8697770833969116 0.011475266888737679 0.8794565200805664 -0.0018154280260205269 0.8853366374969482
0 0.14095641672611237 0.8845601677894592 0.1585899442434311 0.8819122910499573 0.16023887693881989 0.8928936123847961 0.14260534942150116 0.8955414891242981
0 0.027672039344906807 0.9074854850769043 0.043725479394197464 0.902414083480835 0.04701592028141022 0.9128298759460449 0.03096247836947441 0.9179012775421143
0 0.1694370061159134 0.8478351831436157 0.18135882914066315 0.8431440591812134 0.18499402701854706 0.8523824214935303 0.1730722039937973 0.8570735454559326
0 0.1481425166130066 0.9589694142341614 0.14994937181472778 0.9477081894874573 0.17048850655555725 0.9510037302970886 0.16868165135383606 0.9622649550437927
0 0.1546737551689148 0.9318637251853943 0.15751829743385315 0.9217930436134338 0.1713552474975586 0.9257014393806458 0.16851070523262024 0.9357721209526062
