0 -0.0005108064506202936 0.7561092376708984 0.010803968645632267 0.7513248920440674 0.01742042414844036 0.7669727802276611 0.006105649285018444 0.7717571258544922
0 0.1687365174293518 0.0718679130077362 0.1727030873298645 0.06115672364830971 0.18899908661842346 0.06719145178794861 0.18503251671791077 0.0779026448726654
0 0.8959637880325317 0.7785339951515198 0.9093706607818604 0.7752370238304138 0.9132349491119385 0.7909509539604187 0.8998280763626099 0.7942479252815247
1 0.09943956136703491 0.10215379297733307 0.11875519156455994 0.08087148517370224 0.19230517745018005 0.14762477576732635 0.17298954725265503 0.1689070761203766
1 0.04900891333818436 0.11708283424377441 0.06580080091953278 0.09362483024597168 0.20228707790374756 0.19132548570632935 0.18549518287181854 0.21478348970413208
1 0.07642130553722382 0.1333947628736496 0.08877573907375336 0.11667060106992722 0.13865377008914948 0.15351636707782745 0.12629933655261993 0.17024052143096924
1 0.30583152174949646 0.21587219834327698 0.31383994221687317 0.20203125476837158 0.38817736506462097 0.24504318833351135 0.38016894459724426 0.25888413190841675
1 0.332432359457016 0.2663000226020813 0.34649500250816345 0.25314176082611084 0.3687327802181244 0.2769080400466919 0.35467013716697693 0.29006630182266235
1 0.025204412639141083 0.8319872617721558 0.030934177339076996 0.8033311367034912 0.1975872814655304 0.8366532325744629 0.19185751676559448 0.8653093576431274
1 0.7447770237922668 0.7687535285949707 0.7594218850135803 0.7545812129974365 0.8303577303886414 0.8278824090957642 0.8157128691673279 0.8420547246932983
1 0.8955345749855042 0.9877861738204956 0.9108477234840393 0.9633141756057739 1.0249617099761963 1.0347203016281128 1.0096485614776611 1.0591922998428345
