0 0.6237018704414368 0.5864593386650085 0.6250795722007751 0.5750700831413269 0.6455960869789124 0.5775517821311951 0.644218385219574 0.5889410376548767
0 0.5305676460266113 0.10411584377288818 0.5349599123001099 0.08957117795944214 0.5456970930099487 0.09281362593173981 0.5413048267364502 0.10735829174518585
0 0.5981491208076477 0.7451005578041077 0.601198136806488 0.7335279583930969 0.6212431788444519 0.7388090491294861 0.6181941628456116 0.7503816485404968
0 0.5378146767616272 0.5945279598236084 0.5433142781257629 0.584135890007019 0.5596056580543518 0.5927574634552002 0.5541060566902161 0.6031495332717896
0 0.3806760609149933 0.5406562089920044 0.3813057839870453 0.530519962310791 0.39471080899238586 0.5313527584075928 0.39408108592033386 0.5414890050888062
0 0.3801271319389343 0.5553122758865356 0.3861759305000305 0.5458594560623169 0.39952385425567627 0.5544006824493408 0.3934750556945801 0.5638535022735596
0 0.6559933423995972 0.6997674107551575 0.6632695198059082 0.6917749047279358 0.6740764379501343 0.7016131281852722 0.6668002605438232 0.7096056342124939
0 0.6379170417785645 0.6494228839874268 0.6428892612457275 0.6399807929992676 0.6560200452804565 0.6468955278396606 0.6510478258132935 0.6563376188278198
0 0.510824978351593 0.7128089070320129 0.5162455439567566 0.7042534947395325 0.5279739499092102 0.7116844058036804 0.5225533843040466 0.7202398180961609
0 0.3922995924949646 0.5129410028457642 0.39771175384521484 0.5045386552810669 0.4084410071372986 0.5114495754241943 0.40302884578704834 0.5198519229888916
0 0.444468230009079 0.5131995677947998 0.4490772783756256 0.5047765970230103 0.46084484457969666 0.5112159252166748 0.45623579621315 0.5196388959884644
