0 0.19959485530853271 0.25644752383232117 0.20800533890724182 0.2464631050825119 0.216050386428833 0.2532398998737335 0.2076399028301239 0.2632243037223816
0 0.5805009007453918 0.008078912273049355 0.5976138710975647 0.005836152005940676 0.5990076661109924 0.01647111587226391 0.5818946957588196 0.018713876605033875
0 0.65415358543396 0.05044706538319588 0.6647688150405884 0.04439794644713402 0.6695094108581543 0.05271678790450096 0.6588941812515259 0.05876590684056282
0 0.6418043971061707 0.05143825709819794 0.654898464679718 0.047839149832725525 0.6575222611427307 0.05738476663827896 0.6444281935691833 0.06098387390375137
0 0.5948449969291687 0.048061441630125046 0.5961437821388245 0.03818526491522789 0.6099310517311096 0.0399983786046505 0.6086322665214539 0.04987455531954765
1 0.18265946209430695 0.9834944009780884 0.1922564059495926 0.964777946472168 0.26581382751464844 1.0024948120117188 0.2562168836593628 1.0212112665176392
0 0.13274691998958588 -0.003853223053738475 0.14164115488529205 -0.008455527015030384 0.14781026542186737 0.003466688795015216 0.1389160305261612 0.008068992756307125
0 0.1409817636013031 0.0008749081753194332 0.14652326703071594 -0.007927604019641876 0.16133716702461243 0.0013983198441565037 0.15579566359519958 0.010200832039117813
0 0.10541650652885437 0.01101602055132389 0.10870984196662903 0.0013632136397063732 0.12201893329620361 0.005903990939259529 0.11872559785842896 0.01555679738521576
0 0.15498951077461243 0.04554154723882675 0.16284403204917908 0.038679830729961395 0.17216917872428894 0.049354203045368195 0.1643146574497223 0.05621591955423355
0 0.14214275777339935 0.06105779483914375 0.1519060581922531 0.053420089185237885 0.1580909937620163 0.06132630631327629 0.14832769334316254 0.06896401196718216
0 0.20315858721733093 0.053762637078762054 0.2091660499572754 0.046501047909259796 0.2187090814113617 0.05439593642950058 0.21270161867141724 0.06165752559900284
0 0.2369711697101593 0.0684063658118248 0.24492651224136353 0.06225046142935753 0.2523825764656067 0.07188604027032852 0.24442723393440247 0.0780419409275055
0 0.37971580028533936 0.19248709082603455 0.3798965811729431 0.18012815713882446 0.3908522129058838 0.1802884042263031 0.39067143201828003 0.19264733791351318
0 0.4140039086341858 0.1676131635904312 0.42251449823379517 0.15977884829044342 0.43515437841415405 0.1735098510980606 0.4266437888145447 0.1813441663980484
0 0.5280839800834656 0.08300825953483582 0.5372064709663391 0.07656259834766388 0.5468170046806335 0.0901641994714737 0.53769451379776 0.09660986065864563
0 0.5062269568443298 0.0779532939195633 0.5110772252082825 0.06917141377925873 0.5242238640785217 0.07643230259418488 0.5193735957145691 0.08521418273448944
0 0.5440855622291565 0.10761646926403046 0.5461296439170837 0.09775982797145844 0.5625064969062805 0.10115598142147064 0.5604624152183533 0.11101262271404266
0 0.6437509059906006 0.032021645456552505 0.6562268733978271 0.024985339492559433 0.6615427732467651 0.03441091254353523 0.6490668058395386 0.041447218507528305
0 0.6121528148651123 0.025364907458424568 0.6249816417694092 0.021334810182452202 0.628004789352417 0.030958233401179314 0.6151759624481201 0.03498832881450653
