0 0.21809054911136627 0.5615214705467224 0.22844423353672028 0.5566496253013611 0.23557813465595245 0.5718105435371399 0.22522445023059845 0.5766823887825012
0 0.20806990563869476 0.5671083331108093 0.2169121950864792 0.5621455311775208 0.22351355850696564 0.5739070773124695 0.2146712690591812 0.5788698792457581
0 0.14945536851882935 0.5926094055175781 0.15535354614257812 0.5848263502120972 0.16496533155441284 0.5921103954315186 0.15906715393066406 0.5998934507369995
0 0.2243712991476059 0.5812088847160339 0.23443882167339325 0.5799083113670349 0.23611022531986237 0.5928459763526917 0.226042702794075 0.5941465497016907
0 0.45600175857543945 0.12294743210077286 0.45811474323272705 0.1131829246878624 0.4718586802482605 0.11615700274705887 0.4697456955909729 0.12592151761054993
0 0.19230228662490845 0.6015207171440125 0.20225557684898376 0.5990557074546814 0.2054743468761444 0.6120522618293762 0.1955210566520691 0.6145172715187073
0 0.1464824378490448 0.6012572646141052 0.152573823928833 0.5932121872901917 0.16259583830833435 0.6008004546165466 0.15650445222854614 0.6088455319404602
0 0.1839086413383484 0.6099081039428711 0.1942678987979889 0.6072385311126709 0.1976417899131775 0.6203306913375854 0.187282532453537 0.6230002641677856
0 0.1381841003894806 0.5914343595504761 0.14654317498207092 0.5861235857009888 0.15303686261177063 0.5963444709777832 0.1446777880191803 0.6016552448272705
0 0.13998918235301971 0.575390636920929 0.15050752460956573 0.5729736685752869 0.15315966308116913 0.5845152735710144 0.1426413208246231 0.5869322419166565
0 0.1396998018026352 0.5656266808509827 0.15147580206394196 0.5599400401115417 0.1561611145734787 0.5696423649787903 0.14438511431217194 0.5753290057182312
0 0.1741640865802765 0.5905909538269043 0.17455244064331055 0.5787626504898071 0.18500617146492004 0.5791058540344238 0.184617817401886 0.590934157371521
0 0.14240382611751556 0.5915547013282776 0.14325778186321259 0.5804839730262756 0.1539308875799179 0.5813072323799133 0.1530769318342209 0.5923779606819153
0 0.2015543282032013 0.593208909034729 0.21272528171539307 0.5912187099456787 0.21497821807861328 0.6038646697998047 0.2038072645664215 0.605854868888855
0 0.1996152698993683 0.5664450526237488 0.2097093164920807 0.5649773478507996 0.21146050095558167 0.5770204663276672 0.20136645436286926 0.5784881711006165
