0 0.34474819898605347 0.47408655285835266 0.3477190136909485 0.4628974497318268 0.3665309548377991 0.46789219975471497 0.36356014013290405 0.47908130288124084
0 0.4791290760040283 0.4821151793003082 0.4802049994468689 0.4710409343242645 0.49930131435394287 0.4728963077068329 0.4982253909111023 0.4839705526828766
0 0.5037667751312256 0.4826032519340515 0.5090552568435669 0.4733022451400757 0.5226758718490601 0.48104679584503174 0.5173873901367188 0.49034780263900757
0 0.18702200055122375 0.4424748718738556 0.21107074618339539 0.4379325211048126 0.21326914429664612 0.4495715796947479 0.1892203986644745 0.4541139304637909
0 0.32009050250053406 0.4700477719306946 0.32222113013267517 0.46024537086486816 0.33480361104011536 0.4629802703857422 0.33267298340797424 0.4727826714515686
0 0.29430532455444336 0.4644736349582672 0.2956511974334717 0.45413216948509216 0.31282055377960205 0.456366628408432 0.31147468090057373 0.46670809388160706
0 0.4192163646221161 0.47868093848228455 0.4348466694355011 0.47756126523017883 0.4355771243572235 0.48775824904441833 0.4199468195438385 0.48887792229652405
0 0.49987754225730896 0.4809216558933258 0.5096225142478943 0.47441282868385315 0.5148789882659912 0.4822828471660614 0.5051340460777283 0.48879167437553406
0 0.3363805413246155 0.8240550756454468 0.3466983437538147 0.8167682886123657 0.358664333820343 0.8337115049362183 0.3483465313911438 0.8409982919692993
0 0.3826739490032196 0.4638966917991638 0.38419440388679504 0.45458704233169556 0.395148903131485 0.4563761353492737 0.39362844824790955 0.46568578481674194
0 0.0787895917892456 0.44364646077156067 0.0799161046743393 0.43295755982398987 0.09505215287208557 0.43455275893211365 0.09392563998699188 0.44524165987968445
0 0.14222165942192078 0.4454730153083801 0.15919408202171326 0.44512027502059937 0.1593957245349884 0.45482176542282104 0.14242330193519592 0.4551745057106018
0 0.2921876311302185 0.4529041051864624 0.2934422492980957 0.4420264959335327 0.3128662705421448 0.4442669153213501 0.3116116523742676 0.4551445245742798
0 0.5306077003479004 0.45515894889831543 0.5835937261581421 0.442232608795166 0.5873358249664307 0.4575718641281128 0.534349799156189 0.4704982042312622
0 0.5385985374450684 0.46205511689186096 0.5868550539016724 0.4498499929904938 0.5906710624694824 0.46493765711784363 0.5424145460128784 0.4771427810192108
1 0.010393868200480938 0.7296726107597351 0.0499512143433094 0.7235987782478333 0.05204286798834801 0.7372211813926697 0.012485522776842117 0.7432950139045715
0 0.08809702098369598 0.7027500867843628 0.09999005496501923 0.7005879878997803 0.10184277594089508 0.710779070854187 0.08994974195957184 0.7129411697387695
0 0.18089741468429565 0.8081187009811401 0.19460415840148926 0.8028711080551147 0.1980614960193634 0.8119016885757446 0.1843547523021698 0.81714928150177
0 0.4678979516029358 0.7137959003448486 0.4749382734298706 0.7046495676040649 0.491626501083374 0.7174952030181885 0.4845861792564392 0.7266415357589722
