0 0.27210813760757446 0.5026683807373047 0.2873648405075073 0.4948725700378418 0.2925924062728882 0.5051031112670898 0.2773357033729553 0.5128989219665527
0 0.23889003694057465 0.44539570808410645 0.2529827058315277 0.43712133169174194 0.2586265206336975 0.4467337131500244 0.24453383684158325 0.4550080895423889
0 0.7331488728523254 0.38583147525787354 0.7421512007713318 0.37624984979629517 0.7498521208763123 0.3834850788116455 0.7408497929573059 0.3930667042732239
0 0.22523410618305206 0.34126126766204834 0.23024563491344452 0.32860785722732544 0.240458145737648 0.33265262842178345 0.23544661700725555 0.34530603885650635
0 0.6567957401275635 0.3095383942127228 0.6684504747390747 0.30216917395591736 0.6741474866867065 0.31117919087409973 0.6624927520751953 0.31854841113090515
0 0.7309587001800537 0.3006071150302887 0.741634726524353 0.2918173372745514 0.7484086751937866 0.300044983625412 0.7377326488494873 0.3088347613811493
0 0.3224145770072937 0.19206659495830536 0.3283645510673523 0.18007789552211761 0.3376908302307129 0.18470652401447296 0.3317408561706543 0.1966952234506607
0 0.13838686048984528 0.156711608171463 0.1525641530752182 0.1520233154296875 0.15588320791721344 0.16206008195877075 0.14170591533184052 0.16674837470054626
0 0.11720100045204163 0.18619439005851746 0.12612159550189972 0.17855000495910645 0.13504448533058167 0.18896254897117615 0.12612389028072357 0.19660693407058716
0 0.1311803013086319 0.17379240691661835 0.14151237905025482 0.17071877419948578 0.14493726193904877 0.1822316199541092 0.13460518419742584 0.18530525267124176
0 0.13156580924987793 0.18887808918952942 0.13997912406921387 0.18307116627693176 0.14735445380210876 0.19375687837600708 0.13894113898277283 0.19956380128860474
0 0.1308523565530777 0.20339933037757874 0.13699845969676971 0.19241327047348022 0.14616139233112335 0.19753944873809814 0.14001528918743134 0.20852550864219666
0 0.1250580996274948 0.2049739807844162 0.13633690774440765 0.1983986347913742 0.14164094626903534 0.2074967473745346 0.1303621381521225 0.2140720933675766
0 0.11591850221157074 0.20594534277915955 0.12669667601585388 0.20594534277915955 0.12669667601585388 0.2171206772327423 0.11591850221157074 0.2171206772327423
0 0.1484299600124359 0.2101505696773529 0.14952218532562256 0.19755280017852783 0.16058704257011414 0.19851210713386536 0.1594948172569275 0.21110987663269043
0 0.14339286088943481 0.16863155364990234 0.15191960334777832 0.1629062294960022 0.15892690420150757 0.17334222793579102 0.15040016174316406 0.17906755208969116
0 0.15514004230499268 0.15077093243598938 0.16439923644065857 0.14223125576972961 0.1711007058620453 0.1494973599910736 0.1618415117263794 0.15803703665733337
0 0.16676215827465057 0.15573658049106598 0.16715194284915924 0.14393846690654755 0.17813624441623688 0.1443013697862625 0.1777464598417282 0.15609948337078094
0 0.16733413934707642 0.17654310166835785 0.16864681243896484 0.1650639921426773 0.17937302589416504 0.16629056632518768 0.1780603528022766 0.17776967585086823
0 0.15901856124401093 0.17167191207408905 0.16992710530757904 0.17167191207408905 0.16992710530757904 0.183615043759346 0.15901856124401093 0.183615043759346
0 0.17660672962665558 0.17465917766094208 0.18702255189418793 0.17400126159191132 0.18776412308216095 0.18574117124080658 0.1773483008146286 0.18639908730983734
0 0.1762746274471283 0.18811991810798645 0.18629100918769836 0.17970982193946838 0.1929847002029419 0.18768200278282166 0.18296831846237183 0.19609209895133972
0 0.1693694144487381 0.24613432586193085 0.1697591096162796 0.2343362420797348 0.18074341118335724 0.2346990555524826 0.18035371601581573 0.24649713933467865
0 0.19272002577781677 0.2510327100753784 0.19310972094535828 0.23923461139202118 0.2040940523147583 0.2395974099636078 0.2037043571472168 0.2513955235481262
0 0.11675308644771576 0.2520461678504944 0.11714278161525726 0.24024805426597595 0.1281270980834961 0.24061086773872375 0.1277374029159546 0.2524089813232422
0 0.13762690126895905 0.2292279750108719 0.13801707327365875 0.21741445362567902 0.1490008682012558 0.21777723729610443 0.1486106961965561 0.2295907586812973
0 0.2225397378206253 0.1831461638212204 0.2229294329881668 0.17134808003902435 0.23391373455524445 0.17171089351177216 0.23352403938770294 0.1835089772939682
0 0.2490515410900116 0.17377927899360657 0.2494412362575531 0.16198119521141052 0.26042553782463074 0.16234400868415833 0.26003584265708923 0.17414209246635437
0 0.2441142052412033 0.15043899416923523 0.2445039004087448 0.13864091038703918 0.25548821687698364 0.139003723859787 0.25509852170944214 0.15080180764198303
0 0.17353834211826324 0.2046126127243042 0.18357448279857635 0.19623073935508728 0.19024591147899628 0.20421889424324036 0.18020977079868317 0.21260076761245728
0 0.20073333382606506 0.20871151983737946 0.21074968576431274 0.20030148327350616 0.2174433469772339 0.20827366411685944 0.2074269950389862 0.21668370068073273
0 0.2699856162071228 0.15144847333431244 0.27996814250946045 0.14302699267864227 0.286681592464447 0.15098489820957184 0.2766990661621094 0.159406378865242
0 0.2273918092250824 0.1530633568763733 0.23740819096565247 0.14465326070785522 0.244101881980896 0.1526254415512085 0.23408550024032593 0.16103553771972656
0 0.22969061136245728 0.31354424357414246 0.23972678184509277 0.3051624596118927 0.24639815092086792 0.3131506145000458 0.23636198043823242 0.32153239846229553
0 0.24044527113437653 0.31474199891090393 0.2504814565181732 0.3063602149486542 0.25715285539627075 0.31434836983680725 0.24711665511131287 0.322730153799057
0 0.25771793723106384 0.3243238031864166 0.26775410771369934 0.31594207882881165 0.2744254767894745 0.3239302337169647 0.264389306306839 0.3323119580745697
0 0.25455671548843384 0.2815127372741699 0.26459288597106934 0.27313101291656494 0.2712642550468445 0.281119167804718 0.261228084564209 0.289500892162323
0 0.13544079661369324 0.3248305022716522 0.14547696709632874 0.31644871830940247 0.15214833617210388 0.32443687319755554 0.14211216568946838 0.3328186571598053
0 0.11578785628080368 0.37051212787628174 0.12580424547195435 0.36210209131240845 0.1324979066848755 0.3700742721557617 0.12248152494430542 0.378484308719635
0 0.22172242403030396 0.23656731843948364 0.2317585051059723 0.22818556427955627 0.2384299337863922 0.23617371916770935 0.22839385271072388 0.24455547332763672
0 0.20770877599716187 0.24727004766464233 0.2177448570728302 0.23888829350471497 0.22441628575325012 0.24687644839286804 0.2143802046775818 0.2552582025527954
0 0.12114889919757843 0.23444736003875732 0.1311652958393097 0.22603726387023926 0.13785900175571442 0.23400944471359253 0.12784260511398315 0.2424195408821106
0 0.23381200432777405 0.17451494932174683 0.24382838606834412 0.16610485315322876 0.25052207708358765 0.17407700419425964 0.24050569534301758 0.1824871003627777
0 0.19692030549049377 0.13502062857151031 0.20693665742874146 0.12661059200763702 0.2136303186416626 0.1345827728509903 0.20361396670341492 0.1429928094148636
0 0.7526633739471436 0.3127685785293579 0.7633394002914429 0.30397891998291016 0.7701132297515869 0.312206506729126 0.7594372034072876 0.32099616527557373
0 0.7803158760070801 0.2943575978279114 0.7909917831420898 0.28556764125823975 0.7977657318115234 0.293795108795166 0.7870898246765137 0.30258506536483765
0 0.7846177220344543 0.3295521140098572 0.7952937483787537 0.3207623362541199 0.8020676970481873 0.32898998260498047 0.7913916707038879 0.3377797603607178
0 0.7748245000839233 0.33512619137763977 0.7855005264282227 0.32633641362190247 0.7922744750976562 0.33456405997276306 0.7815984487533569 0.34335383772850037
0 0.8212650418281555 0.30020785331726074 0.8319410681724548 0.29141807556152344 0.8387150168418884 0.29964572191238403 0.8280389904975891 0.30843549966812134
0 0.8591833114624023 0.2988411784172058 0.8698593378067017 0.2900514006614685 0.8766332864761353 0.2982790470123291 0.8659572601318359 0.3070688247680664
0 0.9148632287979126 0.3002080023288727 0.9255391359329224 0.29141804575920105 0.932313084602356 0.2996455132961273 0.9216371774673462 0.30843546986579895
0 0.8166861534118652 0.35210931301116943 0.8273621797561646 0.34331953525543213 0.8341361284255981 0.3515471816062927 0.8234601020812988 0.36033695936203003
0 0.8072065114974976 0.3381905257701874 0.8154424428939819 0.32701584696769714 0.8243390321731567 0.33357277512550354 0.8161031007766724 0.3447474539279938
0 0.8398169279098511 0.3077104389667511 0.8403738737106323 0.2961141765117645 0.8507328033447266 0.29661163687705994 0.8501758575439453 0.3082078993320465
0 0.663647472858429 0.16686682403087616 0.6707455515861511 0.15814734995365143 0.6783373951911926 0.1643274873495102 0.6712393164634705 0.17304696142673492
0 0.3510698676109314 0.1955832690000534 0.3586675524711609 0.1843087524175644 0.36756885051727295 0.190307155251503 0.35997116565704346 0.201581671833992
0 0.2749221920967102 0.17522132396697998 0.2811656594276428 0.1630917489528656 0.2909027934074402 0.16810375452041626 0.28465932607650757 0.18023332953453064
0 0.23600809276103973 0.15597222745418549 0.24657286703586578 0.15578345954418182 0.24679426848888397 0.1681738644838333 0.23622949421405792 0.16836263239383698
0 0.21102550625801086 0.15303097665309906 0.2235293686389923 0.14818860590457916 0.2270798683166504 0.1573566347360611 0.21457600593566895 0.162199005484581
0 0.20705367624759674 0.1924312859773636 0.2106918841600418 0.17925061285495758 0.22111175954341888 0.18212677538394928 0.21747355163097382 0.19530744850635529
0 0.21623551845550537 0.1890898048877716 0.22576484084129333 0.1783214509487152 0.23366743326187134 0.18531477451324463 0.22413811087608337 0.19608312845230103
0 0.23751963675022125 0.19293271005153656 0.24357353150844574 0.18013422191143036 0.2532835006713867 0.18472720682621002 0.24722959101200104 0.19752569496631622
0 0.2500031888484955 0.20295940339565277 0.25323787331581116 0.18982906639575958 0.264443963766098 0.1925896853208542 0.26120927929878235 0.20572002232074738
0 0.23474889993667603 0.21811561286449432 0.23548468947410583 0.20547138154506683 0.24658691883087158 0.2061174362897873 0.24585112929344177 0.21876166760921478
0 0.20966589450836182 0.2144860327243805 0.22449132800102234 0.20950838923454285 0.2278040051460266 0.2193748950958252 0.2129785716533661 0.22435253858566284
0 0.1814441978931427 0.21354198455810547 0.19503986835479736 0.21040445566177368 0.19733142852783203 0.22033435106277466 0.18373575806617737 0.22347187995910645
0 0.16713662445545197 0.22157011926174164 0.17940644919872284 0.2153037041425705 0.1841493397951126 0.22459043562412262 0.17187951505184174 0.23085685074329376
0 0.19004683196544647 0.2021915465593338 0.2008601874113083 0.19245626032352448 0.20798934996128082 0.20037491619586945 0.197175994515419 0.21011020243167877
0 0.1809820681810379 0.23592820763587952 0.18743427097797394 0.2227906584739685 0.197288379073143 0.22763025760650635 0.19083617627620697 0.24076780676841736
0 0.19258399307727814 0.2358294129371643 0.19880397617816925 0.223745197057724 0.2083037942647934 0.22863495349884033 0.20208381116390228 0.24071916937828064
0 0.1942853033542633 0.25939661264419556 0.19794991612434387 0.24821197986602783 0.20850902795791626 0.25167161226272583 0.2048444151878357 0.26285624504089355
0 0.1826099455356598 0.26469218730926514 0.19192016124725342 0.25499069690704346 0.19940826296806335 0.2621768116950989 0.19009804725646973 0.27187830209732056
0 0.21711650490760803 0.26574376225471497 0.21957704424858093 0.2524395287036896 0.23042362928390503 0.25444552302360535 0.22796308994293213 0.26774975657463074
0 0.22704946994781494 0.2705647945404053 0.23805025219917297 0.26132333278656006 0.24534037709236145 0.27000129222869873 0.23433959484100342 0.27924275398254395
0 0.25617343187332153 0.21867242455482483 0.26941293478012085 0.2135085165500641 0.27313464879989624 0.2230505347251892 0.2598951458930969 0.22821444272994995
0 0.14476238191127777 0.22288881242275238 0.14769001305103302 0.21085815131664276 0.15863282978534698 0.2135210484266281 0.15570519864559174 0.22555170953273773
0 0.12706725299358368 0.2571982443332672 0.13050980865955353 0.2451992928981781 0.14082138240337372 0.24815770983695984 0.13737882673740387 0.26015666127204895
0 0.17507275938987732 0.2822625935077667 0.18895477056503296 0.2783743441104889 0.19175860285758972 0.2883847653865814 0.17787659168243408 0.29227301478385925
0 0.2096789926290512 0.2805675268173218 0.21573017537593842 0.2693384885787964 0.22461338341236115 0.27412551641464233 0.21856220066547394 0.2853545546531677
0 0.23856672644615173 0.34845709800720215 0.24477079510688782 0.33643025159835815 0.25499024987220764 0.3417019844055176 0.24878618121147156 0.3537288308143616
0 0.2233799695968628 0.36672574281692505 0.23454809188842773 0.35915493965148926 0.2402595579624176 0.36758023500442505 0.22909143567085266 0.37515103816986084
0 0.15604805946350098 0.34676486253738403 0.1664627194404602 0.3363931179046631 0.17392420768737793 0.34388548135757446 0.1635095477104187 0.3542572259902954
0 0.13692377507686615 0.35145437717437744 0.13877393305301666 0.33824288845062256 0.1504046767950058 0.33987170457839966 0.14855451881885529 0.35308319330215454
0 0.1346396803855896 0.38083896040916443 0.14696422219276428 0.3727818429470062 0.152476966381073 0.38121435046195984 0.14015242457389832 0.38927146792411804
0 0.13874830305576324 0.402328222990036 0.14225484430789948 0.38926801085472107 0.15335457026958466 0.3922481834888458 0.14984802901744843 0.40530839562416077
0 0.22710570693016052 0.39767658710479736 0.23994827270507812 0.39309853315353394 0.2433614432811737 0.40267330408096313 0.2305188775062561 0.40725135803222656
