0 0.614295482635498 0.7008628249168396 0.6255075931549072 0.6923208832740784 0.6439762115478516 0.7165625691413879 0.6327641010284424 0.7251045107841492
0 0.7402304410934448 0.6959534287452698 0.7475134134292603 0.6843668818473816 0.7783167362213135 0.703728973865509 0.771033763885498 0.7153155207633972
0 0.47861239314079285 0.657479465007782 0.48399314284324646 0.6470944285392761 0.5016010999679565 0.6562175154685974 0.4962203800678253 0.6666025519371033
0 0.41775691509246826 0.7520390152931213 0.4224110245704651 0.742616593837738 0.43462830781936646 0.7486512064933777 0.42997419834136963 0.758073627948761
0 0.46862465143203735 0.6167618632316589 0.47432941198349 0.6071515679359436 0.48926568031311035 0.6160178780555725 0.4835609197616577 0.6256281733512878
0 0.3756183981895447 0.6274382472038269 0.3805602192878723 0.6179996132850647 0.39340460300445557 0.6247245669364929 0.38846278190612793 0.6341632008552551
0 0.38165104389190674 0.6529453992843628 0.3872734308242798 0.6439597606658936 0.3992803692817688 0.6514725685119629 0.39365798234939575 0.6604582071304321
0 0.3041267693042755 0.7124573588371277 0.3106018602848053 0.7046130299568176 0.32060322165489197 0.7128686308860779 0.3141281306743622 0.7207129597663879
0 0.28172093629837036 0.6879347562789917 0.2950435280799866 0.6879347562789917 0.2950435280799866 0.6979192495346069 0.28172093629837036 0.6979192495346069
0 0.27727892994880676 0.7430084943771362 0.2778721749782562 0.7332507371902466 0.2901172935962677 0.7339951992034912 0.28952404856681824 0.7437529563903809
0 0.3009522259235382 0.719708263874054 0.3013618290424347 0.7086907029151917 0.3114565312862396 0.7090659737586975 0.31104692816734314 0.7200835347175598
0 0.32401859760284424 0.7163189053535461 0.32552462816238403 0.7068935036659241 0.33722561597824097 0.7087631821632385 0.33571958541870117 0.7181885838508606
0 0.3402273952960968 0.7223519086837769 0.3430895507335663 0.7126789093017578 0.3570975363254547 0.7168236970901489 0.35423538088798523 0.726496696472168
0 0.3253495395183563 0.6478474736213684 0.3365115821361542 0.6462609171867371 0.3383251130580902 0.6590200066566467 0.32716307044029236 0.6606065630912781
0 0.36359381675720215 0.648838996887207 0.3644373416900635 0.6385416984558105 0.3775401711463928 0.6396150588989258 0.3766966462135315 0.6499123573303223
0 0.39809450507164 0.6081756949424744 0.4004346430301666 0.5981981158256531 0.4154253304004669 0.6017140746116638 0.4130851924419403 0.6116916537284851
0 0.4447476863861084 0.6107439398765564 0.4488374590873718 0.6016702055931091 0.4610390067100525 0.6071698069572449 0.45694923400878906 0.6162435412406921
1 0.8112276196479797 0.7365378737449646 0.8472301363945007 0.7015833258628845 0.8578014969825745 0.7124716639518738 0.8217989802360535 0.7474262118339539
0 0.4258859157562256 0.637008547782898 0.43332332372665405 0.6303493976593018 0.4416135549545288 0.6396085023880005 0.43417614698410034 0.6462676525115967
