0 0.4396388530731201 0.07633817195892334 0.46428126096725464 0.05359354242682457 0.47365373373031616 0.0637480616569519 0.44901132583618164 0.08649268746376038
0 0.4826429784297943 -0.003708704374730587 0.49475035071372986 -0.0065879812464118 0.4992840588092804 0.012476318515837193 0.48717668652534485 0.015355595387518406
0 0.6767098307609558 0.8962516784667969 0.6793093085289001 0.884201169013977 0.7139633297920227 0.8916765451431274 0.7113638520240784 0.9037270545959473
0 0.578798770904541 0.8456074595451355 0.5803685188293457 0.8333719372749329 0.6097608804702759 0.8371428847312927 0.6081911325454712 0.8493784070014954
0 0.3805409371852875 0.05639537423849106 0.38477304577827454 0.04711229354143143 0.3999771773815155 0.054043784737586975 0.39574506878852844 0.0633268654346466
0 0.5624967813491821 0.9192253351211548 0.5655750036239624 0.9063061475753784 0.6128706932067871 0.9175750017166138 0.6097924709320068 0.9304941892623901
0 0.09438194334506989 0.4601478576660156 0.09860312938690186 0.4499638080596924 0.11748720705509186 0.4577910900115967 0.11326602101325989 0.4679751396179199
0 0.06338318437337875 0.4585743844509125 0.0670635774731636 0.44804462790489197 0.08642933517694473 0.4548133909702301 0.08274894207715988 0.4653431475162506
0 0.8829405307769775 0.0422179214656353 0.8872082233428955 0.03169160708785057 0.9046094417572021 0.03874663636088371 0.9003417491912842 0.04927295073866844
0 0.5497278571128845 0.541228175163269 0.559202253818512 0.5339703559875488 0.5703554749488831 0.5485297441482544 0.5608810782432556 0.5557875633239746
0 0.06696053594350815 0.6944409608840942 0.08231525868177414 0.6934601068496704 0.08295176178216934 0.7034246921539307 0.06759703904390335 0.7044055461883545
0 0.08960636705160141 0.7135440707206726 0.10491592437028885 0.7129327654838562 0.10530447214841843 0.7226644158363342 0.08999491482973099 0.7232757210731506
0 0.11498239636421204 0.7405309081077576 0.1299542635679245 0.7394971251487732 0.13064542412757874 0.7495072484016418 0.11567355692386627 0.7505410313606262
0 0.11646650731563568 0.756952702999115 0.1295882612466812 0.7525691390037537 0.13276852667331696 0.7620889544487 0.11964677274227142 0.7664725184440613
0 0.406838983297348 0.326585978269577 0.4160638749599457 0.31202957034111023 0.4260810911655426 0.318377822637558 0.41685619950294495 0.3329342305660248
1 0.900831401348114 0.6102428436279297 0.9197463393211365 0.5505063533782959 0.9411410689353943 0.5572807788848877 0.9222261309623718 0.6170172691345215
0 0.1429375857114792 0.4918179214000702 0.14522911608219147 0.48079708218574524 0.16373004019260406 0.4846439063549042 0.16143850982189178 0.4956647455692291
0 0.27451783418655396 0.5096206665039062 0.2854318618774414 0.5086759328842163 0.28658217191696167 0.5219641923904419 0.2756681442260742 0.5229089260101318
