0 0.5022085309028625 0.8211206197738647 0.5096150040626526 0.8111176490783691 0.5252240300178528 0.8226748704910278 0.5178175568580627 0.8326778411865234
0 0.06611701846122742 0.38531702756881714 0.07297220826148987 0.372127890586853 0.08337099850177765 0.3775327801704407 0.0765158087015152 0.3907219171524048
0 0.2785588800907135 0.5115564465522766 0.29491403698921204 0.5071408152580261 0.2984372675418854 0.5201906561851501 0.28208211064338684 0.5246062874794006
0 0.3265377879142761 0.627235472202301 0.34007418155670166 0.6181132197380066 0.3465067148208618 0.6276584267616272 0.3329703211784363 0.6367806792259216
0 0.3412548303604126 0.5724650621414185 0.3572033643722534 0.5688620805740356 0.3599863052368164 0.5811809301376343 0.3440377712249756 0.5847839117050171
0 0.45312929153442383 0.8126839399337769 0.45658522844314575 0.8013147115707397 0.47361600399017334 0.8064916133880615 0.4701600670814514 0.8178608417510986
0 0.30020418763160706 0.6058938503265381 0.30244240164756775 0.5947892665863037 0.31913474202156067 0.5981537103652954 0.3168965280056 0.6092582941055298
0 0.25571441650390625 0.6348460912704468 0.25868403911590576 0.624381422996521 0.2729935050010681 0.6284420490264893 0.2700238823890686 0.638906717300415
0 0.2603641152381897 0.572497546672821 0.27395039796829224 0.5638236403465271 0.2802079916000366 0.5736250281333923 0.2666217088699341 0.5822989344596863
0 0.14973068237304688 0.377055823802948 0.16443482041358948 0.3714115023612976 0.16847163438796997 0.3819279074668884 0.15376749634742737 0.3875722289085388
0 0.21032847464084625 0.5971108078956604 0.22554965317249298 0.5946399569511414 0.22729460895061493 0.6053895354270935 0.2120734304189682 0.6078603863716125
0 0.42168283462524414 0.8086496591567993 0.4320903420448303 0.804926872253418 0.4375588297843933 0.8202148675918579 0.42715132236480713 0.8239376544952393
0 0.25083455443382263 0.6639139652252197 0.26565447449684143 0.6582703590393066 0.2695453464984894 0.668487548828125 0.2547254264354706 0.6741311550140381
0 0.22659650444984436 0.5121986865997314 0.22958436608314514 0.5024735927581787 0.2428838014602661 0.5065596103668213 0.23989593982696533 0.516284704208374
