0 -0.014006059616804123 0.23011121153831482 -0.004677832126617432 0.21664825081825256 0.02263469062745571 0.23557257652282715 0.01330646313726902 0.2490355372428894
0 0.33815568685531616 0.056432560086250305 0.34107106924057007 0.04727162420749664 0.3528481125831604 0.051019564270973206 0.3499327301979065 0.06018050014972687
0 0.32540959119796753 0.06047314405441284 0.32812756299972534 0.051162563264369965 0.34019869565963745 0.054686374962329865 0.33748072385787964 0.06399695575237274
0 0.3330115079879761 0.04738088324666023 0.33448970317840576 0.03773744776844978 0.346885085105896 0.03963751718401909 0.3454068899154663 0.04928095266222954
0 0.03227818384766579 0.26586320996284485 0.03910520300269127 0.257169634103775 0.05208614841103554 0.26736345887184143 0.045259129256010056 0.27605703473091125
0 0.34419214725494385 0.04955931752920151 0.34435272216796875 0.03982890397310257 0.35707616806030273 0.04003889113664627 0.35691559314727783 0.04976930469274521
0 0.3440084755420685 0.04653557017445564 0.3442252576351166 0.0368596650660038 0.35686227679252625 0.03714277967810631 0.35664549469947815 0.04681868478655815
0 0.25671327114105225 0.18526820838451385 0.260936975479126 0.17613936960697174 0.27287203073501587 0.18166141211986542 0.26864832639694214 0.19079025089740753
0 0.3274680972099304 0.053594641387462616 0.3299318552017212 0.04414220154285431 0.34262657165527344 0.04745107144117355 0.34016281366348267 0.05690351128578186
0 0.3333885371685028 0.06195969134569168 0.33711329102516174 0.05314213037490845 0.34818628430366516 0.057819664478302 0.3444615304470062 0.06663722544908524
0 0.29946470260620117 0.07749131321907043 0.301344096660614 0.06777749955654144 0.3142669200897217 0.07027778029441833 0.31238752603530884 0.07999159395694733
0 0.3260752260684967 0.057272981852293015 0.3286829888820648 0.047904063016176224 0.3413598835468292 0.05143260583281517 0.3387521207332611 0.06080152466893196
0 -0.006681118160486221 0.2750900089740753 8.291006088256836e-05 0.2673717439174652 0.010631473734974861 0.2766161262989044 0.003867445047944784 0.2843343913555145
0 0.3551539182662964 0.04632822424173355 0.3571215271949768 0.036855123937129974 0.3690040707588196 0.03932318091392517 0.36703646183013916 0.04879628121852875
0 0.3366866707801819 0.06942196935415268 0.34259361028671265 0.06201288476586342 0.3515371084213257 0.0691431537270546 0.3456301689147949 0.07655224204063416
1 0.9449257850646973 0.7659047245979309 0.9633630514144897 0.7647572159767151 0.9660850763320923 0.8084928393363953 0.9476478099822998 0.8096403479576111
0 0.34826621413230896 0.059374433010816574 0.35199305415153503 0.050509992986917496 0.36282768845558167 0.055065128952264786 0.3591008484363556 0.06392957270145416
0 0.34567540884017944 0.061855498701334 0.34914249181747437 0.053021498024463654 0.3599964380264282 0.05728137865662575 0.3565293550491333 0.0661153793334961
0 0.3402509093284607 0.06551288068294525 0.3467905521392822 0.05879169702529907 0.35461854934692383 0.06640826165676117 0.3480789065361023 0.07312944531440735
