0 0.392219603061676 0.9196880459785461 0.4009708762168884 0.9116269946098328 0.413038432598114 0.9247278571128845 0.4042871594429016 0.9327889084815979
0 0.3105126619338989 0.5278139114379883 0.323439359664917 0.5143779516220093 0.33342456817626953 0.5239847898483276 0.32049787044525146 0.5374207496643066
1 0.28097379207611084 0.8735155463218689 0.2993319034576416 0.866206705570221 0.3169527053833008 0.9104661345481873 0.29859459400177 0.9177749752998352
1 0.19902661442756653 0.45512962341308594 0.21252316236495972 0.4459460973739624 0.23594290018081665 0.4803648591041565 0.22244635224342346 0.48954838514328003
1 0.036175645887851715 0.09998007863759995 0.043219514191150665 0.0910084918141365 0.06202991306781769 0.10577712208032608 0.05498604476451874 0.11474870890378952
0 0.08381190896034241 0.11206863820552826 0.09390664100646973 0.10869482159614563 0.09771907329559326 0.1201019138097763 0.08762434124946594 0.12347573041915894
0 0.09937738627195358 0.11441228538751602 0.1078183725476265 0.10768759995698929 0.11608084291219711 0.11805882304906845 0.1076398566365242 0.12478350847959518
0 0.10734790563583374 0.10933792591094971 0.1130741536617279 0.10112228989601135 0.12400391697883606 0.10874027013778687 0.1182776689529419 0.11695590615272522
0 0.10401792824268341 0.1193796768784523 0.11445868015289307 0.11651076376438141 0.11766958236694336 0.12819606065750122 0.1072288304567337 0.1310649812221527
0 0.0757666677236557 0.2639186680316925 0.08201555907726288 0.25295016169548035 0.0908249169588089 0.2579689919948578 0.08457602560520172 0.26893749833106995
0 0.144762322306633 0.22542564570903778 0.15898217260837555 0.22271724045276642 0.16078226268291473 0.2321682721376419 0.14656241238117218 0.23487667739391327
0 0.3669307231903076 0.507909893989563 0.3696712851524353 0.4977272152900696 0.3839341402053833 0.5015659332275391 0.3811935782432556 0.5117486119270325
