0 0.7862253189086914 0.010564060881733894 0.8060216903686523 0.006013737991452217 0.8162240982055664 0.05039944499731064 0.7964277267456055 0.054949767887592316
0 0.742907702922821 0.506646454334259 0.7541301846504211 0.4981549084186554 0.7685686945915222 0.51723712682724 0.7573462128639221 0.525728702545166
0 0.677549421787262 0.5144804120063782 0.6858076453208923 0.5013108849525452 0.7038865685462952 0.5126476883888245 0.6956283450126648 0.5258172154426575
0 0.5143324136734009 0.4965440630912781 0.5184544324874878 0.48571521043777466 0.5347534418106079 0.4919193983078003 0.530631422996521 0.5027482509613037
0 0.6281664967536926 0.544511079788208 0.6385007500648499 0.5363657474517822 0.6525298953056335 0.5541651248931885 0.6421956419944763 0.5623104572296143
0 0.5121042132377625 0.5178394317626953 0.5186297297477722 0.5068508386611938 0.5337396264076233 0.5158238410949707 0.5272141098976135 0.5268124341964722
0 0.5408821105957031 0.5279986262321472 0.5546964406967163 0.5235241055488586 0.5597997903823853 0.5392796397209167 0.5459854602813721 0.5437541604042053
0 0.5623286962509155 0.5424824953079224 0.571533203125 0.5345866680145264 0.5811355113983154 0.5457805395126343 0.571931004524231 0.5536763668060303
0 0.5630782842636108 0.5276876091957092 0.5719312429428101 0.520383894443512 0.5820118188858032 0.5326026082038879 0.573158860206604 0.5399063229560852
0 0.6008427143096924 0.5396956205368042 0.6109464168548584 0.530887246131897 0.6245648860931396 0.5465084314346313 0.6144611835479736 0.5553168058395386
0 0.6277105808258057 0.5165753960609436 0.6376055479049683 0.5081272721290588 0.6530985832214355 0.5262736678123474 0.643203616142273 0.5347217917442322
0 0.5494285821914673 0.5031195878982544 0.5649610757827759 0.501416802406311 0.5662225484848022 0.5129245519638062 0.5506900548934937 0.5146273374557495
0 0.5120108127593994 0.5432931780815125 0.5185383558273315 0.5341001152992249 0.5324809551239014 0.543999969959259 0.5259534120559692 0.5531930327415466
0 0.5339303612709045 0.501071572303772 0.5442604422569275 0.4988342523574829 0.5470826029777527 0.511864185333252 0.5367525219917297 0.514101505279541
0 0.513242781162262 0.47047221660614014 0.5183292031288147 0.4615072011947632 0.5307982563972473 0.4685816764831543 0.5257118344306946 0.47754669189453125
0 0.5248070955276489 0.4778366684913635 0.5308904647827148 0.46895766258239746 0.5440375804901123 0.4779653549194336 0.5379542112350464 0.48684436082839966
0 0.5390225052833557 0.4975309669971466 0.5475813746452332 0.4909883141517639 0.5556073784828186 0.5014877319335938 0.5470485091209412 0.5080304145812988
0 0.6321203112602234 0.4460355043411255 0.6492895483970642 0.444513738155365 0.650233805179596 0.45516669750213623 0.6330645680427551 0.45668846368789673
0 0.6476120352745056 0.4178733825683594 0.6564064621925354 0.40805584192276 0.6645672917366028 0.41536617279052734 0.655772864818573 0.4251837134361267
0 0.5178188681602478 0.47770848870277405 0.5283231139183044 0.4747401773929596 0.5314692854881287 0.4858737289905548 0.520965039730072 0.48884204030036926
0 0.17471441626548767 0.8174754977226257 0.19130045175552368 0.8148148655891418 0.19298529624938965 0.8253180384635925 0.17639926075935364 0.8279786705970764
0 0.17157495021820068 0.8425244688987732 0.1833251714706421 0.8350309729576111 0.18917131423950195 0.8441980481147766 0.17742109298706055 0.8516915440559387
0 0.22486057877540588 0.8128824234008789 0.239843487739563 0.8098043203353882 0.24190813302993774 0.8198539018630981 0.22692522406578064 0.8229320049285889
