0 0.38831913471221924 0.4530448913574219 0.43885135650634766 0.44483113288879395 0.44107896089553833 0.4585357904434204 0.3905467391014099 0.46674954891204834
0 0.7842789888381958 0.8267806768417358 0.791413426399231 0.8089532852172852 0.8057621717453003 0.8146955966949463 0.7986277341842651 0.832522988319397
1 0.2155802994966507 0.2624197006225586 0.33074355125427246 0.2564888000488281 0.3315771222114563 0.2726748585700989 0.21641385555267334 0.27860575914382935
1 0.3773047924041748 0.1963774561882019 0.3958510756492615 0.18239247798919678 0.44493210315704346 0.24748164415359497 0.4263858199119568 0.2614666223526001
1 0.4695707857608795 0.2244856059551239 0.4723905622959137 0.20542898774147034 0.5728230476379395 0.22028952836990356 0.5700032711029053 0.23934614658355713
1 0.6354888677597046 0.22402451932430267 0.64417564868927 0.21057255566120148 0.682984471321106 0.23563386499881744 0.6742976903915405 0.24908582866191864
1 0.49235299229621887 0.17908412218093872 0.4983964264392853 0.15558770298957825 0.6828033924102783 0.2030179798603058 0.6767599582672119 0.22651439905166626
1 0.6838498711585999 0.16691575944423676 0.6903887391090393 0.15221519768238068 0.8147173523902893 0.20751722157001495 0.8081784844398499 0.22221778333187103
1 0.9190735220909119 0.2491513043642044 0.9277734160423279 0.23313261568546295 1.036182165145874 0.29201072454452515 1.027482271194458 0.3080294132232666
1 0.7856634259223938 0.1686294674873352 0.8039564490318298 0.14159929752349854 0.9363105893135071 0.23117175698280334 0.918017566204071 0.25820192694664
1 0.8963943123817444 0.19150903820991516 0.8997750878334045 0.17506146430969238 0.9599115252494812 0.18742230534553528 0.956530749797821 0.20386987924575806
