0 0.8037772178649902 0.8552612662315369 0.8447574377059937 0.845027506351471 0.848340630531311 0.8593758940696716 0.8073604106903076 0.8696096539497375
0 0.9009312391281128 0.5499505996704102 0.9210758209228516 0.5485231876373291 0.9220045804977417 0.561630129814148 0.9018599987030029 0.563057541847229
0 0.9714250564575195 0.4884685277938843 0.9856127500534058 0.48456907272338867 0.9883410930633545 0.4944959878921509 0.9741533994674683 0.4983954429626465
0 0.985522985458374 0.4577259421348572 0.9965263605117798 0.4493740200996399 1.0027917623519897 0.45762842893600464 0.991788387298584 0.4659803509712219
0 0.9211338758468628 0.055734265595674515 0.9354459047317505 0.05323765054345131 0.9371826648712158 0.06319348514080048 0.9228706359863281 0.06569010019302368
0 0.9444807767868042 0.5058721899986267 0.9507633447647095 0.4967157244682312 0.9642822742462158 0.505991518497467 0.9579997062683105 0.5151479840278625
0 0.9454246163368225 0.08757751435041428 0.9465770125389099 0.07782173901796341 0.9601855874061584 0.07942917197942734 0.959033191204071 0.0891849473118782
0 0.8977928757667542 0.06182314455509186 0.9112405180931091 0.06026190519332886 0.9123947024345398 0.07020363211631775 0.8989470601081848 0.07176487147808075
0 0.9395917057991028 0.11385233700275421 0.9450847506523132 0.1050468385219574 0.9575528502464294 0.11282472312450409 0.952059805393219 0.1216302216053009
0 0.9097098708152771 0.06761770695447922 0.924218475818634 0.06596437841653824 0.9253657460212708 0.07603160291910172 0.9108571410179138 0.0776849314570427
0 0.9911317229270935 0.029566578567028046 1.0078274011611938 0.023023098707199097 1.01173734664917 0.03299945592880249 0.9950417280197144 0.03954293578863144
0 0.9865051507949829 0.07763700187206268 1.0010899305343628 0.0752267986536026 1.0027421712875366 0.08522480726242065 0.9881573915481567 0.08763501048088074
0 0.8985047936439514 0.09022095799446106 0.9036944508552551 0.08148892223834991 0.9150871634483337 0.08825977146625519 0.90989750623703 0.09699180722236633
0 0.9727118015289307 0.457353413105011 0.9851680994033813 0.4496266841888428 0.9906936883926392 0.45853447914123535 0.9782373905181885 0.46626120805740356
0 0.964789628982544 0.5123172402381897 0.9805277585983276 0.5080347657203674 0.9832308292388916 0.517968475818634 0.9674926996231079 0.5222509503364563
0 0.9607679843902588 0.450909286737442 0.974196195602417 0.44605782628059387 0.977749228477478 0.45589229464530945 0.9643210172653198 0.4607437551021576
0 0.8838845491409302 0.09966174513101578 0.8857594728469849 0.09007520228624344 0.8986091613769531 0.09258832782506943 0.8967342376708984 0.10217487066984177
0 0.9561834335327148 0.09302452951669693 0.9562547206878662 0.08287831395864487 0.9704223871231079 0.08297786861658096 0.9703510999679565 0.09312408417463303
0 0.9529643058776855 0.4812452495098114 0.9651477336883545 0.47430816292762756 0.9702197313308716 0.48321595788002014 0.9580363035202026 0.490153044462204
0 0.9498996734619141 0.10017383843660355 0.9499878883361816 0.09005820006132126 0.9648398160934448 0.09018764644861221 0.9647516012191772 0.1003032848238945
0 0.9152475595474243 0.04830746352672577 0.9270495176315308 0.04128539562225342 0.9322789907455444 0.05007455497980118 0.920477032661438 0.05709662288427353
0 0.8587234020233154 0.08626611530780792 0.8726806640625 0.08605688810348511 0.8728325366973877 0.09618715941905975 0.8588752746582031 0.09639638662338257
0 0.9086753726005554 0.4910985231399536 0.9232457280158997 0.4857175350189209 0.9268094897270203 0.49536722898483276 0.912239134311676 0.5007482171058655
0 0.9864552021026611 0.0956776812672615 0.9898710250854492 0.0861726626753807 1.0029916763305664 0.09088780730962753 0.9995758533477783 0.10039282590150833
0 0.8957849740982056 0.10676472634077072 0.8968852758407593 0.09697229415178299 0.9089022874832153 0.09832250326871872 0.9078019857406616 0.10811493545770645
0 0.9146683216094971 0.4798226058483124 0.9279385805130005 0.47166022658348083 0.9336506128311157 0.4809468686580658 0.9203803539276123 0.48910924792289734
0 0.9804603457450867 0.041893765330314636 0.9957652688026428 0.037600427865982056 0.9985825419425964 0.04764360189437866 0.9832776188850403 0.05193693935871124
0 0.8823435306549072 0.4768527150154114 0.8959529399871826 0.4693741202354431 0.9011059999465942 0.478751540184021 0.8874965906143188 0.48623013496398926
0 0.9602044820785522 0.08312578499317169 0.9604591131210327 0.07295083999633789 0.9750155210494995 0.07331518828868866 0.974760890007019 0.08349013328552246
0 0.8887513279914856 0.12004875391721725 0.8897473216056824 0.11020272225141525 0.9028326869010925 0.11152646690607071 0.9018366932868958 0.12137249857187271
0 0.888360857963562 0.49514803290367126 0.8959816694259644 0.4845336973667145 0.9043883085250854 0.49056944251060486 0.8967674970626831 0.5011837482452393
0 0.975771963596344 0.4982932507991791 0.9915854334831238 0.4977165162563324 0.9919624924659729 0.508057713508606 0.9761490225791931 0.5086344480514526
0 0.8316550254821777 0.48231178522109985 0.8418819904327393 0.475294828414917 0.8475241661071777 0.48351800441741943 0.8372972011566162 0.4905349612236023
0 0.9383399486541748 0.43561258912086487 0.952043890953064 0.43370720744132996 0.9534763097763062 0.4440098702907562 0.939772367477417 0.44591525197029114
0 0.9718111753463745 0.44338297843933105 0.985069990158081 0.4424505829811096 0.9857550859451294 0.4521934986114502 0.9724962711334229 0.45312589406967163
0 0.9732280969619751 0.4240575432777405 0.9736812114715576 0.4140879511833191 0.987906813621521 0.41473448276519775 0.9874536991119385 0.42470407485961914
0 0.8979972004890442 0.1007842868566513 0.8989807963371277 0.09124740958213806 0.9110733866691589 0.09249457716941833 0.9100897908210754 0.10203145444393158
0 0.9370590448379517 0.5412219762802124 0.9400149583816528 0.5307402610778809 0.9563051462173462 0.5353342294692993 0.953349232673645 0.5458159446716309
0 0.8506376147270203 0.4810326099395752 0.8598317503929138 0.4730088710784912 0.8663439154624939 0.4804709553718567 0.8571497797966003 0.4884946942329407
0 0.9771949052810669 0.5020281672477722 0.9781385660171509 0.4920695722103119 0.9919130802154541 0.4933748245239258 0.9909694194793701 0.5033334493637085
0 0.9241548180580139 0.03548334538936615 0.9247623085975647 0.02559707872569561 0.9393084645271301 0.026490934193134308 0.9387009739875793 0.0363771989941597
0 0.9931511282920837 0.43918415904045105 1.006537675857544 0.43575653433799744 1.0089001655578613 0.4449831545352936 0.9955136775970459 0.4484107792377472
0 0.9344435930252075 0.13523773849010468 0.9355236291885376 0.12584777176380157 0.9474241733551025 0.12721659243106842 0.9463441371917725 0.13660655915737152
0 0.8997941613197327 0.4527052938938141 0.9000713229179382 0.44276127219200134 0.9139423966407776 0.44314780831336975 0.913665235042572 0.4530918300151825
0 0.9631001353263855 0.11475009471178055 0.9637700915336609 0.10494466871023178 0.9769653677940369 0.10584617406129837 0.9762954115867615 0.11565160006284714
0 0.8806726336479187 0.07857348024845123 0.8934798836708069 0.0764140635728836 0.8951075673103333 0.08606748282909393 0.8823003172874451 0.08822689950466156
0 0.9462845325469971 0.10177810490131378 0.9567748308181763 0.09581182897090912 0.9615741968154907 0.10425038635730743 0.9510838985443115 0.1102166622877121
0 0.8561829328536987 0.49049270153045654 0.8699227571487427 0.4849112629890442 0.8737503290176392 0.49433350563049316 0.8600105047225952 0.4999149441719055
0 0.918113112449646 0.03374851495027542 0.9322291612625122 0.031877368688583374 0.9335100650787354 0.04154025763273239 0.9193940162658691 0.04341140389442444
0 0.8696066737174988 0.10197959095239639 0.8716763854026794 0.09226595610380173 0.8844358325004578 0.09498462826013565 0.8823661208152771 0.10469826310873032
0 0.923204779624939 0.129434734582901 0.9357613325119019 0.1269105076789856 0.9376348257064819 0.13622987270355225 0.925078272819519 0.13875409960746765
0 0.9200917482376099 0.13183088600635529 0.9204872846603394 0.12215133011341095 0.934306263923645 0.12271608412265778 0.9339107275009155 0.1323956400156021
0 0.861441969871521 0.10463038086891174 0.8656333684921265 0.09561198949813843 0.8775088787078857 0.10113126039505005 0.8733174800872803 0.11014965176582336
0 0.919715404510498 0.4655384421348572 0.9320704936981201 0.46365267038345337 0.933546781539917 0.4733251929283142 0.9211916923522949 0.475210964679718
0 0.8686208724975586 0.08537164330482483 0.8730021715164185 0.07689356803894043 0.883482813835144 0.08230966329574585 0.8791015148162842 0.09078773856163025
0 0.8473177552223206 0.5074722170829773 0.8593271374702454 0.5032232403755188 0.8625426888465881 0.5123115181922913 0.8505333065986633 0.5165604948997498
0 0.9060823321342468 0.46545732021331787 0.9149362444877625 0.4558188319206238 0.9224714636802673 0.4627407193183899 0.9136175513267517 0.472379207611084
0 0.8435877561569214 0.476606160402298 0.849284291267395 0.46643009781837463 0.8578222990036011 0.4712096154689789 0.8521257638931274 0.4813856780529022
0 0.8902856707572937 0.11213907599449158 0.8928527235984802 0.10296952724456787 0.90428227186203 0.10616922378540039 0.9017152190208435 0.1153387725353241
0 0.9188904762268066 0.14230647683143616 0.9230437278747559 0.13338524103164673 0.9342252016067505 0.13859078288078308 0.9300719499588013 0.1475120186805725
0 0.929153561592102 0.12822942435741425 0.9295294284820557 0.11865656077861786 0.9416379928588867 0.1191319078207016 0.9412621259689331 0.12870477139949799
0 0.9904070496559143 0.4694807529449463 1.00160813331604 0.4628932476043701 1.0067071914672852 0.47156351804733276 0.9955061674118042 0.47815102338790894
0 0.9367992877960205 0.1448909491300583 0.9371637105941772 0.1345163732767105 0.9498515129089355 0.1349620670080185 0.9494870901107788 0.14533664286136627
0 0.9559339284896851 0.1346689760684967 0.9683579206466675 0.1346689760684967 0.9683579206466675 0.1447540819644928 0.9559339284896851 0.1447540819644928
0 0.9620324969291687 0.14414110779762268 0.9624748826026917 0.13449129462242126 0.9757028222084045 0.13509774208068848 0.9752604365348816 0.1447475552558899
0 0.9535704255104065 0.12662088871002197 0.9549849629402161 0.11655998229980469 0.9681143164634705 0.11840593814849854 0.9666997790336609 0.12846684455871582
0 0.9627361297607422 0.12004800885915756 0.9757238626480103 0.11985375732183456 0.9758790731430054 0.1302303969860077 0.9628913402557373 0.1304246485233307
0 0.9660201072692871 0.13114403188228607 0.9766284227371216 0.12443190068006516 0.982079029083252 0.13304652273654938 0.9714707136154175 0.1397586464881897
0 0.9789827466011047 0.1346064805984497 0.9796851277351379 0.12481054663658142 0.9920757412910461 0.1256990134716034 0.9913733601570129 0.13549494743347168
0 0.987602710723877 0.12754443287849426 1.0015285015106201 0.12679564952850342 1.0021134614944458 0.13767486810684204 0.9881876707077026 0.13842365145683289
0 0.9074466228485107 0.15005522966384888 0.91895592212677 0.1469912827014923 0.921438455581665 0.15631666779518127 0.9099291563034058 0.15938061475753784
0 0.8322479724884033 0.4570699632167816 0.843919038772583 0.45485690236091614 0.846284031867981 0.46732887625694275 0.8346129655838013 0.4695419371128082
0 0.8877277374267578 0.4587080776691437 0.900846004486084 0.4496541917324066 0.907378077507019 0.4591185748577118 0.8942598104476929 0.46817246079444885
0 0.9303419589996338 0.4630831480026245 0.9421470165252686 0.4546915292739868 0.9484057426452637 0.46349620819091797 0.9366006851196289 0.47188782691955566
0 0.9286725521087646 0.42817339301109314 0.9426934719085693 0.42817339301109314 0.9426934719085693 0.43887272477149963 0.9286725521087646 0.43887272477149963
0 0.9385265707969666 0.42186078429222107 0.9548539519309998 0.4209294021129608 0.9555220007896423 0.4326399862766266 0.9391946196556091 0.43357136845588684
0 0.9886766672134399 0.4150398075580597 1.0028916597366333 0.4130007326602936 1.0043634176254272 0.4232608377933502 0.9901484251022339 0.42529991269111633
0 0.9810670614242554 0.4215047061443329 0.9952819347381592 0.41946545243263245 0.9967538118362427 0.4297255575656891 0.9825389385223389 0.4317648112773895
0 0.9805535674095154 0.40561622381210327 0.9947633147239685 0.4036129117012024 0.9962077736854553 0.4138585925102234 0.9819980263710022 0.41586190462112427
0 0.9899717569351196 0.3998732268810272 1.0041978359222412 0.39786770939826965 1.0056425333023071 0.4081156551837921 0.9914164543151855 0.4101211726665497
0 0.9668251872062683 0.42766207456588745 0.9810402989387512 0.42562299966812134 0.9825120568275452 0.435883104801178 0.9682969450950623 0.4379221796989441
0 0.9611558318138123 0.4356299042701721 0.9753723740577698 0.4335958957672119 0.976840078830719 0.4438541531562805 0.9626235365867615 0.4458881616592407
0 0.9925386905670166 0.42766207456588745 1.0067535638809204 0.42562294006347656 1.008225440979004 0.4358830451965332 0.9940105676651001 0.4379221796989441
0 0.966528594493866 0.47706055641174316 0.9678855538368225 0.4641939401626587 0.9789955019950867 0.46536558866500854 0.9776385426521301 0.478232204914093
0 0.9559530019760132 0.46559056639671326 0.9683023691177368 0.46512672305107117 0.9686648845672607 0.47477802634239197 0.9563155174255371 0.47524186968803406
0 0.9286218881607056 0.4504891037940979 0.9313361644744873 0.4417109489440918 0.9432495832443237 0.44539469480514526 0.940535306930542 0.45417284965515137
0 0.973986804485321 0.4353852868080139 0.9883667826652527 0.4350135326385498 0.9886143803596497 0.4445902109146118 0.974234402179718 0.4449619650840759
0 0.9792079329490662 0.4296266436576843 0.9946127533912659 0.4286482334136963 0.9952400326728821 0.43852514028549194 0.9798352122306824 0.43950355052948
0 0.9629921317100525 0.40999487042427063 0.9736949801445007 0.40198448300361633 0.9796151518821716 0.40989455580711365 0.9689123034477234 0.41790494322776794
0 0.9730303287506104 0.40175196528434753 0.9838672876358032 0.39594390988349915 0.9885443449020386 0.40467074513435364 0.9777073860168457 0.410478800535202
0 0.9860173463821411 0.39500606060028076 0.9986289739608765 0.3913872241973877 1.0013360977172852 0.40082138776779175 0.9887244701385498 0.4044402241706848
0 0.9732112884521484 0.3916773498058319 0.9864764213562012 0.3861580193042755 0.990269660949707 0.39527472853660583 0.9770045280456543 0.40079405903816223
0 0.8657692670822144 0.45999112725257874 0.8774391412734985 0.4571223556995392 0.8797509670257568 0.4665265381336212 0.8680810928344727 0.46939530968666077
