0 0.9262617230415344 0.37390950322151184 0.9270748496055603 0.35743585228919983 0.9400438666343689 0.35807594656944275 0.939230740070343 0.37454959750175476
0 0.8593321442604065 0.4303266406059265 0.8698658347129822 0.4248458743095398 0.8778812289237976 0.4402509331703186 0.8673475384712219 0.4457316994667053
0 0.9404518008232117 0.6072271466255188 0.9512943625450134 0.6028260588645935 0.9588392376899719 0.6214136481285095 0.9479966759681702 0.6258147358894348
0 0.8540569543838501 0.44556018710136414 0.8652408123016357 0.44310274720191956 0.8687771558761597 0.4591968357563019 0.857593297958374 0.46165427565574646
0 0.9155839681625366 0.527755856513977 0.9261126518249512 0.5248690843582153 0.9299412965774536 0.5388329029083252 0.9194126129150391 0.5417196750640869
0 0.8576996326446533 0.4722987413406372 0.8706983327865601 0.4706484079360962 0.872637152671814 0.4859187602996826 0.8596384525299072 0.48756909370422363
0 0.8347582817077637 0.36992788314819336 0.8445026874542236 0.3661687970161438 0.8491735458374023 0.3782767057418823 0.8394291400909424 0.3820357918739319
0 0.856900155544281 0.5377255082130432 0.8655932545661926 0.5317685008049011 0.8727694153785706 0.5422407984733582 0.8640763163566589 0.5481978058815002
0 0.8832765817642212 0.5870574116706848 0.890344500541687 0.5795775055885315 0.8997678756713867 0.5884817242622375 0.8926999568939209 0.5959616303443909
0 0.8732981085777283 0.5630720257759094 0.8746544718742371 0.5503752827644348 0.8851192593574524 0.551493227481842 0.8837628960609436 0.5641899704933167
0 0.7003775835037231 0.9501473307609558 0.7093065977096558 0.9419869780540466 0.7204961776733398 0.9542304873466492 0.7115671634674072 0.9623908400535583
