0 0.31534311175346375 0.9956777095794678 0.31796517968177795 0.985537052154541 0.3335127532482147 0.989557147026062 0.3308906853199005 0.9996978044509888
0 0.3398588299751282 1.0011378526687622 0.3421308994293213 0.9894552230834961 0.36168819665908813 0.9932587146759033 0.359416127204895 1.0049413442611694
0 0.29731059074401855 0.9944473505020142 0.3005279302597046 0.984596848487854 0.316429078578949 0.9897904396057129 0.31321173906326294 0.999640941619873
0 0.33303043246269226 0.9723981618881226 0.34763792157173157 0.9691920280456543 0.349818617105484 0.9791277647018433 0.3352111279964447 0.9823338985443115
0 0.2996610403060913 0.9781895279884338 0.30431675910949707 0.968798816204071 0.3186730146408081 0.97591632604599 0.31401729583740234 0.9853070378303528
0 0.29151251912117004 0.9656128883361816 0.2927376925945282 0.9552581310272217 0.3090690076351166 0.9571903944015503 0.3078438341617584 0.9675451517105103
0 0.3217828571796417 0.9683423638343811 0.3240772783756256 0.9587880969047546 0.33640560507774353 0.9617486596107483 0.33411118388175964 0.9713029265403748
0 0.4426286816596985 0.3681642413139343 0.44350236654281616 0.358301043510437 0.4567328691482544 0.35947299003601074 0.4558591842651367 0.36933618783950806
0 0.45370328426361084 0.3543248772621155 0.4663291573524475 0.3507530093193054 0.46903449296951294 0.36031585931777954 0.45640861988067627 0.3638877272605896
0 0.24353620409965515 0.9876165390014648 0.2577512562274933 0.9870445728302002 0.25816217064857483 0.9972567558288574 0.2439471185207367 0.9978287220001221
0 0.14155279099941254 0.5173919796943665 0.1541847139596939 0.5138927102088928 0.15680451691150665 0.523349940776825 0.14417259395122528 0.5268492102622986
0 0.13005773723125458 0.513690173625946 0.13176973164081573 0.5039837956428528 0.14434461295604706 0.5062018036842346 0.1426326185464859 0.5159081816673279
0 0.7351247072219849 0.16040493547916412 0.737558126449585 0.14919476211071014 0.7613472938537598 0.1543586701154709 0.7589138746261597 0.16556884348392487
0 0.67461758852005 0.04511622339487076 0.6778128743171692 0.03491094708442688 0.6929015517234802 0.0396353155374527 0.6897062659263611 0.049840591847896576
0 0.6773576140403748 0.12446800619363785 0.6805511116981506 0.11470648646354675 0.6946548819541931 0.11932053416967392 0.6914613842964172 0.12908205389976501
0 0.14179472625255585 0.5433019995689392 0.1544262021780014 0.5396904349327087 0.15716858208179474 0.549281895160675 0.14453710615634918 0.5528934597969055
0 0.1087384819984436 0.6383110284805298 0.10896164178848267 0.6282483339309692 0.12243764102458954 0.628547191619873 0.12221448123455048 0.6386098861694336
0 0.6445559859275818 0.10639285296201706 0.6480221152305603 0.09686889499425888 0.6610842347145081 0.10162264853715897 0.6576181054115295 0.11114660650491714
0 0.6562287211418152 0.09982790797948837 0.6592110991477966 0.09016808122396469 0.6731342673301697 0.09446678310632706 0.6701518893241882 0.10412660986185074
0 0.2473345696926117 0.9479219317436218 0.2499527633190155 0.937201201915741 0.2655034363269806 0.9409989714622498 0.2628852427005768 0.9517197012901306
0 0.15307702124118805 0.5714487433433533 0.15636517107486725 0.5616161227226257 0.1702050119638443 0.5662443041801453 0.1669168621301651 0.5760769248008728
0 0.7665614485740662 0.15120406448841095 0.7744596600532532 0.14463458955287933 0.7830806374549866 0.15499921143054962 0.7751824259757996 0.16156868636608124
0 0.7081813812255859 0.06561809033155441 0.7233957052230835 0.06522951275110245 0.7236571311950684 0.07546328753232956 0.7084428071975708 0.07585186511278152
0 0.3743971586227417 0.7735449075698853 0.38699501752853394 0.7716337442398071 0.3884797692298889 0.7814208269119263 0.3758819103240967 0.7833319902420044
0 0.26472270488739014 0.9643821120262146 0.2654014229774475 0.9536803364753723 0.28458166122436523 0.954896867275238 0.28390294313430786 0.9655986428260803
0 0.6731017231941223 0.13519994914531708 0.6748532652854919 0.1256411224603653 0.6875130534172058 0.12796087563037872 0.6857615113258362 0.1375197023153305
0 0.34394505620002747 0.4063073396682739 0.35175320506095886 0.39457404613494873 0.36068519949913025 0.4005180597305298 0.35287705063819885 0.412251353263855
0 0.5972036123275757 0.06321312487125397 0.5997283458709717 0.05391988903284073 0.6113831996917725 0.05708618462085724 0.6088584661483765 0.06637942045927048
0 0.6779900193214417 0.1642005890607834 0.6827221512794495 0.1549598127603531 0.6948807835578918 0.161186084151268 0.690148651599884 0.1704268604516983
0 0.4434037506580353 0.37324729561805725 0.45504114031791687 0.3714078366756439 0.4565028250217438 0.38065531849861145 0.4448654353618622 0.3824947774410248
0 0.11100279539823532 0.5770933032035828 0.12450375407934189 0.5748116374015808 0.12622418999671936 0.5849921107292175 0.11272323876619339 0.5872737765312195
0 0.38087841868400574 0.3956250548362732 0.3946216404438019 0.393241286277771 0.39637747406959534 0.4033641219139099 0.3826342523097992 0.4057478904724121
0 0.3129468560218811 0.40528151392936707 0.3268577456474304 0.4028688967227936 0.32900458574295044 0.4152473509311676 0.3150936961174011 0.4176599681377411
0 0.6552759408950806 0.3624572455883026 0.6561496257781982 0.3525940477848053 0.6693801879882812 0.35376599431037903 0.6685065031051636 0.36362919211387634
0 0.6231819987297058 0.08908172696828842 0.6383963227272034 0.08869310468435287 0.6386577486991882 0.09892687946557999 0.6234434247016907 0.09931550174951553
0 0.6134531497955322 0.01906905323266983 0.6286674737930298 0.018680468201637268 0.6289288997650146 0.02891423925757408 0.6137145757675171 0.029302824288606644
0 0.6167566180229187 0.11589723080396652 0.6319709420204163 0.11550859361886978 0.6322323679924011 0.1257423758506775 0.6170180439949036 0.12613102793693542
