0 0.38601091504096985 0.798776388168335 0.39887431263923645 0.7963464260101318 0.4006918966770172 0.8059679269790649 0.3878284990787506 0.8083978891372681
0 0.40769290924072266 0.8148849010467529 0.4088478088378906 0.8051140308380127 0.4225693345069885 0.8067358732223511 0.42141443490982056 0.8165067434310913
0 0.33121049404144287 0.8064233660697937 0.3326391577720642 0.7964709401130676 0.34707868099212646 0.7985437512397766 0.3456500172615051 0.8084961771965027
0 0.41724252700805664 0.8085826635360718 0.42007583379745483 0.7991381883621216 0.4322066307067871 0.8027774095535278 0.4293733239173889 0.812221884727478
0 0.3730151355266571 0.790532112121582 0.3871324956417084 0.7886217832565308 0.3885129988193512 0.7988237142562866 0.3743956387042999 0.8007340431213379
0 0.3589645326137543 0.8264947533607483 0.3610474169254303 0.816438615322113 0.375505656003952 0.8194332718849182 0.373422771692276 0.8294894099235535
0 0.40592384338378906 0.795927882194519 0.4078797698020935 0.7863645553588867 0.4212489724159241 0.789098858833313 0.41929304599761963 0.7986621856689453
0 0.2586219012737274 0.7933740019798279 0.27174726128578186 0.7911670804023743 0.2733894884586334 0.8009341359138489 0.260264128446579 0.8031410574913025
0 0.27175256609916687 0.8116065859794617 0.2745295464992523 0.8021110892295837 0.28721365332603455 0.805820643901825 0.2844366729259491 0.8153161406517029
0 0.3044763207435608 0.7939857840538025 0.30492281913757324 0.7836877703666687 0.32106053829193115 0.7843875288963318 0.3206140398979187 0.7946855425834656
0 0.17129868268966675 0.8048301339149475 0.17194688320159912 0.7948344349861145 0.18530943989753723 0.7957009673118591 0.18466123938560486 0.8056966662406921
0 0.3499092161655426 0.8070657253265381 0.3500026762485504 0.7970361709594727 0.36520251631736755 0.797177791595459 0.36510905623435974 0.8072073459625244
0 0.4270709753036499 0.8111933469772339 0.4301120638847351 0.8019914627075195 0.4424307346343994 0.8060625791549683 0.4393896460533142 0.8152644634246826
0 0.2947995364665985 0.7947164177894592 0.3082907497882843 0.793138325214386 0.30944374203681946 0.8029952645301819 0.29595252871513367 0.8045733571052551
0 0.452936053276062 0.827677309513092 0.45557934045791626 0.8186503052711487 0.4668945074081421 0.8219636082649231 0.46425122022628784 0.8309906125068665
0 0.3926352560520172 0.7993668913841248 0.3940044939517975 0.789671003818512 0.40734371542930603 0.7915547490119934 0.40597447752952576 0.8012506365776062
0 0.33017486333847046 0.7794616222381592 0.3424374461174011 0.7775123119354248 0.3439236283302307 0.7868616580963135 0.33166104555130005 0.7888109683990479
0 0.35487690567970276 0.8510175347328186 0.3562694489955902 0.8414821028709412 0.3687083423137665 0.843298614025116 0.36731579899787903 0.8528340458869934
0 0.4462663531303406 0.7896357774734497 0.446851909160614 0.7799466848373413 0.45978713035583496 0.7807284593582153 0.4592015743255615 0.7904175519943237
0 0.3598443269729614 0.7878525257110596 0.3733658194541931 0.7863967418670654 0.37441128492355347 0.796107292175293 0.3608897924423218 0.7975630760192871
0 0.31592920422554016 0.8248255848884583 0.32833871245384216 0.8234925866127014 0.3293670117855072 0.8330658078193665 0.3169575035572052 0.8343988060951233
0 0.2343561202287674 0.7935683727264404 0.2465640753507614 0.7911661863327026 0.24838046729564667 0.8003970384597778 0.23617251217365265 0.8027992248535156
0 0.4400504231452942 0.8314481377601624 0.44298815727233887 0.8222008347511292 0.4551522731781006 0.8260652422904968 0.4522145390510559 0.83531254529953
0 0.2790765166282654 0.7995418906211853 0.2813243865966797 0.7902633547782898 0.29395538568496704 0.7933233380317688 0.29170751571655273 0.8026018738746643
0 0.13933953642845154 0.6881276369094849 0.14068067073822021 0.6778711080551147 0.15802612900733948 0.6801391839981079 0.1566849946975708 0.690395712852478
0 0.3840174674987793 0.8203720450401306 0.38713812828063965 0.8111687302589417 0.39894819259643555 0.8151732087135315 0.3958275318145752 0.8243765234947205
0 0.3315409719944 0.816169798374176 0.3329695761203766 0.8062174916267395 0.34740903973579407 0.8082901835441589 0.3459804356098175 0.8182424902915955
0 0.30780521035194397 0.8475920557975769 0.30923381447792053 0.8376397490501404 0.32367321848869324 0.8397124409675598 0.3222446143627167 0.8496647477149963
0 0.08296790719032288 0.8176311254501343 0.08439652621746063 0.8076786994934082 0.09883596003055573 0.8097513914108276 0.09740734100341797 0.8197038173675537
0 0.08412417024374008 0.8090707659721375 0.08555278927087784 0.7991183400154114 0.09999222308397293 0.8011910319328308 0.09856360405683517 0.8111434578895569
0 0.08082065731287003 0.7947517037391663 0.0822492316365242 0.7847992777824402 0.09668868035078049 0.7868719696998596 0.09526010602712631 0.7968243956565857
0 0.04573731869459152 0.8031747341156006 0.04716593027114868 0.7932223081588745 0.06160534918308258 0.795295000076294 0.06017673760652542 0.80524742603302
0 0.058587972074747086 0.8087097406387329 0.06001659110188484 0.7987573146820068 0.07445602118968964 0.8008300065994263 0.07302740216255188 0.8107824325561523
