0 0.771626889705658 0.35343825817108154 0.7759076952934265 0.34240907430648804 0.7918016314506531 0.3485780954360962 0.7875208258628845 0.3596072793006897
0 0.8139490485191345 0.33445873856544495 0.8213919997215271 0.3255363404750824 0.8365023732185364 0.3381412923336029 0.8290594220161438 0.34706369042396545
0 0.7453622817993164 0.4243607223033905 0.7479442358016968 0.4130811393260956 0.7642977237701416 0.4168245494365692 0.7617157697677612 0.42810413241386414
0 0.823775589466095 0.41238701343536377 0.8287526965141296 0.3990923762321472 0.8467844128608704 0.4058429002761841 0.8418073058128357 0.41913753747940063
0 0.7729017734527588 0.30718737840652466 0.7768983840942383 0.2968263626098633 0.7906343936920166 0.30212491750717163 0.7866377830505371 0.312485933303833
0 0.8191605806350708 0.4538845419883728 0.8232836723327637 0.4433819055557251 0.8382923603057861 0.44927388429641724 0.8341692686080933 0.45977652072906494
0 0.6456247568130493 0.3624840974807739 0.6509226560592651 0.35352110862731934 0.6625179052352905 0.3603748679161072 0.6572200059890747 0.36933785676956177
0 0.7518616914749146 0.45315244793891907 0.7568074464797974 0.44407030940055847 0.7683324813842773 0.4503463804721832 0.7633867263793945 0.4594285190105438
0 0.7834197878837585 0.4996512532234192 0.7897266745567322 0.4909711182117462 0.8010217547416687 0.4991779327392578 0.7947148680686951 0.5078580379486084
0 0.6302276253700256 0.28996002674102783 0.6364296078681946 0.2812032103538513 0.6478260159492493 0.28927475214004517 0.6416240334510803 0.2980315685272217
0 0.7457547187805176 0.3800596296787262 0.7506242990493774 0.36946359276771545 0.7666382789611816 0.3768230378627777 0.7617686986923218 0.38741907477378845
0 0.6304334402084351 0.43540170788764954 0.6310557126998901 0.4247983992099762 0.6445889472961426 0.4255926311016083 0.6439666748046875 0.4361959397792816
0 0.6438149213790894 0.4636806547641754 0.6443134546279907 0.45307227969169617 0.6586467027664185 0.4537458121776581 0.6581481695175171 0.46435418725013733
0 0.6926432847976685 0.35037344694137573 0.6962082386016846 0.3404462933540344 0.7099261283874512 0.3453725576400757 0.7063611745834351 0.355299711227417
0 0.710570216178894 0.4710753858089447 0.7106794118881226 0.460681289434433 0.7235260009765625 0.46081629395484924 0.723416805267334 0.47121039032936096
0 0.72574782371521 0.5000078678131104 0.7376714944839478 0.49951717257499695 0.7380863428115845 0.5095982551574707 0.7261626720428467 0.5100889205932617
0 0.6894959211349487 0.43092820048332214 0.6897741556167603 0.42031392455101013 0.703235387802124 0.4206668436527252 0.7029571533203125 0.43128111958503723
0 0.6913314461708069 0.458791583776474 0.6919974684715271 0.44851985573768616 0.7045357823371887 0.4493328630924225 0.7038697600364685 0.4596045911312103
0 0.6729271411895752 0.21199966967105865 0.674949049949646 0.20188303291797638 0.6879076957702637 0.20447294414043427 0.6858857870101929 0.21458958089351654
0 0.7099608778953552 0.5121460556983948 0.7123084664344788 0.5018957257270813 0.7251914143562317 0.5048462748527527 0.7228438258171082 0.5150966048240662
0 0.6010922193527222 0.33895155787467957 0.602288007736206 0.32876870036125183 0.6146426200866699 0.3302195370197296 0.613446831703186 0.34040239453315735
0 0.6609665155410767 0.2433115392923355 0.6645057201385498 0.2339225560426712 0.6765894889831543 0.23847757279872894 0.6730502843856812 0.24786655604839325
0 0.7799873352050781 0.5403786897659302 0.7806661128997803 0.5307015180587769 0.7917842864990234 0.5314813852310181 0.7911055088043213 0.5411585569381714
0 0.982569694519043 0.9079394340515137 0.9873907566070557 0.898276686668396 0.9992638826370239 0.904200553894043 0.9944428205490112 0.9138633012771606
0 0.885149359703064 0.5878269076347351 0.8976278305053711 0.5877134203910828 0.897723913192749 0.5982876420021057 0.8852454423904419 0.5984011292457581
0 0.5903186202049255 0.3142962157726288 0.5942458510398865 0.30417290329933167 0.6063398718833923 0.30886462330818176 0.6024126410484314 0.3189879357814789
0 0.5620855093002319 0.3696107566356659 0.5744794607162476 0.3696107566356659 0.5744794607162476 0.380608469247818 0.5620855093002319 0.380608469247818
0 0.6704990267753601 0.44212761521339417 0.6750162243843079 0.43273428082466125 0.6862890124320984 0.43815532326698303 0.6817718148231506 0.44754865765571594
0 0.7466984391212463 0.5226281881332397 0.748493492603302 0.5120699405670166 0.7603711485862732 0.5140892267227173 0.7585760951042175 0.5246474742889404
0 0.6314131617546082 0.1614048182964325 0.6364533305168152 0.15220233798027039 0.6482731699943542 0.15867602825164795 0.6432330012321472 0.16787850856781006
0 0.6296520829200745 0.2101926952600479 0.6354370713233948 0.2021794468164444 0.6449814438819885 0.20906983315944672 0.6391964554786682 0.21708308160305023
