0 0.011045562103390694 0.8315044045448303 0.011070312932133675 0.82100909948349 0.024188628420233727 0.8210400938987732 0.024163877591490746 0.8315353989601135
0 0.4728337526321411 0.3560310900211334 0.4735034704208374 0.3457890450954437 0.48645806312561035 0.3466361463069916 0.48578834533691406 0.3568781912326813
0 0.07565093040466309 0.6638703942298889 0.07694225013256073 0.6536106467247009 0.08995036780834198 0.6552478671073914 0.08865904808044434 0.6655076146125793
0 0.10795682668685913 0.8195744156837463 0.10996353626251221 0.8094413876533508 0.12285704910755157 0.811994731426239 0.1208503395318985 0.8221277594566345
0 0.11585025489330292 0.7619629502296448 0.11823421716690063 0.752357542514801 0.13099564611911774 0.7555248141288757 0.12861168384552002 0.7651302218437195
0 0.11520484834909439 0.5606322884559631 0.13115379214286804 0.56021648645401 0.13145631551742554 0.5718199610710144 0.11550736427307129 0.5722357630729675
0 0.012680422514677048 0.7918044924736023 0.01295921579003334 0.7821858525276184 0.024641841650009155 0.7825245261192322 0.024363048374652863 0.7921431660652161
0 0.01571238972246647 0.7646030783653259 0.018258603289723396 0.755424439907074 0.029124585911631584 0.758438766002655 0.026578372344374657 0.767617404460907
0 0.01667293906211853 0.7314660549163818 0.027861393988132477 0.731342077255249 0.027967505156993866 0.7409135103225708 0.01677905023097992 0.7410374879837036
0 -0.0060906847938895226 0.7806046605110168 -0.005610302090644836 0.7708303332328796 0.006000971421599388 0.7714009881019592 0.005520588718354702 0.7811753153800964
0 0.0078129842877388 0.7780777215957642 0.008231036365032196 0.7686879634857178 0.019126109778881073 0.7691730260848999 0.018708057701587677 0.7785627841949463
0 0.03674306347966194 0.8036565184593201 0.0377468578517437 0.794102132320404 0.04884226247668266 0.7952678799629211 0.047838468104600906 0.8048222661018372
0 0.07431764900684357 0.8129705190658569 0.07477128505706787 0.8032823801040649 0.08710755407810211 0.803860068321228 0.08665391802787781 0.81354820728302
