0 0.6666318774223328 0.6979090571403503 0.7271282076835632 0.6719018816947937 0.7338312268257141 0.6874939799308777 0.6733348965644836 0.7135011553764343
0 0.7418656349182129 0.42518123984336853 0.7562568187713623 0.41364720463752747 0.7646698951721191 0.42414435744285583 0.7502787113189697 0.4356783926486969
0 0.38215747475624084 0.37875795364379883 0.3918484151363373 0.36734265089035034 0.4002738893032074 0.37449538707733154 0.39058294892311096 0.38591068983078003
0 0.6413089632987976 0.36761629581451416 0.652906596660614 0.3587343692779541 0.6594803929328918 0.36731815338134766 0.6478827595710754 0.3762000799179077
0 0.8242770433425903 0.5263592004776001 0.839842677116394 0.5155868530273438 0.8465794324874878 0.5253212451934814 0.8310137987136841 0.5360935926437378
0 0.45105305314064026 0.3921884298324585 0.4629400670528412 0.3831782937049866 0.4693702757358551 0.3916616439819336 0.4574832618236542 0.4006717801094055
0 0.8170261383056641 0.4310903251171112 0.8340816497802734 0.4251377284526825 0.8377509117126465 0.435651034116745 0.8206954002380371 0.4416036307811737
0 0.41582074761390686 0.38750022649765015 0.4256414473056793 0.3775905966758728 0.4334523379802704 0.385331392288208 0.4236316382884979 0.39524102210998535
0 0.4195282459259033 0.3698415756225586 0.43164902925491333 0.3619985580444336 0.43738728761672974 0.3708665370941162 0.4252665042877197 0.3787095546722412
0 0.4360642731189728 0.37602677941322327 0.4501208961009979 0.373167484998703 0.4522677958011627 0.38372209668159485 0.4382111728191376 0.3865813910961151
0 0.44559475779533386 0.36826634407043457 0.45727255940437317 0.35898953676223755 0.46421387791633606 0.3677273988723755 0.45253607630729675 0.3770042061805725
0 0.42967572808265686 0.33789414167404175 0.44027480483055115 0.3302214741706848 0.4465492069721222 0.3388890027999878 0.4359501302242279 0.3465616703033447
0 0.3843057453632355 0.37111005187034607 0.3846990168094635 0.3599976599216461 0.3995431959629059 0.3605230152606964 0.39914992451667786 0.37163540720939636
0 0.48579633235931396 0.384529709815979 0.4988560676574707 0.378942608833313 0.5028797388076782 0.3883478045463562 0.4898200035095215 0.3939349055290222
0 0.4673673212528229 0.3845548927783966 0.46766898036003113 0.3742871582508087 0.4812886416912079 0.3746872842311859 0.48098698258399963 0.3849550187587738
0 0.492119699716568 0.358337938785553 0.49941736459732056 0.34746408462524414 0.5079792737960815 0.35321009159088135 0.5006815791130066 0.3640839457511902
0 0.4768419563770294 0.3447767496109009 0.4866105020046234 0.3362653851509094 0.49361661076545715 0.3443062901496887 0.48384806513786316 0.3528176546096802
0 0.49486392736434937 0.3390659689903259 0.5038943886756897 0.3287171721458435 0.5125189423561096 0.3362430930137634 0.5034884810447693 0.34659188985824585
0 0.465670108795166 0.3318018615245819 0.4778268337249756 0.32702144980430603 0.48156821727752686 0.33653584122657776 0.4694114923477173 0.34131625294685364
0 0.4596776068210602 0.34261390566825867 0.46854153275489807 0.3327893912792206 0.4763171374797821 0.3398047387599945 0.4674532115459442 0.3496292531490326
0 0.4824533462524414 0.32313206791877747 0.495303213596344 0.3169640600681305 0.49970489740371704 0.3261341154575348 0.48685503005981445 0.33230212330818176
0 0.5034192800521851 0.3234242796897888 0.5154719352722168 0.3177247643470764 0.5197533369064331 0.32677847146987915 0.5077006816864014 0.33247798681259155
0 0.482383131980896 0.27777862548828125 0.4937136173248291 0.27329039573669434 0.4972168207168579 0.28213411569595337 0.4858863353729248 0.2866223454475403
0 0.47753021121025085 0.2813459038734436 0.48943760991096497 0.2774845361709595 0.4925372898578644 0.28704309463500977 0.48062989115715027 0.2909044623374939
0 0.4807206988334656 0.289703369140625 0.49190306663513184 0.2842947244644165 0.49614179134368896 0.29305827617645264 0.4849594235420227 0.29846692085266113
0 0.4777524769306183 0.2983422875404358 0.48942622542381287 0.29508453607559204 0.4920378625392914 0.3044429421424866 0.4803641140460968 0.3077006936073303
0 0.4724352955818176 0.30613380670547485 0.48787176609039307 0.3030831217765808 0.48990845680236816 0.3133889436721802 0.4744719862937927 0.3164396286010742
0 0.47048401832580566 0.31858500838279724 0.4825707674026489 0.31143251061439514 0.4877369999885559 0.32016268372535706 0.47565025091171265 0.32731518149375916
0 0.4848623275756836 0.3156684935092926 0.4945359230041504 0.30601146817207336 0.502070426940918 0.3135588467121124 0.49239683151245117 0.32321587204933167
0 0.5092284083366394 0.28271588683128357 0.5191218256950378 0.2776425778865814 0.5258068442344666 0.29067882895469666 0.5159134268760681 0.2957521378993988
0 0.5294104814529419 0.29468676447868347 0.5400322675704956 0.28652462363243103 0.5464272499084473 0.29484668374061584 0.5358054637908936 0.3030088245868683
0 0.5467888116836548 0.3204542398452759 0.5599387884140015 0.317782461643219 0.5618833303451538 0.32735317945480347 0.5487333536148071 0.33002495765686035
0 0.607506275177002 0.37908756732940674 0.6233659982681274 0.37764203548431396 0.6242737770080566 0.38760197162628174 0.6084140539169312 0.3890475034713745
0 0.6405342817306519 0.4217553734779358 0.6555520296096802 0.4200233221054077 0.6567189693450928 0.4301415681838989 0.6417012214660645 0.431873619556427
0 0.7066962122917175 0.38814303278923035 0.712620198726654 0.37649086117744446 0.7228553891181946 0.38169440627098083 0.7169314026832581 0.3933465778827667
0 0.6639662384986877 0.46539565920829773 0.6823747754096985 0.45304855704307556 0.6886081099510193 0.46234187483787537 0.6701995730400085 0.47468897700309753
