0 0.6855565309524536 0.03322027623653412 0.6978403329849243 0.028343215584754944 0.704404354095459 0.04487600177526474 0.6921205520629883 0.049753062427043915
0 0.7066909670829773 0.016721248626708984 0.7142353653907776 0.007738888263702393 0.7274592518806458 0.018845833837985992 0.7199148535728455 0.027828194200992584
0 0.6643064022064209 3.886222839355469e-05 0.6774970293045044 -0.003349915612488985 0.6819422245025635 0.013952884823083878 0.66875159740448 0.01734166219830513
0 0.6164299845695496 0.021428778767585754 0.6193705201148987 0.009942145086824894 0.6351799368858337 0.013989254832267761 0.6322394013404846 0.025475889444351196
0 0.7293767333030701 0.26217955350875854 0.7398117184638977 0.25671714544296265 0.7481340765953064 0.27261561155319214 0.7376990914344788 0.27807801961898804
0 0.7660068273544312 0.2295379489660263 0.776748538017273 0.22718115150928497 0.7798199653625488 0.24118004739284515 0.769078254699707 0.2435368448495865
0 0.6915687322616577 0.0039361086674034595 0.7010780572891235 -0.0021839733235538006 0.7094823122024536 0.010874511674046516 0.6999729871749878 0.016994593665003777
0 0.634181797504425 0.005226936656981707 0.641140878200531 -0.002904266119003296 0.6513927578926086 0.005869801621884108 0.6444336771965027 0.01400100439786911
0 0.7491180300712585 0.24743488430976868 0.7605414986610413 0.2448989450931549 0.7642402052879333 0.2615602910518646 0.7528167366981506 0.2640962302684784
0 0.7343364953994751 0.22818103432655334 0.744709849357605 0.22203391790390015 0.7534487247467041 0.2367810308933258 0.7430753707885742 0.242928147315979
0 0.7053826451301575 0.19485703110694885 0.7141829133033752 0.18885448575019836 0.7222303748130798 0.20065274834632874 0.7134301066398621 0.20665529370307922
0 0.6943026781082153 0.22220772504806519 0.7055513858795166 0.2191011607646942 0.7099169492721558 0.23490864038467407 0.6986682415008545 0.23801520466804504
0 0.6990166306495667 0.20934711396694183 0.7061975598335266 0.20196960866451263 0.7156419157981873 0.21116237342357635 0.7084609866142273 0.21853987872600555
0 0.7610613107681274 0.1933184713125229 0.770539402961731 0.19072164595127106 0.7737982273101807 0.2026156336069107 0.7643201351165771 0.20521245896816254
0 0.7236872315406799 0.19142624735832214 0.7337718605995178 0.19139811396598816 0.7338064312934875 0.20378413796424866 0.7237218022346497 0.20381227135658264
0 0.6481447815895081 0.04721219837665558 0.6578232645988464 0.04089704155921936 0.6661818623542786 0.05370724946260452 0.6565033793449402 0.06002240628004074
0 0.04476918280124664 0.21296001970767975 0.052763089537620544 0.20658816397190094 0.060694463551044464 0.21653859317302704 0.05270055681467056 0.22291044890880585
0 0.6797204613685608 0.24397149682044983 0.693983256816864 0.2432277500629425 0.6945502161979675 0.25409963726997375 0.6802874207496643 0.2548433840274811
0 0.6582478284835815 0.029846610501408577 0.6672447919845581 0.022812040522694588 0.6771607398986816 0.03549417853355408 0.6681637763977051 0.042528748512268066
0 0.7490236163139343 0.21323665976524353 0.7518748641014099 0.19884714484214783 0.762596070766449 0.2009715437889099 0.7597448229789734 0.21536105871200562
0 0.759096086025238 0.19400903582572937 0.7686478495597839 0.1911514699459076 0.7721584439277649 0.2028859555721283 0.762606680393219 0.20574352145195007
0 0.5656266212463379 0.00019233021885156631 0.5748951435089111 -0.005700498819351196 0.5829585790634155 0.006982048973441124 0.5736900568008423 0.012874878011643887
0 0.6917746663093567 0.19083675742149353 0.7013099789619446 0.1888236403465271 0.7037873864173889 0.20055800676345825 0.694252073764801 0.20257112383842468
0 0.5884466171264648 0.03126063942909241 0.5951560735702515 0.02268996648490429 0.6061697006225586 0.031311891973018646 0.599460244178772 0.039882563054561615
1 0.5604434013366699 0.47950097918510437 0.603142499923706 0.43804213404655457 0.6201951503753662 0.45560500025749207 0.5774960517883301 0.49706384539604187
0 0.6742530465126038 0.3225141763687134 0.682736337184906 0.31585901975631714 0.6913666129112244 0.3268600106239319 0.6828833222389221 0.3335151672363281
0 0.7229763865470886 0.25195422768592834 0.7253081202507019 0.23537051677703857 0.739340603351593 0.23734349012374878 0.7370088696479797 0.25392720103263855
0 0.752438485622406 0.23576168715953827 0.7618797421455383 0.23195330798625946 0.7674300074577332 0.24571268260478973 0.7579887509346008 0.24952106177806854
0 0.7752324938774109 0.20363399386405945 0.7768325209617615 0.19231685996055603 0.7883742451667786 0.1939486563205719 0.786774218082428 0.20526579022407532
0 0.7805463075637817 0.241666778922081 0.7904915809631348 0.23818455636501312 0.794550895690918 0.2497778683900833 0.7846056222915649 0.25326007604599
0 0.7594781517982483 0.2694573998451233 0.7693436741828918 0.26392507553100586 0.7759018540382385 0.2756199240684509 0.766036331653595 0.28115224838256836
0 0.4623005986213684 0.013748837634921074 0.4701233506202698 0.0054084802977740765 0.479702889919281 0.014393525198101997 0.47188013792037964 0.022733882069587708
0 0.48247742652893066 0.02772803232073784 0.48660504817962646 0.01694616675376892 0.4996122121810913 0.0219256728887558 0.4954845905303955 0.032707538455724716
0 0.49152782559394836 0.048311106860637665 0.5019010305404663 0.04622248560190201 0.5044225454330444 0.058745384216308594 0.4940493106842041 0.06083400547504425
0 0.516628086566925 0.017995860427618027 0.5179843306541443 0.006959498859941959 0.5311235785484314 0.008574198931455612 0.5297673344612122 0.019610561430454254
0 0.6222594976425171 0.044501893222332 0.6301077604293823 0.036594927310943604 0.639603853225708 0.0460205152630806 0.6317555904388428 0.053927481174468994
0 0.7314836382865906 0.039022237062454224 0.7325219511985779 0.02412654645740986 0.7440980076789856 0.024933472275733948 0.7430596947669983 0.03982916474342346
0 0.7422869205474854 0.03453248366713524 0.7466256618499756 0.022168846800923347 0.7563456296920776 0.025579851120710373 0.7520068883895874 0.03794348984956741
0 0.7346758842468262 0.017728548496961594 0.7412176132202148 0.005587934982031584 0.7505906820297241 0.010638415813446045 0.7440489530563354 0.022779028862714767
0 0.7520634531974792 0.010904692113399506 0.7573530077934265 -0.0010214447975158691 0.7670944333076477 0.0032991506159305573 0.7618048787117004 0.015225287526845932
0 0.7139490246772766 0.17952100932598114 0.7237280011177063 0.1793595403432846 0.7239205241203308 0.19101934134960175 0.7141415476799011 0.19118081033229828
0 0.23108834028244019 0.35179388523101807 0.23898068070411682 0.3440311551094055 0.24892756342887878 0.3541440963745117 0.24103522300720215 0.36190682649612427
