0 0.5933669209480286 0.8157854676246643 0.6193327307701111 0.8115100264549255 0.6214420199394226 0.824320375919342 0.5954762101173401 0.8285958170890808
0 0.5682528018951416 0.6373129487037659 0.5930494070053101 0.6257616877555847 0.5983984470367432 0.6372442841529846 0.5736018419265747 0.6487955451011658
0 0.7938140630722046 0.9103795886039734 0.8340162038803101 0.9027841687202454 0.8365317583084106 0.9160990118980408 0.7963296175003052 0.9236944317817688
0 0.4852122366428375 0.2935006320476532 0.5229421257972717 0.29256317019462585 0.5232763290405273 0.30601200461387634 0.48554641008377075 0.3069494664669037
0 0.6692713499069214 0.8924555778503418 0.6853810548782349 0.8838558197021484 0.6914969682693481 0.8953125476837158 0.6753872632980347 0.9039123058319092
0 0.6682519316673279 0.9139602780342102 0.6984992623329163 0.906850278377533 0.7013354897499084 0.9189159274101257 0.6710881590843201 0.926025927066803
0 0.7169357538223267 0.9471491575241089 0.7176190614700317 0.9347851276397705 0.7463228702545166 0.9363713264465332 0.7456395626068115 0.9487353563308716
0 0.7002091407775879 0.9714014530181885 0.725007176399231 0.9630464315414429 0.7288500070571899 0.974452018737793 0.7040519714355469 0.9828070402145386
0 0.5237123966217041 0.6540530920028687 0.548017144203186 0.6501485109329224 0.5501673221588135 0.6635326147079468 0.5258625745773315 0.6674371957778931
0 0.6447903513908386 0.9287154078483582 0.6679849028587341 0.9260404706001282 0.6693194508552551 0.9376128315925598 0.6461248993873596 0.9402877688407898
0 0.5312265157699585 0.5545597076416016 0.5356737375259399 0.5431610345840454 0.5602233409881592 0.552739143371582 0.5557761192321777 0.5641378164291382
0 0.48671889305114746 0.6219227910041809 0.5058212876319885 0.6172011494636536 0.508955180644989 0.6298803687095642 0.48985278606414795 0.6346020102500916
0 0.5842063426971436 0.7549342513084412 0.608365535736084 0.7495147585868835 0.6109484434127808 0.7610285878181458 0.5867892503738403 0.7664480805397034
0 0.5733263492584229 0.786874532699585 0.5977139472961426 0.786874532699585 0.5977139472961426 0.7992501258850098 0.5733263492584229 0.7992501258850098
0 0.6271021962165833 0.7478927373886108 0.653032124042511 0.7418709993362427 0.6557596325874329 0.7536154985427856 0.6298297047615051 0.7596372365951538
0 0.6377716660499573 0.9138794541358948 0.6573566794395447 0.9055792689323425 0.6619169116020203 0.9163396954536438 0.6423318982124329 0.924639880657196
0 0.5460540652275085 0.701826810836792 0.5461097359657288 0.6896332502365112 0.5712470412254333 0.6897480487823486 0.5711913704872131 0.7019416093826294
0 0.5636472702026367 0.714879035949707 0.5872381925582886 0.7137089967727661 0.5878193378448486 0.7254263162612915 0.5642284154891968 0.7265963554382324
0 0.6666016578674316 0.9513900279998779 0.6678287982940674 0.9399999380111694 0.687414288520813 0.9421100616455078 0.6861871480941772 0.9535001516342163
0 0.6859856843948364 0.8631821274757385 0.7063764333724976 0.8571917414665222 0.7095847129821777 0.8681123852729797 0.6891939640045166 0.874102771282196
0 0.44443976879119873 0.5410544872283936 0.44564443826675415 0.5281515121459961 0.4593539834022522 0.5294314622879028 0.4581493139266968 0.5423344373703003
0 0.5634123682975769 0.8415659070014954 0.5788320899009705 0.8383640646934509 0.5809934735298157 0.8487733006477356 0.5655737519264221 0.85197514295578
0 0.4458717703819275 0.232156902551651 0.46413880586624146 0.230475515127182 0.4651736617088318 0.24171844124794006 0.4469066262245178 0.24339982867240906
0 0.5045879483222961 0.7406521439552307 0.5178173184394836 0.7363901734352112 0.5210005640983582 0.7462709546089172 0.5077711939811707 0.7505329251289368
0 0.5541938543319702 0.739134669303894 0.5757735967636108 0.7352149486541748 0.577834963798523 0.7465636730194092 0.5562552213668823 0.7504833936691284
0 0.4927945137023926 0.7170140147209167 0.5053064823150635 0.7151525616645813 0.5067797303199768 0.7250552773475647 0.4942677617073059 0.7269167304039001
0 0.5777166485786438 0.775740921497345 0.5934727787971497 0.772570788860321 0.5955865979194641 0.7830767035484314 0.5798304677009583 0.7862468361854553
0 0.6386370658874512 0.8131608963012695 0.6541703939437866 0.8094600439071655 0.6566895246505737 0.8200334310531616 0.6411561965942383 0.8237342834472656
0 0.508829653263092 0.698646068572998 0.5097485184669495 0.6880393028259277 0.5235576033592224 0.6892356872558594 0.522638738155365 0.6998424530029297
0 0.551190972328186 0.8011444807052612 0.568135142326355 0.7982157468795776 0.5699604749679565 0.8087761402130127 0.5530163049697876 0.8117048740386963
0 0.4789355993270874 0.706969678401947 0.4943007230758667 0.7031449675559998 0.4967882037162781 0.7131379246711731 0.4814230799674988 0.7169626355171204
0 0.6448977589607239 0.8470767140388489 0.6449444890022278 0.8368996977806091 0.6579532027244568 0.8369594216346741 0.6579064726829529 0.8471364378929138
0 0.49282020330429077 0.7115116119384766 0.5053554177284241 0.7094571590423584 0.5069950222969055 0.7194610834121704 0.4944598078727722 0.7215155363082886
0 0.6161136627197266 0.9351500272750854 0.6282923221588135 0.9290486574172974 0.6329090595245361 0.9382638931274414 0.6207304000854492 0.9443652629852295
0 0.578671932220459 0.858830988407135 0.5922707319259644 0.8585330843925476 0.5924910306930542 0.868589460849762 0.5788922309875488 0.8688873648643494
0 0.5092586278915405 0.751544177532196 0.5214661359786987 0.747100293636322 0.524908185005188 0.7565556168556213 0.5127006769180298 0.7609995007514954
0 0.507857084274292 0.69476318359375 0.519717812538147 0.68995201587677 0.5237627029418945 0.6999237537384033 0.5119019746780396 0.7047349214553833
1 0.5930014848709106 0.6204950213432312 0.6098281145095825 0.6143880486488342 0.6266466379165649 0.6607287526130676 0.6098200082778931 0.6668357253074646
0 0.5884900093078613 0.6989619135856628 0.6089520454406738 0.6970399022102356 0.6099758148193359 0.7079393267631531 0.5895137786865234 0.7098613381385803
1 0.707017183303833 0.8186971545219421 0.7415955066680908 0.8002902865409851 0.748297929763794 0.8128811717033386 0.7137196063995361 0.8312880396842957
0 0.6209374666213989 0.8749936819076538 0.6368726491928101 0.8746505975723267 0.6370949745178223 0.8849769830703735 0.6211597919464111 0.8853200674057007
0 0.5859721302986145 0.8758885860443115 0.5988571047782898 0.8703107833862305 0.6027337908744812 0.8792662620544434 0.5898488163948059 0.8848440647125244
0 0.594822883605957 0.8845924139022827 0.608795166015625 0.8810998201370239 0.6112215518951416 0.8908069133758545 0.5972492694854736 0.8942995071411133
0 0.6119327545166016 0.9027506113052368 0.6272934675216675 0.901357889175415 0.628216028213501 0.9115337133407593 0.6128553152084351 0.912926435470581
1 0.5093710422515869 0.45080363750457764 0.5262316465377808 0.44105660915374756 0.566100001335144 0.5100213885307312 0.5492393970489502 0.5197684168815613
1 0.9462976455688477 0.49517732858657837 1.075416088104248 0.48346737027168274 1.0776662826538086 0.5082786679267883 0.9485478401184082 0.5199886560440063
0 0.5920839309692383 0.2521982491016388 0.609393835067749 0.24963608384132385 0.6108390092849731 0.25939926505088806 0.5935291051864624 0.261961430311203
0 0.33803048729896545 0.2767479419708252 0.3495505750179291 0.2767479419708252 0.3495505750179291 0.2865612506866455 0.33803048729896545 0.2865612506866455
0 0.47411465644836426 0.6587221622467041 0.48943042755126953 0.6556713581085205 0.4914950132369995 0.6660363674163818 0.47617924213409424 0.6690871715545654
0 0.4857802391052246 0.6890107989311218 0.49824225902557373 0.6885388493537903 0.49862635135650635 0.6986810564994812 0.4861643314361572 0.6991530060768127
