0 0.261427104473114 0.7645773887634277 0.32519274950027466 0.757779598236084 0.32720381021499634 0.7766443490982056 0.2634381651878357 0.7834421396255493
0 0.9055087566375732 0.27932634949684143 0.9213262796401978 0.2774960696697235 0.9227479696273804 0.28978243470191956 0.9069304466247559 0.2916127145290375
0 0.8407382965087891 0.2211032509803772 0.8567843437194824 0.21615371108055115 0.8607065677642822 0.2288690209388733 0.8446605205535889 0.23381856083869934
0 0.8891992568969727 0.3398134410381317 0.9013746976852417 0.3294924199581146 0.9086117744445801 0.33802977204322815 0.896436333656311 0.34835079312324524
0 0.8235747814178467 0.28461217880249023 0.8357055187225342 0.2752956748008728 0.8424947261810303 0.28413575887680054 0.8303639888763428 0.29345226287841797
0 0.8638805150985718 0.3070979714393616 0.8800636529922485 0.30471038818359375 0.8816453218460083 0.31543129682540894 0.8654621839523315 0.31781888008117676
0 0.6284571290016174 0.09465518593788147 0.6392460465431213 0.08414706587791443 0.6468988060951233 0.09200431406497955 0.6361098885536194 0.1025124341249466
0 0.9852262735366821 0.518389880657196 0.9955621957778931 0.5152040123939514 1.0002361536026 0.530367910861969 0.9899002313613892 0.5335537791252136
0 0.5188630223274231 0.01870991289615631 0.5220394730567932 0.007780642248690128 0.5369909405708313 0.012126082554459572 0.5338144898414612 0.02305535227060318
0 0.7131447792053223 0.08758686482906342 0.7268391847610474 0.08107051253318787 0.7315850257873535 0.09104394912719727 0.7178906202316284 0.09756030142307281
0 0.4124855697154999 0.5878223180770874 0.42068496346473694 0.580256462097168 0.43085482716560364 0.5912778377532959 0.4226554334163666 0.5988436937332153
0 0.8143056631088257 0.37244507670402527 0.8286234140396118 0.3688070476055145 0.8312379121780396 0.379096657037735 0.8169201612472534 0.3827346861362457
0 0.7736712694168091 0.306119829416275 0.7883543968200684 0.3043665587902069 0.7895984649658203 0.31478509306907654 0.774915337562561 0.31653836369514465
1 0.15473273396492004 0.5261576175689697 0.16777995228767395 0.5152250528335571 0.1841411590576172 0.5347510576248169 0.17109394073486328 0.5456836223602295
0 0.8185771107673645 0.34480413794517517 0.8193950057029724 0.33433935046195984 0.8343043923377991 0.3355046808719635 0.8334864974021912 0.34596946835517883
0 0.10654985904693604 0.8007937669754028 0.15579640865325928 0.7868202924728394 0.16104558110237122 0.8053199052810669 0.11179903149604797 0.8192933797836304
