0 0.25578609108924866 0.3418961763381958 0.26020386815071106 0.3324242830276489 0.27359655499458313 0.3386707901954651 0.2691787779331207 0.34814268350601196
0 0.46920329332351685 0.3873840570449829 0.48425519466400146 0.3868325352668762 0.4846261739730835 0.3969568610191345 0.4695742726325989 0.3975083827972412
0 0.3676401376724243 0.35131749510765076 0.37414830923080444 0.34235796332359314 0.38678163290023804 0.35153481364250183 0.3802734613418579 0.36049434542655945
0 0.336607962846756 0.3656129837036133 0.3375038206577301 0.3551013469696045 0.3530789315700531 0.3564288020133972 0.352183073759079 0.366940438747406
0 0.3581118583679199 0.37059327960014343 0.36168748140335083 0.36058279871940613 0.3755022883415222 0.3655172884464264 0.3719266653060913 0.3755277693271637
0 0.18475043773651123 0.3580639958381653 0.1921367347240448 0.34931790828704834 0.20515182614326477 0.3603094816207886 0.1977655291557312 0.3690555691719055
0 0.3107735514640808 0.3344486951828003 0.31719350814819336 0.3259045481681824 0.3287719488143921 0.3346044421195984 0.32235199213027954 0.3431485891342163
0 0.4184194803237915 0.3538298010826111 0.42268311977386475 0.3441019654273987 0.43612074851989746 0.3499915599822998 0.4318571090698242 0.3597193956375122
0 0.4304909408092499 0.2815644145011902 0.4310518205165863 0.2713257670402527 0.44546011090278625 0.2721150517463684 0.44489923119544983 0.2823536992073059
0 0.15145863592624664 0.3428384065628052 0.15167973935604095 0.3326384425163269 0.1656140238046646 0.3329405188560486 0.1653929203748703 0.34314048290252686
0 0.39210984110832214 0.40225648880004883 0.3981877863407135 0.39351439476013184 0.4102776348590851 0.4019199013710022 0.4041996896266937 0.4106619954109192
0 0.210767924785614 0.3094821572303772 0.21609491109848022 0.3005855083465576 0.22783982753753662 0.3076179027557373 0.2225128412246704 0.3165145516395569
0 0.35721635818481445 0.27487215399742126 0.3600987195968628 0.26490679383277893 0.3746159076690674 0.2691057026386261 0.37173354625701904 0.27907106280326843
0 0.4645748734474182 0.33771631121635437 0.4714154005050659 0.3300867974758148 0.48153895139694214 0.3391634523868561 0.47469842433929443 0.34679296612739563
0 0.18249964714050293 0.31540149450302124 0.18741193413734436 0.30620813369750977 0.19981595873832703 0.3128359913825989 0.1949036717414856 0.32202935218811035
0 0.3811521530151367 0.2869456112384796 0.3867748975753784 0.27822980284690857 0.3981657028198242 0.28557828068733215 0.3925429582595825 0.2942940890789032
0 0.4537574350833893 0.31410568952560425 0.45886507630348206 0.30539923906326294 0.47017160058021545 0.3120322823524475 0.4650639593601227 0.3207387328147888
0 0.40179339051246643 0.3036128282546997 0.40547749400138855 0.29424238204956055 0.4180581271648407 0.29918861389160156 0.4143740236759186 0.3085590600967407
0 0.596785843372345 0.39127612113952637 0.6048915982246399 0.3841228485107422 0.6143266558647156 0.3948141932487488 0.6062209010124207 0.40196746587753296
0 0.34041330218315125 0.28766918182373047 0.34561166167259216 0.27907711267471313 0.3576410114765167 0.2863551378250122 0.3524426519870758 0.29494720697402954
0 0.4784386456012726 0.33003830909729004 0.484784871339798 0.32240962982177734 0.4940702021121979 0.3301340341567993 0.4877239763736725 0.337762713432312
0 0.5024521350860596 0.35829272866249084 0.5086164474487305 0.34998729825019836 0.5191495418548584 0.3578049838542938 0.5129852294921875 0.3661104142665863
0 0.4634363353252411 0.3021891117095947 0.46825483441352844 0.29360461235046387 0.4791736900806427 0.29973340034484863 0.47435519099235535 0.3083178997039795
0 0.318340539932251 0.26880112290382385 0.3265320062637329 0.2631913125514984 0.33331871032714844 0.27310124039649963 0.3251272439956665 0.2787110507488251
0 0.8218435645103455 0.39360663294792175 0.8266833424568176 0.38474026322364807 0.838956892490387 0.391439825296402 0.8341171145439148 0.40030619502067566
0 0.44168776273727417 0.3500937223434448 0.4460534453392029 0.3410438895225525 0.4580928087234497 0.3468517065048218 0.453727126121521 0.3559015393257141
0 0.4695025384426117 0.4088272154331207 0.47400417923927307 0.39973685145378113 0.48624423146247864 0.4057982265949249 0.48174259066581726 0.4148885905742645
0 0.7780048847198486 0.3881472647190094 0.7839810848236084 0.3793193995952606 0.7958179712295532 0.3873327076435089 0.7898417711257935 0.3961605727672577
0 0.37267163395881653 0.2705671787261963 0.37800368666648865 0.2620670199394226 0.3886812627315521 0.2687649726867676 0.38334921002388 0.27726513147354126
0 0.06457994878292084 0.41541433334350586 0.06562317907810211 0.40569138526916504 0.07867959141731262 0.40709227323532104 0.07763636112213135 0.41681522130966187
0 0.3911783695220947 0.32806578278541565 0.39457279443740845 0.3186776340007782 0.40659236907958984 0.3230234682559967 0.4031979441642761 0.33241161704063416
0 0.40033259987831116 0.29090097546577454 0.40399667620658875 0.28167393803596497 0.4156961143016815 0.286319762468338 0.41203203797340393 0.2955467998981476
0 0.16167663037776947 0.3147275149822235 0.16488055884838104 0.30575886368751526 0.1760394126176834 0.3097452223300934 0.17283548414707184 0.31871387362480164
0 0.16904370486736298 0.31851449608802795 0.17243148386478424 0.3088209331035614 0.1845417469739914 0.31305328011512756 0.18115396797657013 0.3227468430995941
0 0.39098459482192993 0.2686080038547516 0.3979148864746094 0.26077941060066223 0.4081127643585205 0.2698071300983429 0.40118247270584106 0.27763572335243225
0 0.40530961751937866 0.2677221894264221 0.41489946842193604 0.26370733976364136 0.41980433464050293 0.27542299032211304 0.41021448373794556 0.2794378399848938
0 0.41581085324287415 0.27519840002059937 0.4219820201396942 0.26664990186691284 0.43377384543418884 0.27516239881515503 0.4276026785373688 0.28371089696884155
0 0.4195849597454071 0.29591184854507446 0.42481550574302673 0.2873876094818115 0.4357927143573761 0.2941232919692993 0.43056216835975647 0.30264753103256226
0 0.38420557975769043 0.3164367973804474 0.3889505863189697 0.3069009482860565 0.40102827548980713 0.3129107654094696 0.39628326892852783 0.3224466145038605
0 0.401081919670105 0.3191872835159302 0.4064137935638428 0.3107149004936218 0.4178609848022461 0.31791889667510986 0.4125291109085083 0.3263912796974182
0 0.4313684105873108 0.34176164865493774 0.43720006942749023 0.33355361223220825 0.4474654793739319 0.3408469557762146 0.44163382053375244 0.3490549921989441
0 0.556759774684906 0.37159374356269836 0.561829149723053 0.3628023564815521 0.5740733742713928 0.36986276507377625 0.5690039992332458 0.3786541521549225
0 0.5897548198699951 0.4128791391849518 0.594144344329834 0.4034282863140106 0.6075176000595093 0.4096396267414093 0.6031280755996704 0.41909047961235046
0 0.7051385641098022 0.37157732248306274 0.7108900547027588 0.36344510316848755 0.7226828336715698 0.3717855215072632 0.7169313430786133 0.3799177408218384
0 0.7351661920547485 0.40012142062187195 0.7391966581344604 0.3905356228351593 0.7524991035461426 0.39612874388694763 0.7484686374664307 0.4057145416736603
0 0.7378129959106445 0.4188886880874634 0.745094895362854 0.4115017056465149 0.7544422149658203 0.4207160472869873 0.7471603155136108 0.4281030297279358
0 0.7539937496185303 0.42977187037467957 0.756929874420166 0.4194084703922272 0.7702358961105347 0.4231782853603363 0.7672997713088989 0.4335416853427887
0 0.813558042049408 0.3958030343055725 0.8246393799781799 0.3945384621620178 0.82614666223526 0.4077472686767578 0.815065324306488 0.4090118408203125
0 0.579652726650238 0.5469281673431396 0.5930164456367493 0.5423189401626587 0.5970781445503235 0.5540951490402222 0.5837144255638123 0.5587043762207031
0 0.2694298028945923 0.27825480699539185 0.27490389347076416 0.2701418399810791 0.284145712852478 0.2763775587081909 0.27867162227630615 0.28449052572250366
