0 0.7729673981666565 0.9197283387184143 0.7796997427940369 0.9111433625221252 0.7914381623268127 0.920348584651947 0.7847058176994324 0.9289335608482361
0 0.7790189981460571 0.9128090143203735 0.7888628244400024 0.9086446762084961 0.7936371564865112 0.9199304580688477 0.7837933301925659 0.9240947961807251
0 0.20793308317661285 0.45617052912712097 0.2172822207212448 0.4415331780910492 0.2270045131444931 0.4477429687976837 0.21765537559986115 0.4623803198337555
0 0.1686917543411255 0.4193291664123535 0.18029683828353882 0.41902387142181396 0.18072286248207092 0.435219407081604 0.1691177785396576 0.43552470207214355
0 0.7809495329856873 0.9063764214515686 0.7901728749275208 0.9016498923301697 0.7962761521339417 0.9135597348213196 0.7870528101921082 0.9182862639427185
0 0.7813977003097534 0.9283071756362915 0.7915815114974976 0.924028754234314 0.7971100807189941 0.9371881484985352 0.78692626953125 0.9414665699005127
0 0.7969311475753784 0.9318046569824219 0.8041188716888428 0.9244214296340942 0.8136401176452637 0.9336906671524048 0.8064523935317993 0.9410738945007324
0 0.23381242156028748 0.58702152967453 0.23521575331687927 0.5732824206352234 0.24602174758911133 0.5743861794471741 0.24461841583251953 0.5881252884864807
0 0.13582754135131836 0.4760443866252899 0.14536231756210327 0.4701196253299713 0.15291297435760498 0.4822710454463959 0.14337819814682007 0.4881958067417145
0 0.23299291729927063 0.5436323881149292 0.23846983909606934 0.5289751291275024 0.248897522687912 0.5328716039657593 0.24342060089111328 0.547528862953186
0 0.800304651260376 0.91923588514328 0.8109848499298096 0.9154149889945984 0.8153188228607178 0.9275293946266174 0.8046386241912842 0.9313502907752991
0 0.19124820828437805 0.5118186473846436 0.20176896452903748 0.5075622797012329 0.20780888199806213 0.5224915742874146 0.1972881257534027 0.5267479419708252
0 0.16997550427913666 0.46488410234451294 0.1806841343641281 0.4605591893196106 0.18735502660274506 0.4770764708518982 0.1766463965177536 0.48140138387680054
0 0.7986804246902466 0.9068973064422607 0.8088686466217041 0.9021958112716675 0.8151277303695679 0.9157592058181763 0.8049395084381104 0.9204607009887695
0 0.22255338728427887 0.5254544019699097 0.23238812386989594 0.5212860107421875 0.2376582771539688 0.5337202548980713 0.22782354056835175 0.5378886461257935
0 0.24278736114501953 0.612899899482727 0.24832862615585327 0.6032999753952026 0.2606309652328491 0.6104011535644531 0.2550897002220154 0.6200010776519775
0 0.15846984088420868 0.5157017707824707 0.1674337536096573 0.5085344314575195 0.17794938385486603 0.5216859579086304 0.16898547112941742 0.5288532972335815
0 0.5797373652458191 0.8533979058265686 0.5881804823875427 0.8430526852607727 0.6024600863456726 0.8547068238258362 0.594016969203949 0.8650520443916321
0 0.17873011529445648 0.3840855658054352 0.1892745941877365 0.3835577070713043 0.18994636833667755 0.39697638154029846 0.17940188944339752 0.3975042402744293
0 0.2536824643611908 0.570255696773529 0.25854793190956116 0.557216465473175 0.26859816908836365 0.5609665513038635 0.2637327015399933 0.5740057826042175
0 0.8108108043670654 0.906796932220459 0.8211325407028198 0.9039381742477417 0.8245761394500732 0.9163717031478882 0.8142544031143188 0.9192304611206055
0 0.8143276572227478 0.9173793196678162 0.8246087431907654 0.916282594203949 0.8259585499763489 0.9289363026618958 0.8156774640083313 0.9300330281257629
0 0.5352217555046082 0.8368832468986511 0.542704164981842 0.8289068341255188 0.5539570450782776 0.83946293592453 0.5464746356010437 0.8474393486976624
0 0.6086514592170715 0.8458770513534546 0.6161791682243347 0.838005542755127 0.625092089176178 0.8465292453765869 0.6175643801689148 0.8544007539749146
0 0.5612279772758484 0.8456110954284668 0.5683079361915588 0.837017297744751 0.5779500603675842 0.8449608087539673 0.5708701014518738 0.8535546064376831
0 0.6210426092147827 0.8480284214019775 0.6282625198364258 0.8402568101882935 0.6379101276397705 0.8492194414138794 0.6306902170181274 0.8569910526275635
0 0.6289923191070557 0.8630324006080627 0.6387957334518433 0.8578760027885437 0.645128607749939 0.8699161410331726 0.6353251934051514 0.8750725388526917
0 0.618976354598999 0.8790689706802368 0.6229896545410156 0.8686337471008301 0.6357651948928833 0.8735470771789551 0.6317518949508667 0.8839823007583618
0 0.2533847391605377 0.53859543800354 0.26308098435401917 0.5286910533905029 0.27058425545692444 0.5360366106033325 0.260888010263443 0.5459409952163696
0 0.6387290358543396 0.8790468573570251 0.6467142701148987 0.8726606965065002 0.6543558239936829 0.8822155594825745 0.6463705897331238 0.8886017203330994
0 0.6087908744812012 0.8886649012565613 0.6113568544387817 0.8781558871269226 0.6247748136520386 0.8814322352409363 0.622208833694458 0.891941249370575
0 0.6456118822097778 0.9021103382110596 0.6542026996612549 0.8959716558456421 0.6613218784332275 0.9059345722198486 0.6527310609817505 0.9120732545852661
0 0.6462603807449341 0.9102576971054077 0.6539578437805176 0.9045987129211426 0.6606096029281616 0.9136466979980469 0.6529121398925781 0.919305682182312
0 0.6529458165168762 0.8945014476776123 0.6632792353630066 0.8921409845352173 0.6658313870429993 0.9033139944076538 0.6554979681968689 0.9056744575500488
0 0.22032015025615692 0.5605261325836182 0.22238053381443024 0.5479235649108887 0.23245178163051605 0.5495700836181641 0.23039139807224274 0.5621726512908936
0 0.6072064638137817 0.8699017763137817 0.6148413419723511 0.862794041633606 0.6235983371734619 0.8722003698348999 0.6159634590148926 0.8793081045150757
0 0.6338091492652893 0.9124261140823364 0.640762984752655 0.9044228792190552 0.6502761244773865 0.9126887321472168 0.6433222889900208 0.920691967010498
0 0.2066894769668579 0.49997302889823914 0.21697327494621277 0.499651163816452 0.21737009286880493 0.5123291015625 0.20708629488945007 0.5126509666442871
0 0.24174627661705017 0.5158719420433044 0.2459295690059662 0.5045621991157532 0.25575700402259827 0.5081972479820251 0.25157371163368225 0.5195069909095764
0 0.25460678339004517 0.5712629556655884 0.26463931798934937 0.5688475370407104 0.26748353242874146 0.5806611776351929 0.25745099782943726 0.5830765962600708
0 0.21600809693336487 0.5257440209388733 0.21805402636528015 0.5148076415061951 0.22777771949768066 0.5166266560554504 0.22573179006576538 0.5275630354881287
0 0.2696210741996765 0.6259671449661255 0.2808089852333069 0.625760555267334 0.28099900484085083 0.6360548734664917 0.26981109380722046 0.6362614631652832
0 0.49709510803222656 0.8532166481018066 0.5050362348556519 0.8468353748321533 0.5123186111450195 0.8558979034423828 0.5043774843215942 0.8622791767120361
0 0.21815600991249084 0.4919166564941406 0.22346711158752441 0.4798769950866699 0.23278680443763733 0.4839882254600525 0.22747570276260376 0.4960278868675232
0 0.6002960801124573 0.8590953350067139 0.6049726605415344 0.8497815132141113 0.617276132106781 0.8559591770172119 0.6125995516777039 0.8652729988098145
0 0.25330236554145813 0.6156708598136902 0.258820503950119 0.6044556498527527 0.26802846789360046 0.6089861989021301 0.2625103294849396 0.6202014088630676
0 0.6022281050682068 0.8840687274932861 0.6124493479728699 0.8824876546859741 0.614595353603363 0.8963603973388672 0.6043741106987 0.8979414701461792
0 0.6312315464019775 0.8958129286766052 0.6384042501449585 0.8886522650718689 0.6467657089233398 0.8970277905464172 0.6395930051803589 0.9041884541511536
0 0.25802093744277954 0.6205651164054871 0.26138168573379517 0.6091286540031433 0.2710508108139038 0.6119700074195862 0.2676900625228882 0.6234064698219299
