0 0.7488576769828796 0.8155789375305176 0.749217689037323 0.8033889532089233 0.7680484652519226 0.8039450645446777 0.7676884531974792 0.816135048866272
0 0.7388806343078613 0.8804271221160889 0.7413414716720581 0.8696079254150391 0.7606774568557739 0.874005913734436 0.7582166194915771 0.8848251104354858
0 0.6612089276313782 0.8868116736412048 0.6639116406440735 0.8766017556190491 0.6804750561714172 0.8809862732887268 0.6777723431587219 0.8911961913108826
0 0.6236871480941772 0.882007360458374 0.627318263053894 0.8722227811813354 0.6410971879959106 0.8773361444473267 0.6374660730361938 0.8871207237243652
0 0.6934326887130737 0.8804301023483276 0.6998226642608643 0.8706969022750854 0.7092667818069458 0.8768970966339111 0.7028768062591553 0.8866302967071533
0 0.6887812614440918 0.8816258907318115 0.702086329460144 0.8813345432281494 0.7023040056228638 0.8912750482559204 0.6889989376068115 0.8915663957595825
0 0.1833791434764862 0.975680947303772 0.18770882487297058 0.9658212661743164 0.20519155263900757 0.9734984636306763 0.2008618712425232 0.9833581447601318
0 0.5725458264350891 0.840006411075592 0.588763415813446 0.8396084904670715 0.5890206694602966 0.8500921130180359 0.5728030800819397 0.8504900336265564
0 0.6068794131278992 0.886928379535675 0.612125813961029 0.8787376284599304 0.622818648815155 0.8855867981910706 0.6175722479820251 0.8937775492668152
0 0.7036470174789429 0.8877041339874268 0.7085978984832764 0.878951907157898 0.7209135293960571 0.8859184980392456 0.7159626483917236 0.8946707248687744
0 0.7648473381996155 0.8940161466598511 0.7649514079093933 0.8840978145599365 0.779642641544342 0.8842519521713257 0.7795385718345642 0.8941702842712402
0 0.7643246054649353 0.8952853679656982 0.7647716403007507 0.8859866857528687 0.7783945202827454 0.8866417407989502 0.7779474854469299 0.8959404230117798
0 0.7646647095680237 0.897301197052002 0.7647656798362732 0.88782799243927 0.77936190366745 0.8879835605621338 0.7792609333992004 0.8974567651748657
