0 0.6289384961128235 0.7554126381874084 0.6320094466209412 0.7379721999168396 0.6433431506156921 0.7399678826332092 0.6402722001075745 0.7574083209037781
0 0.817828893661499 0.7506027221679688 0.8304234743118286 0.7481669187545776 0.8336511850357056 0.7648555040359497 0.821056604385376 0.7672913074493408
0 0.6530886888504028 0.7698590755462646 0.6595783233642578 0.7600768804550171 0.6738433837890625 0.7695404291152954 0.6673537492752075 0.779322624206543
0 0.6765177249908447 0.7643952965736389 0.6867498159408569 0.7599032521247864 0.6931020021438599 0.7743726372718811 0.6828699111938477 0.7788646817207336
0 0.6415553092956543 0.7407524585723877 0.6516027450561523 0.7368991374969482 0.6567573547363281 0.7503398656845093 0.6467099189758301 0.7541931867599487
0 0.4860864281654358 0.9299764633178711 0.49697762727737427 0.9241997003555298 0.5064827799797058 0.9421201944351196 0.49559158086776733 0.9478969573974609
0 0.788876473903656 0.7354713678359985 0.7995014786720276 0.731451153755188 0.8053081631660461 0.7467973232269287 0.7946831583976746 0.7508175373077393
0 0.7202373147010803 0.7099398970603943 0.7251947522163391 0.7009280323982239 0.7370547652244568 0.7074522376060486 0.732097327709198 0.716464102268219
0 0.9546180963516235 0.7573710680007935 0.9655337333679199 0.7533509731292725 0.9713021516799927 0.7690137624740601 0.9603865146636963 0.773033857345581
0 0.5012547969818115 0.8262894153594971 0.5077511072158813 0.8175340890884399 0.5190789699554443 0.8259391784667969 0.5125826597213745 0.834694504737854
0 0.5968984365463257 0.7522072792053223 0.606709361076355 0.7464152574539185 0.6147396564483643 0.7600176334381104 0.604928731918335 0.7658096551895142
0 0.9123610258102417 0.7368510961532593 0.9236359596252441 0.7324838638305664 0.9301267862319946 0.7492415904998779 0.9188518524169922 0.7536088228225708
0 0.7439356446266174 0.7082036137580872 0.7543686032295227 0.7056601643562317 0.7577950358390808 0.719715416431427 0.7473620772361755 0.7222588658332825
0 0.863950252532959 0.7168194651603699 0.8738173246383667 0.7128490805625916 0.8791913986206055 0.7262045741081238 0.8693243265151978 0.7301749587059021
0 0.8518236875534058 0.7195586562156677 0.8624303340911865 0.7163093686103821 0.8663798570632935 0.7292018532752991 0.8557732105255127 0.7324511408805847
0 0.9487825036048889 0.7358456254005432 0.9595696330070496 0.7329544425010681 0.962568461894989 0.7441429495811462 0.9517813324928284 0.7470341324806213
0 0.9871711730957031 0.7537843585014343 0.9964535236358643 0.7487629055976868 1.0025019645690918 0.7599437832832336 0.9932196140289307 0.7649652361869812
0 0.6583945155143738 0.7214497327804565 0.6682011485099792 0.7186920642852783 0.6716426014900208 0.7309303283691406 0.6618359684944153 0.7336879968643188
0 0.618306577205658 0.7204707860946655 0.6281972527503967 0.7178909778594971 0.6313684582710266 0.7300490140914917 0.6214777827262878 0.7326288223266602
0 0.8837569355964661 0.7173144817352295 0.8929491639137268 0.7121378183364868 0.8996811509132385 0.7240917682647705 0.8904889225959778 0.7292684316635132
0 0.7570510506629944 0.74357670545578 0.7679395079612732 0.7431467175483704 0.768541157245636 0.7583823800086975 0.7576526999473572 0.7588123679161072
0 0.6973801851272583 0.7090173959732056 0.7074403762817383 0.7070810794830322 0.7099072933197021 0.7198976278305054 0.6998471021652222 0.7218339443206787
0 0.9251635670661926 0.7264732122421265 0.9349279999732971 0.7222329378128052 0.9400765299797058 0.734088659286499 0.9303120970726013 0.7383289337158203
