0 0.2597828209400177 0.8323450684547424 0.26581916213035583 0.816677987575531 0.2770688235759735 0.8210123181343079 0.2710324823856354 0.8366793990135193
0 0.1790689378976822 0.8680822849273682 0.19061730802059174 0.863480806350708 0.19763298332691193 0.8810880184173584 0.18608461320400238 0.8856894969940186
0 0.7444247603416443 0.6240574717521667 0.7552276253700256 0.6219210028648376 0.758009135723114 0.6359855532646179 0.7472062706947327 0.638122022151947
0 0.9647217988967896 0.5785707235336304 0.971872091293335 0.5707807540893555 0.9826772212982178 0.5806986093521118 0.9755269289016724 0.5884885787963867
0 0.8650992512702942 0.5849969387054443 0.8752687573432922 0.581771969795227 0.8791632056236267 0.5940526723861694 0.8689936995506287 0.5972776412963867
0 0.86651211977005 0.5671582818031311 0.8766816258430481 0.5639333128929138 0.8805760741233826 0.5762140154838562 0.8704065680503845 0.5794389843940735
0 0.8860390782356262 0.5651831030845642 0.8962305188179016 0.5619885325431824 0.9000861048698425 0.574288547039032 0.8898946642875671 0.5774831175804138
0 0.16981489956378937 0.8248857259750366 0.17024822533130646 0.8114211559295654 0.1808813363313675 0.8117634057998657 0.1804480105638504 0.8252279758453369
0 0.2127222865819931 0.8511250019073486 0.21310241520404816 0.8361358642578125 0.22508420050144196 0.8364397287368774 0.2247040718793869 0.8514288663864136
0 0.2563481032848358 0.7336209416389465 0.2647800147533417 0.723905622959137 0.27247896790504456 0.7305875420570374 0.2640470564365387 0.7403028607368469
0 0.06788034737110138 0.9095174670219421 0.07778824865818024 0.9065094590187073 0.0813714861869812 0.9183122515678406 0.07146358489990234 0.9213202595710754
