0 0.2548319101333618 0.35482341051101685 0.2589203715324402 0.34381765127182007 0.27783602476119995 0.3508445620536804 0.2737475633621216 0.3618503212928772
0 0.07887810468673706 0.788119375705719 0.08322560787200928 0.7776622176170349 0.09842665493488312 0.78398197889328 0.0940791517496109 0.7944391369819641
0 0.16474054753780365 0.4010234773159027 0.1733458787202835 0.39294639229774475 0.18642504513263702 0.4068809449672699 0.17781971395015717 0.41495802998542786
0 0.2693115770816803 0.5609591603279114 0.27289989590644836 0.5495510697364807 0.2926906645298004 0.555776059627533 0.28910234570503235 0.5671841502189636
0 0.24196341633796692 0.28546568751335144 0.2475229799747467 0.27557602524757385 0.26317259669303894 0.28437361121177673 0.25761303305625916 0.2942632734775543
0 0.11700442433357239 0.8239267468452454 0.12097260355949402 0.8129206299781799 0.13718387484550476 0.8187654614448547 0.13321569561958313 0.8297715783119202
0 0.0820198655128479 0.7486902475357056 0.08657729625701904 0.7387531995773315 0.09956246614456177 0.7447086572647095 0.09500503540039062 0.7546457052230835
0 0.09169747680425644 0.7665322422981262 0.09378942102193832 0.7561789155006409 0.10694470256567001 0.7588370442390442 0.10485275834798813 0.7691903710365295
0 0.20622706413269043 0.7626975178718567 0.2104562520980835 0.752262532711029 0.22515219449996948 0.7582187056541443 0.22092300653457642 0.7686536908149719
0 0.3055802285671234 0.005964808631688356 0.31113651394844055 -0.003214225172996521 0.323138564825058 0.004050917457789183 0.31758227944374084 0.01322995126247406
0 0.20254461467266083 0.5766671299934387 0.20954610407352448 0.5680527091026306 0.22209222614765167 0.5782497525215149 0.21509073674678802 0.586864173412323
0 0.06941712647676468 0.8093721866607666 0.0717126801609993 0.7993872165679932 0.08404930680990219 0.8022234439849854 0.08175375312566757 0.8122084140777588
0 0.14876113831996918 0.3225230872631073 0.15342603623867035 0.3118151128292084 0.1702989786863327 0.31916573643684387 0.16563408076763153 0.3298737108707428
0 0.4014086425304413 0.013844831846654415 0.4062478840351105 -0.001633114879950881 0.42532625794410706 0.0043317703530192375 0.42048701643943787 0.019809717312455177
0 0.20947854220867157 0.62479567527771 0.21811141073703766 0.6152005195617676 0.23052741587162018 0.6263713836669922 0.2218945473432541 0.6359665393829346
0 0.17146222293376923 0.4567100405693054 0.17671360075473785 0.44662004709243774 0.19119630753993988 0.45415765047073364 0.18594492971897125 0.4642476439476013
0 0.12464672327041626 0.5760720372200012 0.12693127989768982 0.5656335949897766 0.14152410626411438 0.5688274502754211 0.13923954963684082 0.5792658925056458
0 0.0554855614900589 0.7338521480560303 0.058016400784254074 0.7241431474685669 0.06998112797737122 0.727262020111084 0.06745028495788574 0.7369710206985474
0 0.0355738066136837 0.7805057168006897 0.040679845958948135 0.7713524699211121 0.05212551727890968 0.7777373194694519 0.04701947793364525 0.7868905663490295
0 0.08705542981624603 0.6094175577163696 0.09275224804878235 0.5997368097305298 0.10489727556705475 0.6068837642669678 0.09920045733451843 0.6165645122528076
0 0.14410440623760223 0.5938135385513306 0.14892859756946564 0.5841478109359741 0.16199813783168793 0.5906708240509033 0.15717394649982452 0.6003365516662598
0 0.09703511744737625 0.5743027925491333 0.0990176573395729 0.5643196105957031 0.11171094328165054 0.566840410232544 0.10972840338945389 0.5768235921859741
0 0.23508228361606598 0.8616713881492615 0.24491198360919952 0.8560958504676819 0.2522069215774536 0.8689571022987366 0.24237723648548126 0.8745326399803162
0 0.3352314829826355 0.014747194945812225 0.34124141931533813 0.0061802733689546585 0.35295557975769043 0.014398066326975822 0.3469456434249878 0.02296498790383339
0 0.0922570526599884 0.6973791718482971 0.09777389466762543 0.6861945986747742 0.11207139492034912 0.6932469010353088 0.1065545529127121 0.7044314742088318
0 0.12123975902795792 0.48726141452789307 0.12677446007728577 0.4754444360733032 0.1413896679878235 0.48228973150253296 0.13585495948791504 0.4941067099571228
0 0.08919314295053482 0.3924086391925812 0.09282288700342178 0.38217195868492126 0.10606326907873154 0.3868667781352997 0.10243352502584457 0.3971034586429596
0 0.13531719148159027 0.6816208362579346 0.13731010258197784 0.6709462404251099 0.1522783488035202 0.6737407445907593 0.15028543770313263 0.684415340423584
0 0.15618324279785156 0.646338701248169 0.15952038764953613 0.6356222629547119 0.17515531182289124 0.6404910087585449 0.17181816697120667 0.651207447052002
0 0.7260832786560059 0.47399166226387024 0.7309408187866211 0.46496590971946716 0.743973970413208 0.47198018431663513 0.7391164302825928 0.4810059368610382
0 0.10006380826234818 0.5824098587036133 0.1047896221280098 0.5733155012130737 0.11726922541856766 0.5798003673553467 0.11254341155290604 0.5888947248458862
0 0.11045518517494202 0.6552323698997498 0.11246377229690552 0.6449049115180969 0.1259717345237732 0.647532045841217 0.12396314740180969 0.6578595042228699
0 0.09841188788414001 0.584859311580658 0.10348458588123322 0.5753329396247864 0.11616861820220947 0.5820870995521545 0.11109592020511627 0.5916134715080261
0 0.08120369166135788 0.8360095620155334 0.08184505254030228 0.8267683386802673 0.09287682920694351 0.827534019947052 0.09223546832799911 0.8367752432823181
0 0.16299644112586975 0.40324461460113525 0.16358959674835205 0.39332473278045654 0.1751457154750824 0.39401572942733765 0.1745525598526001 0.40393561124801636
0 0.24139098823070526 0.17019128799438477 0.2466408908367157 0.16160839796066284 0.2568732500076294 0.1678672432899475 0.25162336230278015 0.17645013332366943
0 0.049776799976825714 0.7548824548721313 0.055747419595718384 0.7467424869537354 0.06557334214448929 0.753949761390686 0.05960272252559662 0.762089729309082
1 0.47665655612945557 0.14966027438640594 0.4901350140571594 0.10377655178308487 0.5058004856109619 0.10837830603122711 0.49232202768325806 0.15426203608512878
