0 0.2787124216556549 0.0076928287744522095 0.30560192465782166 0.003063298761844635 0.32353076338768005 0.10719893127679825 0.2966412603855133 0.11182846128940582
0 0.38516706228256226 0.6807667016983032 0.42253535985946655 0.6407952308654785 0.4369087815284729 0.6542325019836426 0.3995404839515686 0.6942039728164673
0 0.3226688802242279 -0.030333496630191803 0.35707274079322815 -0.03639534115791321 0.38001778721809387 0.09382876753807068 0.34561392664909363 0.09989061206579208
0 0.5307192206382751 -0.058907851576805115 0.5561062693595886 -0.06224270164966583 0.5692315697669983 0.03767634928226471 0.5438445210456848 0.04101119935512543
0 0.47996580600738525 0.029553277418017387 0.5035424828529358 0.02551841549575329 0.5119794011116028 0.07481745630502701 0.48840272426605225 0.07885231822729111
0 0.5646337270736694 -0.06287820637226105 0.5861743688583374 -0.06612160801887512 0.6011562347412109 0.03337854892015457 0.579615592956543 0.036621950566768646
0 0.365113228559494 -0.04871406778693199 0.40068498253822327 -0.05449146404862404 0.4215982258319855 0.0742722749710083 0.3860264718532562 0.08004966378211975
0 0.48702284693717957 0.5711539387702942 0.4903915822505951 0.5579286217689514 0.5200332403182983 0.5654789805412292 0.5166645050048828 0.578704297542572
0 0.42008069157600403 0.6981645822525024 0.44103267788887024 0.6761753559112549 0.4506724178791046 0.6853604316711426 0.4297204315662384 0.7073496580123901
0 0.3986619710922241 0.6918365955352783 0.4360303282737732 0.6518653631210327 0.45040363073349 0.6653026342391968 0.4130352735519409 0.7052738666534424
0 0.3742818832397461 0.6737877726554871 0.4116501808166504 0.6338163018226624 0.42602360248565674 0.6472535729408264 0.38865530490875244 0.6872250437736511
0 0.47119975090026855 0.5781294703483582 0.47609615325927734 0.5589764714241028 0.5208415985107422 0.5704155564308167 0.5159451961517334 0.589568555355072
0 0.6241399049758911 -0.06760810315608978 0.6511707305908203 -0.0718742311000824 0.6677122116088867 0.03293444216251373 0.6406813859939575 0.03720057010650635
0 0.06873767822980881 0.45260679721832275 0.11873961240053177 0.4513435363769531 0.1193438395857811 0.47526025772094727 0.06934190541505814 0.4765235185623169
