0 0.6379581689834595 0.679711103439331 0.6383333206176758 0.6626780033111572 0.6517671346664429 0.6629738807678223 0.6513919830322266 0.6800069808959961
0 0.7343810796737671 0.8829705119132996 0.7388383150100708 0.8651182055473328 0.7510759830474854 0.8681736588478088 0.7466187477111816 0.8860259652137756
0 0.6113826632499695 0.9253451228141785 0.6191650032997131 0.9163593649864197 0.6322171092033386 0.9276633858680725 0.624434769153595 0.9366491436958313
0 0.5758963227272034 0.8877763748168945 0.5842903256416321 0.8801747560501099 0.5949937701225281 0.8919938802719116 0.5865997672080994 0.8995954990386963
0 0.7639994621276855 0.6983517408370972 0.7749345302581787 0.6983517408370972 0.7749345302581787 0.7125157117843628 0.7639994621276855 0.7125157117843628
0 0.6349204778671265 0.9010624289512634 0.6409238576889038 0.8872119784355164 0.6508845090866089 0.891529381275177 0.6448811292648315 0.9053798317909241
0 0.6993163824081421 0.9033684730529785 0.7060790061950684 0.8884934186935425 0.7166188955307007 0.8932851552963257 0.7098562717437744 0.9081602096557617
0 0.6770777702331543 0.865486741065979 0.6797024011611938 0.8486452102661133 0.6908121109008789 0.8503766059875488 0.6881874799728394 0.8672181367874146
0 0.6668187379837036 0.917796790599823 0.6671383380889893 0.90164715051651 0.6788843870162964 0.901879608631134 0.6785647869110107 0.918029248714447
0 0.6561982035636902 0.9295983910560608 0.6669170260429382 0.9270119071006775 0.6702237725257874 0.9407158493995667 0.6595049500465393 0.94330233335495
0 0.5200489163398743 0.8720343112945557 0.5295738577842712 0.8653733730316162 0.5385310053825378 0.8781819343566895 0.5290060639381409 0.8848428726196289
0 0.6063604950904846 0.952857255935669 0.6136923432350159 0.9436430931091309 0.6264562010765076 0.9537994861602783 0.6191243529319763 0.9630136489868164
0 0.5488411784172058 0.8888378739356995 0.559942901134491 0.8849474787712097 0.5659188628196716 0.9020004868507385 0.5548171401023865 0.9058908820152283
0 0.6381101608276367 0.8351839780807495 0.6470109224319458 0.8203725814819336 0.6566290855407715 0.8261524438858032 0.6477283239364624 0.8409638404846191
0 0.7081003785133362 0.8481958508491516 0.7185664772987366 0.8441130518913269 0.7240586876869202 0.8581923842430115 0.7135925889015198 0.8622751832008362
0 0.6251208782196045 0.9695660471916199 0.6321772336959839 0.9604697823524475 0.6453359127044678 0.9706774353981018 0.6382795572280884 0.9797737002372742
0 0.6382728219032288 0.9547472596168518 0.6483613848686218 0.9486481547355652 0.6580021977424622 0.9645949006080627 0.6479136347770691 0.9706940054893494
0 0.727154552936554 0.9799547791481018 0.7289344668388367 0.9628620743751526 0.7407795786857605 0.9640955328941345 0.7389996647834778 0.9811882376670837
0 0.657014012336731 0.9786868095397949 0.6674866676330566 0.9741129875183105 0.673660159111023 0.9882485866546631 0.6631875038146973 0.9928224086761475
0 0.7459952235221863 0.9122604727745056 0.746593177318573 0.9002640843391418 0.7581532597541809 0.9008403420448303 0.7575553059577942 0.9128367304801941
0 0.7257178425788879 0.9422057867050171 0.7319886088371277 0.9250196218490601 0.742983877658844 0.929031491279602 0.7367131114006042 0.9462176561355591
0 0.5299252867698669 0.9410336017608643 0.5311459898948669 0.9299360513687134 0.5461724400520325 0.931588888168335 0.5449517369270325 0.9426864385604858
0 0.7199930548667908 0.9913800954818726 0.7314096093177795 0.9899059534072876 0.7333495020866394 1.004929780960083 0.7219329476356506 1.006403923034668
0 0.22955018281936646 0.3979577422142029 0.23164936900138855 0.3876708745956421 0.24566751718521118 0.3905314803123474 0.2435683310031891 0.4008183479309082
0 0.6727094650268555 0.9741918444633484 0.6821657419204712 0.9688414931297302 0.6895290613174438 0.981855571269989 0.6800727844238281 0.9872059226036072
0 0.6995404362678528 0.9675466418266296 0.7097133994102478 0.9632729887962341 0.7154918313026428 0.9770280718803406 0.7053188681602478 0.9813017249107361
0 0.6888666152954102 0.9332171678543091 0.7000101804733276 0.9292038679122925 0.7055536508560181 0.944596529006958 0.6944100856781006 0.9486098289489746
0 0.5043990612030029 0.8351399898529053 0.5150567293167114 0.834321141242981 0.5160874128341675 0.8477344512939453 0.505429744720459 0.8485532999038696
0 0.6108250617980957 0.8556221127510071 0.6216095685958862 0.8535616993904114 0.624408483505249 0.8682110905647278 0.6136239767074585 0.8702715039253235
0 0.4783477485179901 0.33997634053230286 0.48570945858955383 0.32680264115333557 0.49494102597236633 0.33196142315864563 0.4875793159008026 0.3451351225376129
0 0.9873641729354858 0.640093982219696 0.9886119365692139 0.6254557967185974 0.9992138147354126 0.6263595223426819 0.9979660511016846 0.6409977078437805
0 0.6895071864128113 0.7324808835983276 0.7014860510826111 0.7291259765625 0.7042822241783142 0.7391097545623779 0.6923033595085144 0.7424646615982056
0 0.5871384739875793 0.9729782342910767 0.5959691405296326 0.9652701616287231 0.6065759062767029 0.9774216413497925 0.5977452397346497 0.985129714012146
0 0.5070387721061707 0.9780850410461426 0.5098745226860046 0.9674127101898193 0.5235390067100525 0.9710434675216675 0.5207032561302185 0.9817157983779907
0 0.5636541843414307 0.9803540706634521 0.5709407329559326 0.973068118095398 0.5808717012405396 0.9830000400543213 0.5735851526260376 0.9902859926223755
0 0.7857255935668945 0.9332736134529114 0.7961164712905884 0.931197464466095 0.7986246347427368 0.9437505602836609 0.788233757019043 0.9458267092704773
0 0.8614948391914368 0.8247884511947632 0.8680667281150818 0.8132994174957275 0.8771440386772156 0.8184916973114014 0.8705721497535706 0.829980731010437
0 0.8453834056854248 0.825042724609375 0.8547372817993164 0.8155748844146729 0.862067699432373 0.8228169679641724 0.8527138233184814 0.8322848081588745
0 0.8234882354736328 0.8281875252723694 0.8296504020690918 0.8178996443748474 0.8386094570159912 0.8232658505439758 0.8324472904205322 0.8335537314414978
0 0.8206003308296204 0.8031772375106812 0.830151379108429 0.7958070039749146 0.8359645009040833 0.8033401966094971 0.8264134526252747 0.8107104301452637
0 0.8654391765594482 0.838683009147644 0.8735829591751099 0.8287876844406128 0.8815643787384033 0.8353563547134399 0.8734205961227417 0.8452516794204712
0 0.922331690788269 0.7088519334793091 0.9304274320602417 0.7010992765426636 0.9373635053634644 0.7083421945571899 0.9292677640914917 0.7160948514938354
0 0.7342398762702942 0.7073855996131897 0.7361631989479065 0.6971367001533508 0.7479304671287537 0.699345052242279 0.7460071444511414 0.7095939517021179
1 0.7634997963905334 0.3935631811618805 0.7943726181983948 0.3827625811100006 0.7999070286750793 0.39858224987983704 0.769034206867218 0.4093828499317169
1 0.8840633630752563 0.07236144691705704 0.8951739072799683 0.03645702078938484 0.910629391670227 0.04123970866203308 0.8995188474655151 0.07714413106441498
