0 0.5970418453216553 0.9042646288871765 0.5994479656219482 0.8935297131538391 0.6147687435150146 0.8969636559486389 0.6123626232147217 0.9076985716819763
0 0.1795930564403534 0.5568544268608093 0.1846199333667755 0.5484070181846619 0.1972731649875641 0.5559367537498474 0.19224628806114197 0.5643841624259949
0 0.10926118493080139 0.686614990234375 0.11815351247787476 0.6821751594543457 0.1245005875825882 0.6948875188827515 0.11560826003551483 0.6993273496627808
0 0.14775170385837555 0.6061388850212097 0.1544388383626938 0.5980390906333923 0.16496406495571136 0.6067286133766174 0.15827693045139313 0.6148284077644348
0 0.2913249433040619 0.8367346525192261 0.292304664850235 0.8257464170455933 0.30792078375816345 0.8271387815475464 0.30694106221199036 0.8381270170211792
0 0.15650251507759094 0.6428852081298828 0.16594842076301575 0.6389893293380737 0.17094361782073975 0.6511006355285645 0.16149771213531494 0.6549965143203735
0 0.12858234345912933 0.6689136624336243 0.13920436799526215 0.6676096320152283 0.1408696323633194 0.6811737418174744 0.13024760782718658 0.6824777722358704
0 0.19383198022842407 0.6170039772987366 0.20259833335876465 0.6129968762397766 0.2086872160434723 0.62631756067276 0.1999208629131317 0.63032466173172
0 0.16607190668582916 0.6662658452987671 0.17555807530879974 0.6625787019729614 0.18146099150180817 0.6777654886245728 0.17197482287883759 0.6814526319503784
0 0.13548243045806885 0.692564845085144 0.1459319293498993 0.6915329694747925 0.14724838733673096 0.7048637866973877 0.1367988884449005 0.7058956623077393
0 0.13382010161876678 0.5956765413284302 0.1429303139448166 0.590888500213623 0.14881987869739532 0.6020947694778442 0.13970966637134552 0.6068828105926514
0 0.14146028459072113 0.6936383843421936 0.14215047657489777 0.679770290851593 0.15275146067142487 0.6802979111671448 0.15206126868724823 0.6941660046577454
0 0.19706164300441742 0.615010678768158 0.206122025847435 0.6114595532417297 0.21160651743412018 0.6254529356956482 0.2025461345911026 0.6290040612220764
0 0.13649579882621765 0.6681281328201294 0.13859087228775024 0.655145525932312 0.14866292476654053 0.6567709445953369 0.14656785130500793 0.6697535514831543
0 0.14164157211780548 0.6497437953948975 0.14241255819797516 0.6369286775588989 0.1526799350976944 0.6375464200973511 0.15190894901752472 0.6503615379333496
0 0.14699263870716095 0.6770234704017639 0.1510564237833023 0.6641317009925842 0.16085349023342133 0.6672199368476868 0.15678970515727997 0.6801117062568665
0 0.06449969112873077 0.6026351451873779 0.07152032852172852 0.5948910713195801 0.07974627614021301 0.6023485660552979 0.07272563874721527 0.6100926399230957
