0 0.8450648188591003 0.9022780060768127 0.899847686290741 0.8969454169273376 0.901934802532196 0.9183869957923889 0.8471519351005554 0.923719584941864
0 0.7268785238265991 0.9107002019882202 0.8115370273590088 0.9031916856765747 0.8136434555053711 0.9269421100616455 0.7289849519729614 0.934450626373291
0 0.7883756756782532 0.736849308013916 0.8488216996192932 0.6942230463027954 0.8615815043449402 0.7123171091079712 0.8011354804039001 0.7549433708190918
0 0.7092095017433167 0.5178953409194946 0.7321401238441467 0.5011520385742188 0.7414688467979431 0.5139280557632446 0.718538224697113 0.5306713581085205
0 0.5528586506843567 0.8622446656227112 0.5962414145469666 0.8419395089149475 0.6049146056175232 0.8604699969291687 0.5615318417549133 0.8807751536369324
0 0.895958662033081 0.3621426522731781 0.9025735855102539 0.2698099911212921 0.9252156019210815 0.27143213152885437 0.9186006784439087 0.36376479268074036
0 0.6244459748268127 0.8419363498687744 0.6639172434806824 0.8152042627334595 0.6748324036598206 0.831321120262146 0.6353611350059509 0.8580532073974609
0 0.6887439489364624 0.531438410282135 0.7115085124969482 0.5166798233985901 0.7191227674484253 0.5284244418144226 0.6963582038879395 0.5431830286979675
0 0.6046949028968811 0.9214782118797302 0.7057448029518127 0.9117276072502136 0.7083802819252014 0.93904048204422 0.6073303818702698 0.9487910866737366
0 0.7446482181549072 0.4934053421020508 0.767332911491394 0.4747250974178314 0.7783969640731812 0.48816096782684326 0.7557122707366943 0.5068411827087402
0 0.735831081867218 0.5988873243331909 0.8262625336647034 0.5360199213027954 0.8403034806251526 0.5562170743942261 0.7498720288276672 0.6190844774246216
0 0.9053357243537903 0.2301524579524994 0.91715008020401 0.05331690236926079 0.9500266909599304 0.05551338195800781 0.9382123351097107 0.23234893381595612
0 0.5219312310218811 0.060768041759729385 0.5228442549705505 0.045790623873472214 0.5333094000816345 0.04642858728766441 0.5323963761329651 0.061406005173921585
