0 0.029049348086118698 0.5845812559127808 0.037889424711465836 0.5607068538665771 0.05001242086291313 0.5651956796646118 0.041172344237565994 0.5890700817108154
0 0.3660488426685333 0.6128804683685303 0.3740512430667877 0.604514479637146 0.38596317172050476 0.6159088611602783 0.37796077132225037 0.6242748498916626
0 0.3554603159427643 0.6141846179962158 0.36378344893455505 0.6064435243606567 0.3742452561855316 0.6176919937133789 0.36592212319374084 0.625433087348938
0 0.08899614214897156 0.8818067312240601 0.09939464926719666 0.8700212240219116 0.10782131552696228 0.8774561882019043 0.09742280840873718 0.8892416954040527
0 0.3007838726043701 0.5116167068481445 0.30807721614837646 0.5028046369552612 0.3205205798149109 0.5131033658981323 0.31322723627090454 0.5219154357910156
0 0.049853742122650146 0.939672589302063 0.061545003205537796 0.9372870922088623 0.06523074954748154 0.9553507566452026 0.05353948846459389 0.9577362537384033
0 0.3577953577041626 0.5873769521713257 0.3626670241355896 0.576702356338501 0.37740641832351685 0.5834290981292725 0.37253475189208984 0.5941036939620972
0 0.03196333348751068 0.9175953269004822 0.04360588639974594 0.9155462384223938 0.046458661556243896 0.9317548871040344 0.034816108644008636 0.9338039755821228
0 0.016317106783390045 0.8831163048744202 0.024491969496011734 0.8671097159385681 0.03523312136530876 0.8725953698158264 0.027058258652687073 0.8886019587516785
0 -0.0027169175446033478 0.9241169095039368 0.006375700235366821 0.9168644547462463 0.017010049894452095 0.9301971793174744 0.007917432114481926 0.9374496340751648
0 0.3307900130748749 0.5579420328140259 0.3413325846195221 0.5515760183334351 0.35104891657829285 0.5676668882369995 0.34050634503364563 0.5740329027175903
0 0.9773250222206116 0.4849710166454315 0.9776530861854553 0.4679239094257355 0.99055415391922 0.468172162771225 0.9902260899543762 0.485219269990921
0 0.30720505118370056 0.5283426642417908 0.3192444145679474 0.5282713770866394 0.31935420632362366 0.5468282103538513 0.30731484293937683 0.5468994975090027
0 0.9242862462997437 0.32164111733436584 0.928876519203186 0.3107210695743561 0.9471234083175659 0.31839117407798767 0.9425331354141235 0.32931122183799744
0 0.2199147343635559 0.8316096663475037 0.22967812418937683 0.8246111273765564 0.23901602625846863 0.8376381993293762 0.2292526364326477 0.8446367383003235
0 0.355850487947464 0.6289206147193909 0.3617143929004669 0.6195688843727112 0.3736688196659088 0.6270648837089539 0.3678049147129059 0.6364166140556335
0 0.32194462418556213 0.5225999355316162 0.332285076379776 0.5172872543334961 0.3396507203578949 0.5316237211227417 0.32931026816368103 0.5369364023208618
0 0.711761474609375 0.4684760570526123 0.7184261083602905 0.450961709022522 0.7293816804885864 0.45513051748275757 0.7227170467376709 0.4726448655128479
0 0.192704975605011 0.7492870688438416 0.20279374718666077 0.7431758046150208 0.21186813712120056 0.7581562399864197 0.20177936553955078 0.7642675042152405
0 0.17821799218654633 0.7905389666557312 0.18518997728824615 0.7764586806297302 0.19514699280261993 0.7813889384269714 0.1881750077009201 0.7954692244529724
0 0.25654280185699463 0.781213641166687 0.2636409401893616 0.7720702886581421 0.2764536738395691 0.7820169925689697 0.26935553550720215 0.7911603450775146
0 0.12295140326023102 0.7745578289031982 0.13208036124706268 0.7593773603439331 0.14225564897060394 0.7654963731765747 0.13312669098377228 0.7806768417358398
0 0.09043385833501816 0.7843631505966187 0.09187785536050797 0.766899585723877 0.10320577770471573 0.7678362131118774 0.10176178067922592 0.7852997779846191
0 0.35364291071891785 0.6382614374160767 0.36026468873023987 0.6292257308959961 0.3721531331539154 0.6379381418228149 0.3655313551425934 0.6469738483428955
0 0.869624137878418 0.3622901737689972 0.8795088529586792 0.35579827427864075 0.8886082172393799 0.3696533143520355 0.8787235021591187 0.37614521384239197
0 0.10770729184150696 0.891005277633667 0.11779692769050598 0.8764617443084717 0.12727464735507965 0.8830369710922241 0.11718501150608063 0.8975805044174194
0 0.9566366076469421 0.4615216553211212 0.9602751135826111 0.4442179501056671 0.9717305302619934 0.4466266930103302 0.9680920243263245 0.4639303982257843
0 0.9754281044006348 0.30182382464408875 0.9824298620223999 0.2932198941707611 0.9946092367172241 0.30313143134117126 0.987607479095459 0.3117353618144989
0 0.720844030380249 0.46248891949653625 0.7260030508041382 0.44708165526390076 0.7363561391830444 0.45054832100868225 0.7311971187591553 0.46595558524131775
0 0.17081913352012634 0.7116338610649109 0.1823979616165161 0.711271345615387 0.18290898203849792 0.7275907397270203 0.17133015394210815 0.7279532551765442
0 0.9842896461486816 0.4612825810909271 0.9881339073181152 0.44745364785194397 0.9987581968307495 0.4504070580005646 0.9949139356613159 0.46423599123954773
0 0.9890422224998474 0.35954880714416504 0.9966298937797546 0.3510490655899048 1.0079810619354248 0.36118215322494507 1.0003933906555176 0.3696818947792053
0 0.1674433946609497 0.8098432421684265 0.17291870713233948 0.7960019707679749 0.18338048458099365 0.8001404404640198 0.17790517210960388 0.8139817118644714
0 0.35421812534332275 0.5409671068191528 0.3608033061027527 0.5318922996520996 0.37275850772857666 0.5405676364898682 0.36617332696914673 0.5496424436569214
0 0.3449975550174713 0.6502062082290649 0.3539988100528717 0.6439764499664307 0.36201223731040955 0.6555548906326294 0.35301098227500916 0.6617846488952637
0 0.6743502020835876 0.4619626998901367 0.6830914616584778 0.452028751373291 0.6907851099967957 0.45879870653152466 0.6820438504219055 0.46873265504837036
0 0.3810311555862427 0.5860834121704102 0.39384567737579346 0.5833907127380371 0.3960081934928894 0.5936822891235352 0.3831936717033386 0.5963749885559082
0 0.06024474650621414 0.9124118685722351 0.07093574106693268 0.9098276495933533 0.0743224248290062 0.9238383173942566 0.06363143026828766 0.9264225363731384
0 0.2760966420173645 0.509316623210907 0.28576385974884033 0.5027768015861511 0.2953838109970093 0.5169970393180847 0.28571659326553345 0.5235368609428406
0 0.9680453538894653 0.44824862480163574 0.9697153568267822 0.4331153631210327 0.9812766313552856 0.4343911409378052 0.9796066284179688 0.4495244026184082
0 0.23309177160263062 0.8187289237976074 0.23674538731575012 0.8074953556060791 0.25266003608703613 0.812671422958374 0.24900642037391663 0.8239049911499023
0 0.27354711294174194 0.7511623501777649 0.27781420946121216 0.7409707903862 0.29178619384765625 0.7468207478523254 0.28751909732818604 0.7570123076438904
0 0.3595806062221527 0.5718255043029785 0.3659305274486542 0.5629987716674805 0.3766263425350189 0.5706932544708252 0.37027642130851746 0.5795199871063232
0 0.7035946846008301 0.41670966148376465 0.7172765731811523 0.40787625312805176 0.7232822179794312 0.41717827320098877 0.7096003293991089 0.42601168155670166
0 0.04644836485385895 0.8895744681358337 0.0533214807510376 0.8749955296516418 0.06368499249219894 0.8798813223838806 0.056811876595020294 0.8944602608680725
0 0.9378764033317566 0.417073518037796 0.9493232369422913 0.4138043224811554 0.9539315104484558 0.4299398362636566 0.9424846768379211 0.43320903182029724
0 0.36070942878723145 0.5274690389633179 0.3660702109336853 0.5181097984313965 0.37860000133514404 0.5252865552902222 0.3732392191886902 0.5346457958221436
0 0.3464404046535492 0.5938317179679871 0.34923872351646423 0.5833216309547424 0.36228320002555847 0.5867947936058044 0.35948488116264343 0.5973048806190491
0 0.1386522501707077 0.7162492871284485 0.14448072016239166 0.7012692093849182 0.15515203773975372 0.7054211497306824 0.14932356774806976 0.7204012274742126
0 0.27180126309394836 0.7556435465812683 0.2762722671031952 0.7454997897148132 0.2894250452518463 0.7512970566749573 0.2849540412425995 0.7614408135414124
0 0.07236907631158829 0.8416668176651001 0.0735812857747078 0.8241493701934814 0.08476444333791733 0.8249232769012451 0.08355223387479782 0.8424407243728638
0 0.6977612972259521 0.4615577757358551 0.6998778581619263 0.4466804563999176 0.7103663682937622 0.44817259907722473 0.7082498073577881 0.46304991841316223
0 0.27502331137657166 0.46343857049942017 0.2920210063457489 0.4602741003036499 0.2941873371601105 0.471910297870636 0.2771896421909332 0.47507476806640625
0 0.10654062032699585 0.808303713798523 0.1131390631198883 0.7939243316650391 0.12324973940849304 0.7985639572143555 0.11665129661560059 0.8129433393478394
0 0.013114017434418201 0.9682625532150269 0.01940062642097473 0.9596474170684814 0.030396047979593277 0.9676710367202759 0.024109438061714172 0.9762861728668213
0 0.6655578017234802 0.4526880979537964 0.6769872307777405 0.4440493583679199 0.6830560564994812 0.45207875967025757 0.671626627445221 0.46071749925613403
0 0.13661174476146698 0.6729927062988281 0.14075200259685516 0.6584128141403198 0.1512507051229477 0.6613941192626953 0.1471104472875595 0.6759740114212036
0 0.47248709201812744 0.3647625148296356 0.48828643560409546 0.36087343096733093 0.49109363555908203 0.37227770686149597 0.475294291973114 0.37616679072380066
0 0.133042573928833 0.8337521553039551 0.143776535987854 0.8331934213638306 0.14448750019073486 0.8468508720397949 0.13375353813171387 0.8474096059799194
0 0.36606645584106445 0.5063268542289734 0.38119077682495117 0.5038571953773499 0.3830345869064331 0.5151488184928894 0.3679102659225464 0.5176184773445129
0 0.7234060168266296 0.43716755509376526 0.7235034108161926 0.42617323994636536 0.7383607029914856 0.4263049066066742 0.7382633090019226 0.4372992217540741
0 0.7010049223899841 0.46285367012023926 0.7017194628715515 0.44924336671829224 0.7120221257209778 0.44978421926498413 0.7113075852394104 0.46339452266693115
0 0.38820013403892517 0.5844194889068604 0.39255818724632263 0.5746926069259644 0.40442654490470886 0.5800100564956665 0.4000684916973114 0.5897369384765625
0 0.6846047639846802 0.46408241987228394 0.6909737586975098 0.45125752687454224 0.7004334926605225 0.4559553265571594 0.6940644979476929 0.4687802195549011
0 0.7172786593437195 0.4817664921283722 0.7240768074989319 0.4657709300518036 0.7341888546943665 0.4700685441493988 0.727390706539154 0.4860641062259674
0 0.6948005557060242 0.3960703909397125 0.6997197270393372 0.38640233874320984 0.7131873965263367 0.3932548463344574 0.7082682251930237 0.4029228985309601
0 0.6783273816108704 0.4538549482822418 0.6844269633293152 0.4430011212825775 0.6932510733604431 0.44796010851860046 0.6871514916419983 0.45881393551826477
0 0.29189613461494446 0.5707933306694031 0.29870501160621643 0.5566126704216003 0.30889996886253357 0.5615077614784241 0.3020910918712616 0.5756884217262268
0 0.3517661392688751 0.6455773711204529 0.3607465922832489 0.640327513217926 0.3669362962245941 0.6509155631065369 0.35795584321022034 0.6561654210090637
0 0.7369375228881836 0.42081183195114136 0.7407753467559814 0.4095228314399719 0.7583426237106323 0.4154950976371765 0.7545047998428345 0.42678409814834595
0 0.14304904639720917 0.8131332993507385 0.15240566432476044 0.8080992102622986 0.15854673087596893 0.8195133805274963 0.14919011294841766 0.8245474696159363
0 0.811103343963623 0.42590758204460144 0.8259046077728271 0.4245920479297638 0.8268636465072632 0.43538227677345276 0.8120623826980591 0.4366978108882904
0 0.3779993951320648 0.6133257746696472 0.38265594840049744 0.6038522124290466 0.3939070403575897 0.6093824505805969 0.3892504870891571 0.6188560128211975
0 0.2426585853099823 0.8122105002403259 0.24550512433052063 0.8012656569480896 0.2602632939815521 0.8051039576530457 0.2574167549610138 0.816048800945282
0 0.7275055050849915 0.4604085087776184 0.7397814393043518 0.45386236906051636 0.7447440028190613 0.4631686806678772 0.7324680685997009 0.46971482038497925
0 0.3208150267601013 0.4945439398288727 0.33541446924209595 0.493580162525177 0.3361515402793884 0.504745364189148 0.3215520977973938 0.5057091116905212
0 0.22929595410823822 0.8275952339172363 0.2295033186674118 0.8163385391235352 0.23940889537334442 0.8165210485458374 0.23920153081417084 0.8277777433395386
0 0.14705009758472443 0.10018427670001984 0.14780522882938385 0.08993487060070038 0.16102011501789093 0.0909084677696228 0.1602649837732315 0.10115787386894226
0 0.33368390798568726 0.6669335961341858 0.3428570628166199 0.6607195734977722 0.35108673572540283 0.6728681921958923 0.3419135808944702 0.6790822148323059
0 0.6789857149124146 0.42789435386657715 0.6912184953689575 0.42419636249542236 0.6941461563110352 0.43388116359710693 0.6819133758544922 0.4375791549682617
0 0.22786477208137512 0.4527750313282013 0.23577144742012024 0.4452177584171295 0.2457142174243927 0.4556201994419098 0.23780754208564758 0.46317747235298157
0 0.33303120732307434 0.6799589395523071 0.3397638499736786 0.671524167060852 0.35033097863197327 0.6799588203430176 0.343598335981369 0.6883935928344727
0 0.3408437967300415 0.6603465676307678 0.34725236892700195 0.6492637991905212 0.3561829924583435 0.6544279456138611 0.34977442026138306 0.6655107140541077
0 0.7424682974815369 0.4596033990383148 0.7504971623420715 0.44973787665367126 0.7584794163703918 0.45623406767845154 0.7504505515098572 0.4660995900630951
0 0.6813201904296875 0.4734759032726288 0.6900300979614258 0.46519896388053894 0.6967852115631104 0.4723074734210968 0.6880753040313721 0.48058441281318665
0 0.26139551401138306 0.7989230751991272 0.2655010223388672 0.7864450812339783 0.2754725217819214 0.7897258400917053 0.27136701345443726 0.8022038340568542
0 0.3347044587135315 0.6441322565078735 0.34526491165161133 0.6437017917633057 0.34578758478164673 0.656524658203125 0.3352271318435669 0.6569551229476929
0 0.3888372778892517 0.5955305099487305 0.3989461660385132 0.5949292182922363 0.3996639847755432 0.6069965362548828 0.38955509662628174 0.607597827911377
0 0.9811066389083862 0.42348623275756836 0.9906203746795654 0.4194466471672058 0.9955037832260132 0.4309476613998413 0.985990047454834 0.43498724699020386
0 0.3147733509540558 0.6103814244270325 0.32504066824913025 0.6084502339363098 0.32744958996772766 0.6212573647499084 0.3171822726726532 0.6231885552406311
0 0.3707437515258789 0.49434664845466614 0.38387203216552734 0.4929850399494171 0.3849445581436157 0.5033265352249146 0.3718162775039673 0.5046881437301636
0 0.2719612419605255 0.7710438370704651 0.2786249816417694 0.7629261612892151 0.28835734724998474 0.7709154486656189 0.28169360756874084 0.7790331244468689
0 0.3066764771938324 0.6998398303985596 0.30822113156318665 0.6893261671066284 0.3217262327671051 0.6913102865219116 0.32018157839775085 0.7018239498138428
0 0.5216568112373352 0.36070239543914795 0.5301375985145569 0.34985560178756714 0.5382440686225891 0.35619378089904785 0.5297632813453674 0.36704057455062866
0 0.461216002702713 0.32532769441604614 0.4762989580631256 0.32491356134414673 0.4766189157962799 0.3365667462348938 0.4615359604358673 0.3369808793067932
0 0.2984304428100586 0.674630880355835 0.30856436491012573 0.6711050271987915 0.31296026706695557 0.6837396621704102 0.3028263449668884 0.6872655153274536
0 0.9594549536705017 0.4973166882991791 0.9665709137916565 0.4865542948246002 0.9752057194709778 0.492263525724411 0.968089759349823 0.5030258893966675
0 0.7234222888946533 0.48833030462265015 0.7260675430297852 0.47517871856689453 0.7360754013061523 0.47719162702560425 0.7334301471710205 0.49034321308135986
0 0.7525448203086853 0.44998714327812195 0.7614564299583435 0.4397027790546417 0.769282877445221 0.44648459553718567 0.7603712677955627 0.4567689597606659
0 0.8591597676277161 0.42534375190734863 0.8643613457679749 0.4159999489784241 0.875862181186676 0.4224022626876831 0.8706606030464172 0.43174606561660767
0 0.37806206941604614 0.5240288376808167 0.3857370615005493 0.5172646641731262 0.39362043142318726 0.5262095332145691 0.3859454393386841 0.5329737067222595
0 0.777692437171936 0.45736458897590637 0.7831369638442993 0.444627970457077 0.7928746938705444 0.448790580034256 0.7874301671981812 0.4615271985530853
0 0.5018271803855896 0.38025370240211487 0.5127491354942322 0.37293168902397156 0.5185311436653137 0.3815564811229706 0.5076091885566711 0.3888784945011139
0 0.3767443895339966 0.5825026631355286 0.37907958030700684 0.5725643038749695 0.3907216191291809 0.5752997994422913 0.38838642835617065 0.5852381587028503
0 0.37867027521133423 0.6172126531600952 0.3875848054885864 0.6127908229827881 0.39280909299850464 0.6233232021331787 0.38389456272125244 0.6277450323104858
0 0.16428261995315552 0.8226586580276489 0.1744573414325714 0.8220984935760498 0.17512792348861694 0.8342795372009277 0.16495320200920105 0.8348397016525269
0 0.16500495374202728 0.5847171545028687 0.17591948807239532 0.5818259716033936 0.17974914610385895 0.5962836742401123 0.1688346117734909 0.5991748571395874
0 0.2695010006427765 0.7328782081604004 0.2717338502407074 0.7227822542190552 0.2839318811893463 0.7254799604415894 0.2816990315914154 0.7355759143829346
0 0.2749858498573303 0.7669342756271362 0.2770042419433594 0.7563269138336182 0.2897949814796448 0.7587608098983765 0.2877765893936157 0.7693681716918945
0 0.3427838385105133 0.4948809742927551 0.34654417634010315 0.48520463705062866 0.35867902636528015 0.48992037773132324 0.3549186885356903 0.4995967149734497
0 0.3180987238883972 0.6907603144645691 0.32290762662887573 0.681049644947052 0.33500242233276367 0.6870391964912415 0.33019351959228516 0.6967498660087585
0 0.15033899247646332 0.9760401248931885 0.16438908874988556 0.9733160734176636 0.16651512682437897 0.9842817783355713 0.15246503055095673 0.9870058298110962
0 0.3949424624443054 0.5318576693534851 0.39987194538116455 0.5229904055595398 0.41068220138549805 0.5289999842643738 0.4057527184486389 0.5378672480583191
0 0.4540235996246338 0.3770235776901245 0.4601912498474121 0.3688451647758484 0.47014421224594116 0.3763510584831238 0.46397656202316284 0.3845294713973999
0 0.4693368673324585 0.37705785036087036 0.4801548719406128 0.37065041065216064 0.4854475259780884 0.37958627939224243 0.4746295213699341 0.38599371910095215
1 0.25939902663230896 0.07400567084550858 0.2757302224636078 0.040693916380405426 0.29049238562583923 0.047931112349033356 0.2741611897945404 0.0812428668141365
1 0.20723724365234375 0.10478219389915466 0.24755749106407166 0.10393095016479492 0.2478475272655487 0.11766904592514038 0.2075272798538208 0.11852028965950012
1 0.3805733919143677 0.18896423280239105 0.4154871702194214 0.18639318645000458 0.41658473014831543 0.2012980431318283 0.3816709518432617 0.20386908948421478
