0 0.5367357730865479 0.2743815779685974 0.5479390621185303 0.27158820629119873 0.552016019821167 0.2879396677017212 0.5408127307891846 0.2907330393791199
0 0.5268271565437317 0.29861271381378174 0.537247359752655 0.2928593158721924 0.5461545586585999 0.3089914917945862 0.5357343554496765 0.31474488973617554
0 0.5945634245872498 0.27493903040885925 0.6022068858146667 0.2672354280948639 0.6123068928718567 0.277256578207016 0.6046634316444397 0.28496018052101135
0 0.5625042915344238 0.2806466221809387 0.573535680770874 0.276631236076355 0.5794590711593628 0.2929045557975769 0.5684276819229126 0.29691994190216064
0 0.5879144072532654 0.28660640120506287 0.5973244309425354 0.2809821665287018 0.6046656966209412 0.2932650148868561 0.5952556729316711 0.29888924956321716
0 0.4973437190055847 0.29835426807403564 0.5090295672416687 0.2921012043952942 0.5168750882148743 0.3067629933357239 0.5051892399787903 0.31301605701446533
0 0.52849280834198 0.2480722814798355 0.5393639802932739 0.24800314009189606 0.5394548177719116 0.26228129863739014 0.5285836458206177 0.2623504400253296
0 0.6407994031906128 0.30240797996520996 0.6514668464660645 0.30181849002838135 0.6522271633148193 0.3155771493911743 0.6415597200393677 0.31616663932800293
0 0.6098157167434692 0.30792105197906494 0.6203840970993042 0.305195152759552 0.6239681243896484 0.3190906047821045 0.6133997440338135 0.32181650400161743
0 0.645092785358429 0.362911194562912 0.6459802985191345 0.34876880049705505 0.6564106345176697 0.3494233191013336 0.6555231213569641 0.36356571316719055
0 0.5257338881492615 0.2482004016637802 0.5360061526298523 0.2474125474691391 0.536986768245697 0.26019734144210815 0.5267145037651062 0.26098519563674927
0 0.5381901264190674 0.3421882092952728 0.5400164127349854 0.33175185322761536 0.553336501121521 0.3340827524662018 0.551510214805603 0.34451910853385925
0 0.47178810834884644 0.30414026975631714 0.48150426149368286 0.3002275824546814 0.48617833852767944 0.31183457374572754 0.476462185382843 0.3157472610473633
0 0.6308348178863525 0.31901851296424866 0.6414438486099243 0.3169802725315094 0.6440014839172363 0.33029279112815857 0.6333924531936646 0.3323310315608978
0 0.6140487194061279 0.2763153314590454 0.6241010427474976 0.27406173944473267 0.6268800497055054 0.2864575982093811 0.6168277263641357 0.28871119022369385
0 0.6510829925537109 0.30224066972732544 0.6610732078552246 0.30041617155075073 0.6633141040802002 0.31268632411956787 0.6533238887786865 0.3145108222961426
0 0.6233042478561401 0.2614009976387024 0.63383948802948 0.2609570622444153 0.6343878507614136 0.27397042512893677 0.6238526105880737 0.2744143605232239
0 0.20702075958251953 0.2353549301624298 0.218124657869339 0.2335902452468872 0.22022894024848938 0.24683097004890442 0.20912504196166992 0.24859565496444702
0 0.2195148915052414 0.2585858404636383 0.22888584434986115 0.2521260678768158 0.23780204355716705 0.2650604546070099 0.2284310907125473 0.2715202271938324
1 0.1442461460828781 0.47859644889831543 0.15170301496982574 0.4634963274002075 0.18594352900981903 0.4804052710533142 0.1784866601228714 0.4955053925514221
0 0.8000245690345764 0.38568997383117676 0.8090476393699646 0.37981921434402466 0.816855251789093 0.3918192386627197 0.8078321814537048 0.3976899981498718
1 0.9456064701080322 0.43123361468315125 0.9696333408355713 0.427860826253891 0.97127366065979 0.43954572081565857 0.947246789932251 0.4429185092449188
0 0.4502485990524292 0.31668025255203247 0.46057313680648804 0.3134533166885376 0.4642069339752197 0.3250795006752014 0.4538823962211609 0.3283064365386963
0 0.5816755294799805 0.2548142671585083 0.5919990539550781 0.2505143880844116 0.5965961217880249 0.2615516185760498 0.5862725973129272 0.2658514976501465
0 0.5082681179046631 0.26366373896598816 0.519039511680603 0.2598155438899994 0.5236996412277222 0.2728595435619354 0.5129282474517822 0.2767077386379242
