0 0.9798669815063477 0.21290571987628937 0.9982419013977051 0.20071358978748322 1.0063838958740234 0.2129846066236496 0.988008975982666 0.22517673671245575
0 0.8271569013595581 0.11581669002771378 0.829846978187561 0.10288416594266891 0.8501180410385132 0.10710065811872482 0.8474279642105103 0.12003318220376968
0 0.9804713726043701 0.18496544659137726 0.9921913146972656 0.17378084361553192 0.9995226860046387 0.1814631074666977 0.9878027439117432 0.19264771044254303
0 0.6326257586479187 0.10766449570655823 0.6382697224617004 0.09763717651367188 0.6542118191719055 0.10661020874977112 0.6485678553581238 0.11663752794265747
0 0.7046741843223572 0.049123458564281464 0.7072411179542542 0.03638812154531479 0.7265141606330872 0.040272802114486694 0.7239472270011902 0.05300813913345337
0 0.7454200387001038 0.014353259466588497 0.7473477721214294 0.0020001009106636047 0.7653049826622009 0.004802406765520573 0.7633772492408752 0.017155565321445465
0 0.28073522448539734 0.0065126740373671055 0.29250290989875793 -0.003184900153428316 0.3001924455165863 0.006146084982901812 0.2884247601032257 0.01584365963935852
0 0.7450570464134216 0.017819887027144432 0.7463759779930115 0.00617295503616333 0.7654528021812439 0.008333329111337662 0.764133870601654 0.019980261102318764
0 0.6679932475090027 0.11169895529747009 0.6864448189735413 0.1066070944070816 0.6895201802253723 0.11775155365467072 0.6710686087608337 0.1228434145450592
1 0.0005340892821550369 0.46529996395111084 0.01803816854953766 0.4585608243942261 0.061064571142196655 0.5703161954879761 0.043560490012168884 0.5770553350448608
1 0.037093840539455414 0.5091031789779663 0.03993392735719681 0.49350666999816895 0.10096205025911331 0.5046197175979614 0.09812196344137192 0.5202162265777588
0 0.4153285324573517 0.523177981376648 0.42462554574012756 0.5162882804870605 0.43472179770469666 0.5299121141433716 0.4254247844219208 0.536801815032959
1 0.6934611797332764 0.7564693093299866 0.7066357135772705 0.7387558817863464 0.8136882781982422 0.8183773159980774 0.800513744354248 0.8360907435417175
1 0.6885961890220642 0.3216434419155121 0.7020631432533264 0.3057093322277069 0.746213972568512 0.3430239260196686 0.7327470183372498 0.35895803570747375
0 0.6832084059715271 0.06853452324867249 0.6872867941856384 0.056935280561447144 0.7095409035682678 0.06476008892059326 0.7054625153541565 0.0763593316078186
1 0.7707523107528687 0.6288518905639648 0.7730807065963745 0.616855263710022 0.7999887466430664 0.6220778226852417 0.7976603507995605 0.6340744495391846
0 0.8565176129341125 0.2523469924926758 0.8718801140785217 0.2503625750541687 0.8732408881187439 0.26089727878570557 0.8578783869743347 0.26288169622421265
0 0.8725848197937012 0.2452542632818222 0.88111412525177 0.23707155883312225 0.8880611658096313 0.2443128377199173 0.8795318603515625 0.25249552726745605
