0 0.1991911083459854 0.30489635467529297 0.20593886077404022 0.29600465297698975 0.21889223158359528 0.3058347702026367 0.21214447915554047 0.31472647190093994
0 0.24389968812465668 0.35236456990242004 0.2508801221847534 0.34216758608818054 0.2686462998390198 0.3543296158313751 0.26166588068008423 0.3645265996456146
0 0.10890169441699982 0.22073671221733093 0.11657498776912689 0.2120063304901123 0.1332692950963974 0.226679265499115 0.12559600174427032 0.23540964722633362
0 0.5679383277893066 0.27506351470947266 0.5779696702957153 0.268366277217865 0.5884767770767212 0.28410422801971436 0.5784454345703125 0.290801465511322
0 0.2424180805683136 0.12602238357067108 0.25059303641319275 0.11722762882709503 0.2661531865596771 0.13169117271900177 0.257978230714798 0.14048592746257782
0 0.9895561933517456 0.06669756770133972 0.9940697550773621 0.0565430223941803 1.0080326795578003 0.06274938583374023 1.003519058227539 0.07290393114089966
0 0.528312623500824 0.1854298710823059 0.5373561978340149 0.17210757732391357 0.5467823147773743 0.17850631475448608 0.5377387404441833 0.19182860851287842
0 0.005030273459851742 0.5185239911079407 0.010773002170026302 0.5048537850379944 0.02018195390701294 0.5088064074516296 0.014439226128160954 0.5224766135215759
0 0.0018033026717603207 0.5179281234741211 0.00743435462936759 0.5040136575698853 0.017125310376286507 0.5079355239868164 0.011494258418679237 0.5218499898910522
0 0.2983212471008301 0.3291149139404297 0.30488425493240356 0.32054656744003296 0.3164687156677246 0.3294197916984558 0.3099057078361511 0.33798813819885254
0 0.3303872346878052 0.31604254245758057 0.33623558282852173 0.3077392578125 0.3472297787666321 0.3154829144477844 0.3413814306259155 0.323786199092865
0 0.45378488302230835 0.2956777513027191 0.46519237756729126 0.28819766640663147 0.47400522232055664 0.3016376197338104 0.46259772777557373 0.30911770462989807
0 0.6284714341163635 0.21300512552261353 0.6337159276008606 0.20348963141441345 0.6481656432151794 0.2114536166191101 0.6429211497306824 0.22096911072731018
0 0.9834885597229004 0.07602617889642715 0.9879655838012695 0.06661773473024368 1.0005162954330444 0.07259009033441544 0.9960392713546753 0.08199853450059891
0 0.5347104668617249 0.2739354968070984 0.5448711514472961 0.26871609687805176 0.5520800948143005 0.2827497720718384 0.5419194102287292 0.287969172000885
0 0.8207599520683289 0.14723950624465942 0.8358822464942932 0.13838884234428406 0.8423828482627869 0.14949572086334229 0.8272605538368225 0.15834638476371765
0 0.9106158018112183 0.1651470810174942 0.9144634008407593 0.15534453094005585 0.9278452396392822 0.16059698164463043 0.9239976406097412 0.1703995317220688
0 0.9793156385421753 0.012115519493818283 0.9831749200820923 0.0018624367658048868 0.9979112148284912 0.0074091218411922455 0.9940519332885742 0.017662204802036285
0 0.665651798248291 0.2978314459323883 0.6777403354644775 0.29762187600135803 0.6780239343643188 0.3139810860157013 0.6659353971481323 0.31419065594673157
0 0.4441097378730774 0.3429540991783142 0.45578110218048096 0.34023332595825195 0.4594639539718628 0.35603177547454834 0.44779258966445923 0.3587525486946106
0 0.847768247127533 0.16027690470218658 0.8557384610176086 0.14483048021793365 0.8664615750312805 0.150363489985466 0.8584913611412048 0.16580991446971893
0 0.9524245858192444 0.006754790898412466 0.9623188376426697 -0.0028401915915310383 0.9752588868141174 0.010503444820642471 0.9653646349906921 0.020098427310585976
0 0.8776044845581055 0.1990414708852768 0.8847169876098633 0.19128911197185516 0.8949650526046753 0.20069129765033722 0.8878525495529175 0.20844365656375885
0 0.753898561000824 0.16752822697162628 0.7583709359169006 0.1572251170873642 0.7742771506309509 0.16412965953350067 0.7698047757148743 0.17443276941776276
0 0.7185907959938049 0.21513284742832184 0.7235727906227112 0.20517005026340485 0.7374957203865051 0.2121323198080063 0.7325137257575989 0.22209511697292328
0 0.9413449168205261 0.12902823090553284 0.9453907608985901 0.11945050954818726 0.9579671025276184 0.1247631311416626 0.9539212584495544 0.13434085249900818
0 0.6724305152893066 0.27350109815597534 0.6783310174942017 0.26413464546203613 0.6907652616500854 0.27196770906448364 0.6848647594451904 0.28133416175842285
0 0.846415638923645 0.1963939368724823 0.8467166423797607 0.18495678901672363 0.864413857460022 0.18542248010635376 0.8641128540039062 0.19685962796211243
0 0.4316118657588959 0.31247952580451965 0.44218841195106506 0.30914440751075745 0.447142094373703 0.3248538076877594 0.4365655481815338 0.3281889259815216
0 0.4575170874595642 0.3368649184703827 0.4664391279220581 0.32923558354377747 0.4775077700614929 0.3421797454357147 0.468585729598999 0.34980908036231995
0 0.5076499581336975 0.31873783469200134 0.5158056616783142 0.31038251519203186 0.5278623700141907 0.32215115427970886 0.519706666469574 0.33050647377967834
0 0.6898446083068848 0.24700351059436798 0.6945946216583252 0.2366149127483368 0.709518313407898 0.24343840777873993 0.7047683000564575 0.2538270056247711
0 0.920706033706665 0.14915096759796143 0.9229656457901001 0.13911637663841248 0.9369863271713257 0.1422736644744873 0.9347267150878906 0.15230825543403625
0 0.21580791473388672 0.16485056281089783 0.22373351454734802 0.15654146671295166 0.23624691367149353 0.16847732663154602 0.22832131385803223 0.1767864227294922
0 0.5566909909248352 0.3069137632846832 0.5675879120826721 0.30556872487068176 0.5694180130958557 0.32039520144462585 0.5585210919380188 0.3217402398586273
0 0.73313969373703 0.2040749341249466 0.7378899455070496 0.19403965771198273 0.7522462010383606 0.2008352428674698 0.7474959492683411 0.21087051928043365
0 0.5842481851577759 0.20478549599647522 0.5951135158538818 0.20259302854537964 0.5977783203125 0.21579918265342712 0.586912989616394 0.2179916501045227
0 0.8925140500068665 0.17936015129089355 0.9043123126029968 0.17219427227973938 0.9097049832344055 0.18107298016548157 0.8979067206382751 0.18823885917663574
0 0.9313147068023682 0.13021977245807648 0.9425179958343506 0.12461142241954803 0.9471522569656372 0.13386891782283783 0.9359489679336548 0.13947726786136627
0 0.6122686862945557 0.24970510601997375 0.6230162382125854 0.24627003073692322 0.6278640031814575 0.2614375650882721 0.6171164512634277 0.26487264037132263
0 0.6254023313522339 0.30456316471099854 0.6367917060852051 0.3015655279159546 0.6409024000167847 0.3171839118003845 0.6295130252838135 0.32018154859542847
0 0.4566335678100586 0.3800152540206909 0.4584919214248657 0.3637658357620239 0.4702523946762085 0.3651108145713806 0.46839404106140137 0.3813602328300476
0 0.47766584157943726 0.29102402925491333 0.48672038316726685 0.2843378782272339 0.49639540910720825 0.2974400520324707 0.48734086751937866 0.30412620306015015
0 0.40176162123680115 0.4621105194091797 0.4112398326396942 0.4575052857398987 0.4170553982257843 0.4694744944572449 0.40757718682289124 0.4740797281265259
0 0.8905911445617676 0.1305311918258667 0.9037034511566162 0.11868643760681152 0.9115457534790039 0.1273680031299591 0.8984334468841553 0.13921275734901428
0 0.8745442032814026 0.1723862588405609 0.8843342661857605 0.16254764795303345 0.8918278813362122 0.1700042188167572 0.8820378184318542 0.17984282970428467
0 0.41784268617630005 0.3882630467414856 0.42790114879608154 0.38067615032196045 0.43842947483062744 0.3946342468261719 0.42837101221084595 0.402221143245697
0 0.5469439029693604 0.34198427200317383 0.5564377307891846 0.33565109968185425 0.5654124021530151 0.34910476207733154 0.5559185743331909 0.3554379343986511
0 0.8813673853874207 0.15616486966609955 0.8933456540107727 0.15038375556468964 0.8978860974311829 0.15979133546352386 0.8859078288078308 0.16557244956493378
0 0.4003691077232361 0.4461284875869751 0.40756064653396606 0.43806731700897217 0.41810739040374756 0.44747626781463623 0.4109158515930176 0.45553743839263916
0 0.38054943084716797 0.3736400604248047 0.38857942819595337 0.36531102657318115 0.4003235697746277 0.37663358449935913 0.3922935724258423 0.38496261835098267
0 0.611751914024353 0.33404305577278137 0.6192021369934082 0.32539865374565125 0.6306475400924683 0.3352629244327545 0.6231973171234131 0.34390732645988464
0 0.41283997893333435 0.4626637101173401 0.4225422441959381 0.4579086899757385 0.42843517661094666 0.4699327349662781 0.4187329113483429 0.47468775510787964
0 0.4131339490413666 0.33823642134666443 0.42357495427131653 0.33295467495918274 0.4306071102619171 0.34685584902763367 0.42016610503196716 0.35213759541511536
0 0.703629195690155 0.2854023873806 0.7096254229545593 0.27694621682167053 0.7202296853065491 0.2844657003879547 0.7142334580421448 0.29292187094688416
0 0.7955102920532227 0.15670384466648102 0.8045245409011841 0.15139038860797882 0.8110415935516357 0.16244657337665558 0.8020273447036743 0.16776002943515778
0 0.4948830008506775 0.35088828206062317 0.4957278370857239 0.3370671570301056 0.5064548850059509 0.3377228081226349 0.5056100487709045 0.35154393315315247
0 0.5225003361701965 0.36674007773399353 0.534187376499176 0.36201730370521545 0.5399423241615295 0.3762584626674652 0.52825528383255 0.3809812366962433
0 0.654039204120636 0.3229174017906189 0.6637021899223328 0.3106154799461365 0.6731193661689758 0.3180125951766968 0.663456380367279 0.3303145170211792
0 0.9495570063591003 0.0628880187869072 0.95103520154953 0.05058657377958298 0.9618650078773499 0.05188789218664169 0.9603868126869202 0.06418933719396591
0 0.9236524105072021 0.09952785074710846 0.9288012981414795 0.0866747796535492 0.9397487640380859 0.09106026589870453 0.9345998764038086 0.1039133369922638
0 0.016007285565137863 0.08957242220640182 0.026589665561914444 0.07874918729066849 0.034227848052978516 0.08621739596128464 0.023645468056201935 0.09704063087701797
