0 0.7337398529052734 0.702787458896637 0.741014838218689 0.6951342225074768 0.7503278255462646 0.7039869427680969 0.7430528402328491 0.7116401791572571
0 0.9100576639175415 0.6784987449645996 0.9173047542572021 0.6703386306762695 0.9278069734573364 0.6796656847000122 0.9205598831176758 0.6878257989883423
0 0.8759433031082153 0.6755998134613037 0.8852359056472778 0.6704702377319336 0.8920460939407349 0.6828073263168335 0.8827534914016724 0.6879369020462036
0 0.814182460308075 0.681300938129425 0.8244338631629944 0.6765007376670837 0.8300911784172058 0.6885825991630554 0.8198397755622864 0.6933827996253967
0 0.7942365407943726 0.6818600296974182 0.8032841682434082 0.6769762635231018 0.8094063997268677 0.6883181929588318 0.800358772277832 0.6932019591331482
0 0.7556456923484802 0.6920149326324463 0.7650001645088196 0.6874426603317261 0.7708106637001038 0.6993305683135986 0.7614561915397644 0.7039028406143188
0 0.7081013321876526 0.7061297297477722 0.7183931469917297 0.7006198763847351 0.7249030470848083 0.7127798199653625 0.7146112322807312 0.7182896733283997
0 0.7165089249610901 0.7230027318000793 0.7234154343605042 0.7156482338905334 0.7329084277153015 0.72456294298172 0.7260019183158875 0.7319174408912659
0 0.7125078439712524 0.7456763386726379 0.7145453691482544 0.7338255047798157 0.7251129150390625 0.7356423735618591 0.7230753898620605 0.7474932074546814
0 0.6124755144119263 0.6871405839920044 0.6213523149490356 0.6806833744049072 0.6268229484558105 0.6882038116455078 0.6179461479187012 0.694661021232605
0 0.8872905969619751 0.7133020758628845 0.8961721658706665 0.7096447348594666 0.900299072265625 0.7196667790412903 0.8914175033569336 0.7233241200447083
0 0.010296877473592758 0.5755844712257385 0.02049332857131958 0.5723884701728821 0.02434377744793892 0.5846728682518005 0.014147326350212097 0.587868869304657
0 0.032036151736974716 0.57576984167099 0.04223645105957985 0.5725849270820618 0.04607745632529259 0.5848862528800964 0.035877157002687454 0.5880711674690247
0 0.1375475972890854 0.6125394701957703 0.1477479189634323 0.609354555606842 0.15158890187740326 0.6216558814048767 0.14138858020305634 0.6248407959938049
0 0.0745311826467514 0.6253149509429932 0.08470457792282104 0.6221009492874146 0.08858959376811981 0.6343985795974731 0.07841619849205017 0.6376125812530518
0 0.16009703278541565 0.6043211817741394 0.17027044296264648 0.6011072993278503 0.17415541410446167 0.6134048104286194 0.16398200392723083 0.6166186928749084
0 0.16649392247200012 0.5864887833595276 0.17669039964675903 0.5832927823066711 0.18054082989692688 0.5955771803855896 0.17034435272216797 0.598773181438446
0 0.18042631447315216 0.5731748342514038 0.19061781466007233 0.5699803829193115 0.19447319209575653 0.5822805166244507 0.18428169190883636 0.585474967956543
0 0.19941329956054688 0.5820966362953186 0.2095867097377777 0.5788827538490295 0.2134716808795929 0.5911802649497986 0.20329827070236206 0.5943941473960876
0 0.1450531780719757 0.5830562114715576 0.15524965524673462 0.5798602104187012 0.15910008549690247 0.5921446084976196 0.14890360832214355 0.5953406095504761
