0 0.057563092559576035 0.8265670537948608 0.07022202014923096 0.8133963346481323 0.11339202523231506 0.854888916015625 0.10073310136795044 0.8680596351623535
0 0.12517060339450836 0.4486207962036133 0.1366433948278427 0.43891841173171997 0.159973606467247 0.466505765914917 0.14850081503391266 0.4762081503868103
0 0.3765282928943634 0.8155396580696106 0.37978795170783997 0.8016588091850281 0.40251466631889343 0.8069958090782166 0.39925500750541687 0.8208766579627991
0 0.29664549231529236 0.7094935774803162 0.2987764775753021 0.6966131329536438 0.3183278739452362 0.6998477578163147 0.31619688868522644 0.7127282023429871
0 0.25263431668281555 0.8316977024078369 0.26204994320869446 0.8219709396362305 0.2826150953769684 0.8418782949447632 0.2731994688510895 0.8516050577163696
0 0.29385825991630554 0.8824596405029297 0.2992519438266754 0.8711726665496826 0.32671698927879333 0.8842973709106445 0.32132330536842346 0.8955843448638916
0 0.27240002155303955 0.48786038160324097 0.2752019166946411 0.47497987747192383 0.29483771324157715 0.47925132513046265 0.2920358180999756 0.4921318292617798
0 0.40587496757507324 0.7417417764663696 0.41141730546951294 0.7307734489440918 0.434148907661438 0.7422597408294678 0.4286065697669983 0.7532280683517456
0 0.018075410276651382 0.42401212453842163 0.02545866370201111 0.41305333375930786 0.042286671698093414 0.42439085245132446 0.03490341827273369 0.43534964323043823
0 0.4226211905479431 0.852395236492157 0.43156135082244873 0.8436949849128723 0.4475317597389221 0.8601056933403015 0.4385915994644165 0.8688059449195862
0 0.24257731437683105 0.6017298102378845 0.2530254125595093 0.5955336689949036 0.2627955675125122 0.6120085120201111 0.252347469329834 0.618204653263092
0 0.44991499185562134 0.7716902494430542 0.45103949308395386 0.7593291997909546 0.4690766930580139 0.7609701156616211 0.4679521918296814 0.7733311653137207
0 0.3451155722141266 0.7607503533363342 0.3496330678462982 0.7495530247688293 0.37271764874458313 0.7588662505149841 0.3682001531124115 0.770063579082489
0 0.3365813195705414 0.6668023467063904 0.3404946029186249 0.655780017375946 0.36647477746009827 0.6650038361549377 0.36256149411201477 0.6760261654853821
0 0.2568296194076538 0.5597985982894897 0.2635878920555115 0.5503723621368408 0.28158992528915405 0.5632791519165039 0.2748316526412964 0.5727053880691528
1 0.08719590306282043 0.925820529460907 0.10736855864524841 0.8848528265953064 0.12603163719177246 0.8940425515174866 0.10585898160934448 0.9350102543830872
0 0.3796977400779724 0.8633579015731812 0.40229398012161255 0.8614025115966797 0.40328478813171387 0.8728526830673218 0.38068854808807373 0.8748080730438232
0 0.419683575630188 0.7778371572494507 0.43130946159362793 0.773906946182251 0.43682020902633667 0.7902083396911621 0.42519432306289673 0.7941385507583618
0 0.44955378770828247 0.8151509761810303 0.4536125659942627 0.8051497936248779 0.46813273429870605 0.8110425472259521 0.46407395601272583 0.8210437297821045
0 0.47527679800987244 0.7653528451919556 0.4753477871417999 0.754822850227356 0.49019357562065125 0.7549229860305786 0.49012258648872375 0.7654529809951782
0 0.46977680921554565 0.7055246233940125 0.4727599620819092 0.6953300833702087 0.4880135655403137 0.6997936367988586 0.4850304126739502 0.7099881768226624
0 0.294524222612381 0.525061309337616 0.29683998227119446 0.515362560749054 0.31125691533088684 0.5188048481941223 0.30894115567207336 0.5285035967826843
0 0.46605104207992554 0.7257213592529297 0.4705997705459595 0.7157697677612305 0.48505699634552 0.7223780155181885 0.4805082678794861 0.7323296070098877
0 0.45554453134536743 0.6895803809165955 0.45717328786849976 0.6794443726539612 0.4738966226577759 0.6821317076683044 0.47226786613464355 0.6922677159309387
0 0.4429694712162018 0.7407093048095703 0.4464573562145233 0.7299132347106934 0.4652784764766693 0.7359937429428101 0.4617905914783478 0.746789813041687
0 0.050298843532800674 0.8109680414199829 0.05870312824845314 0.8028913736343384 0.07156844437122345 0.8162785768508911 0.06316415965557098 0.8243552446365356
0 0.11131548881530762 0.9730143547058105 0.1223222017288208 0.9575179815292358 0.19067919254302979 1.0060703754425049 0.1796724796295166 1.0215667486190796
1 0.3657820224761963 1.0038766860961914 0.3891110420227051 0.9858826994895935 0.3958066701889038 0.9945635795593262 0.372477650642395 1.0125575065612793
0 0.41510438919067383 0.7081871628761292 0.417627215385437 0.6974973082542419 0.43533772230148315 0.7016770243644714 0.43281489610671997 0.7123668789863586
0 0.39718830585479736 0.7661731839179993 0.40512901544570923 0.7584982514381409 0.4158487319946289 0.7695892453193665 0.40790802240371704 0.7772641777992249
0 0.14401951432228088 0.3303719460964203 0.15157774090766907 0.3225202262401581 0.16236361861228943 0.3329029381275177 0.15480539202690125 0.3407546579837799
0 0.34825408458709717 0.6343439817428589 0.34993815422058105 0.6241073608398438 0.36572784185409546 0.6267050504684448 0.3640437722206116 0.63694167137146
0 0.2954665422439575 0.6265578866004944 0.30503034591674805 0.6181815266609192 0.32110267877578735 0.6365321278572083 0.3115388751029968 0.6449084877967834
0 0.3191833198070526 0.6000983715057373 0.32662197947502136 0.5905812978744507 0.34125426411628723 0.6020179986953735 0.3338156044483185 0.6115350723266602
0 0.41391122341156006 0.6052072644233704 0.4235178232192993 0.6011161208152771 0.4281497001647949 0.6119922995567322 0.41854310035705566 0.6160834431648254
0 0.42603936791419983 0.6221693754196167 0.43637749552726746 0.6169512271881104 0.44454655051231384 0.6331355571746826 0.4342084228992462 0.638353705406189
0 0.42556309700012207 0.658850371837616 0.43387317657470703 0.6506322026252747 0.4464857578277588 0.663385808467865 0.43817567825317383 0.6716039776802063
0 0.46876946091651917 0.6584122180938721 0.47584429383277893 0.6508500576019287 0.48722586035728455 0.6614981889724731 0.4801510274410248 0.6690603494644165
0 0.4767512083053589 0.6731351017951965 0.4852128028869629 0.6660751700401306 0.49490290880203247 0.6776890158653259 0.48644131422042847 0.6847489476203918
0 0.4966408610343933 0.6995869278907776 0.4978192448616028 0.6894116997718811 0.5126976370811462 0.6911347508430481 0.5115192532539368 0.7013099789619446
0 0.5137423872947693 0.6550060510635376 0.5139390826225281 0.645248293876648 0.5288421511650085 0.6455487012863159 0.5286454558372498 0.6553064584732056
0 0.5342721939086914 0.6628749370574951 0.5397558212280273 0.6547806262969971 0.5516436100006104 0.6628341674804688 0.5461599826812744 0.6709284782409668
0 0.5227580666542053 0.6167406439781189 0.5313002467155457 0.6098945736885071 0.5404391884803772 0.6212976574897766 0.5318970084190369 0.6281437277793884
0 0.542838990688324 0.6210423707962036 0.5541120171546936 0.6099865436553955 0.5615336298942566 0.6175539493560791 0.550260603427887 0.6286097764968872
0 0.5668479800224304 0.586465060710907 0.5752014517784119 0.5764572024345398 0.5830884575843811 0.5830404162406921 0.5747349858283997 0.5930482745170593
0 0.5734917521476746 0.6060871481895447 0.5838270783424377 0.595605194568634 0.5915383696556091 0.6032087206840515 0.581203043460846 0.6136906743049622
0 0.5514079332351685 0.6374102234840393 0.5538650751113892 0.6245147585868835 0.5644012689590454 0.6265223622322083 0.5619441270828247 0.639417827129364
0 0.5094658732414246 0.609002947807312 0.5095894932746887 0.5992444753646851 0.5230452418327332 0.5994150638580322 0.522921621799469 0.6091735363006592
0 0.4720539450645447 0.6115760207176208 0.48433250188827515 0.6106757521629333 0.48502182960510254 0.6200777888298035 0.47274327278137207 0.620978057384491
0 0.5092476606369019 0.6888051629066467 0.5115540027618408 0.6793708205223083 0.5237786769866943 0.6823592782020569 0.5214723348617554 0.6917936205863953
