0 0.026987038552761078 0.7354936003684998 0.028842896223068237 0.7208669781684875 0.040015578269958496 0.7222846150398254 0.03815972059965134 0.7369112372398376
0 0.030403878539800644 0.6998220086097717 0.03802263364195824 0.6914066672325134 0.049424100667238235 0.701728880405426 0.04180534556508064 0.7101442217826843
0 0.0713166818022728 0.5518535375595093 0.08294150978326797 0.5514833927154541 0.08343685418367386 0.5670404434204102 0.07181202620267868 0.5674105882644653
0 0.21033704280853271 0.46816474199295044 0.21461933851242065 0.4540863633155823 0.22527050971984863 0.45732617378234863 0.2209882140159607 0.4714045524597168
0 0.06023148447275162 0.7209613919258118 0.06174900382757187 0.7069793343544006 0.07288729399442673 0.7081882357597351 0.07136977463960648 0.7221702933311462
0 0.06062230467796326 0.6478883028030396 0.07283392548561096 0.6466071605682373 0.07473495602607727 0.664726734161377 0.06252333521842957 0.6660078763961792
0 0.2531904876232147 0.43087854981422424 0.25337347388267517 0.4166857898235321 0.264492005109787 0.4168291389942169 0.26430901885032654 0.43102189898490906
0 0.2186938375234604 0.7009957432746887 0.22776247560977936 0.6963712573051453 0.2334338277578354 0.7074926495552063 0.22436518967151642 0.7121171355247498
0 0.1894473135471344 0.5542138814926147 0.20264533162117004 0.5434590578079224 0.21003353595733643 0.5525256395339966 0.19683551788330078 0.563280463218689
0 0.1581333577632904 0.6688390374183655 0.16637840867042542 0.6574246287345886 0.17511507868766785 0.6637354493141174 0.16687002778053284 0.6751498579978943
0 0.09694389998912811 0.6884193420410156 0.10807371139526367 0.6870818138122559 0.10982854664325714 0.701683521270752 0.09869873523712158 0.7030210494995117
0 0.11381765455007553 0.2860644459724426 0.12395022064447403 0.2819445729255676 0.1291137933731079 0.29464399814605713 0.11898121982812881 0.29876387119293213
0 0.21666111052036285 0.693514347076416 0.228432759642601 0.6881493330001831 0.23260091245174408 0.6972949504852295 0.22082926332950592 0.7026599645614624
0 0.015626393258571625 0.7248508334159851 0.025105144828557968 0.7202945351600647 0.03046669438481331 0.7314484715461731 0.020987942814826965 0.7360047698020935
0 0.20444166660308838 0.6825067400932312 0.21524503827095032 0.6733035445213318 0.22224938869476318 0.6815257668495178 0.21144601702690125 0.6907289624214172
0 0.2211698591709137 0.6991309523582458 0.2296275794506073 0.6930903792381287 0.23691558837890625 0.7032946944236755 0.22845786809921265 0.7093352675437927
0 0.111922986805439 0.6269733309745789 0.12146607786417007 0.6166840195655823 0.1293962001800537 0.6240389943122864 0.11985310167074203 0.634328305721283
0 0.21915854513645172 0.6763022541999817 0.22967083752155304 0.668186604976654 0.23597653210163116 0.6763544678688049 0.22546423971652985 0.6844701170921326
0 0.2309698909521103 0.4646684229373932 0.23238639533519745 0.45131000876426697 0.24321569502353668 0.45245835185050964 0.24179919064044952 0.46581676602363586
0 0.21374812722206116 0.48259666562080383 0.22619107365608215 0.4752825200557709 0.23163491487503052 0.48454365134239197 0.21919196844100952 0.4918577969074249
0 0.012102697044610977 0.7308822274208069 0.022563764825463295 0.7308474183082581 0.022606246173381805 0.7436105608940125 0.012145178392529488 0.7436453700065613
0 0.2641104459762573 0.6367729306221008 0.27608203887939453 0.6314190030097961 0.2802393436431885 0.6407149434089661 0.26826775074005127 0.6460688710212708
0 0.36545488238334656 0.33612459897994995 0.3792100250720978 0.33577585220336914 0.3794676959514618 0.34594058990478516 0.36571255326271057 0.34628933668136597
0 0.2373778223991394 0.6120631694793701 0.2468709945678711 0.6030740737915039 0.2539828419685364 0.6105847358703613 0.2444896697998047 0.6195738315582275
0 0.2278749644756317 0.6942108869552612 0.2282540500164032 0.6842410564422607 0.24163818359375 0.684749960899353 0.24125909805297852 0.6947197914123535
0 0.13462170958518982 0.6603282690048218 0.1440870463848114 0.6507828235626221 0.15161702036857605 0.6582496166229248 0.14215168356895447 0.6677950620651245
0 0.19154320657253265 0.2795317471027374 0.19877631962299347 0.2721196711063385 0.20786641538143158 0.280990332365036 0.20063330233097076 0.28840240836143494
0 0.189534991979599 0.4999634921550751 0.20102208852767944 0.4915578067302704 0.2073225975036621 0.500167965888977 0.19583550095558167 0.5085736513137817
0 0.05891531705856323 0.7422881126403809 0.06828145682811737 0.7378054857254028 0.0739084929227829 0.7495628595352173 0.06454235315322876 0.7540454864501953
0 0.14853690564632416 0.6426306962966919 0.15713126957416534 0.6309387683868408 0.165628120303154 0.6371846199035645 0.1570337563753128 0.6488765478134155
0 0.2193642258644104 0.5003382563591003 0.22909680008888245 0.49209797382354736 0.23575657606124878 0.49996381998062134 0.22602400183677673 0.5082041025161743
0 0.2300574779510498 0.6744646430015564 0.23954614996910095 0.6669155955314636 0.24574032425880432 0.6747012734413147 0.23625165224075317 0.6822503209114075
0 0.25584661960601807 0.6568902134895325 0.265811562538147 0.6498973965644836 0.2714881896972656 0.6579867005348206 0.2615232467651367 0.6649795174598694
0 0.2604089379310608 0.6252683401107788 0.27252286672592163 0.6212149858474731 0.27566295862197876 0.6305994987487793 0.2635490298271179 0.634652853012085
0 0.24683961272239685 0.6603283882141113 0.2582957446575165 0.6546295881271362 0.26266661286354065 0.6634162664413452 0.251210480928421 0.6691150665283203
0 0.2361295372247696 0.6394090056419373 0.24638809263706207 0.6309649348258972 0.25300490856170654 0.639003574848175 0.24274633824825287 0.6474476456642151
0 0.3318832218647003 0.33876699209213257 0.34379228949546814 0.33232247829437256 0.34873166680336 0.34145015478134155 0.33682259917259216 0.34789466857910156
0 0.3292832672595978 0.3252098560333252 0.33975890278816223 0.3160613179206848 0.34682944416999817 0.3241574764251709 0.3363538086414337 0.3333060145378113
0 0.2481270730495453 0.6447368264198303 0.25762733817100525 0.635775625705719 0.26484039425849915 0.643422544002533 0.2553401291370392 0.6523837447166443
0 0.2942666709423065 0.5839922428131104 0.3071455657482147 0.5790920257568359 0.31060269474983215 0.5881779193878174 0.29772379994392395 0.5930781364440918
0 0.2882794439792633 0.4635029733181 0.2905931770801544 0.4505669176578522 0.3009491264820099 0.4524191915988922 0.2986353933811188 0.46535524725914
0 0.07070666551589966 0.7064222097396851 0.07178300619125366 0.6939196586608887 0.08317455649375916 0.694900393486023 0.08209821581840515 0.7074029445648193
0 0.1981401890516281 0.6834122538566589 0.20928825438022614 0.6816406846046448 0.2113429456949234 0.6945701241493225 0.20019488036632538 0.6963416934013367
0 0.17637448012828827 0.6755447387695312 0.18816526234149933 0.6752748489379883 0.1884765475988388 0.6888713836669922 0.17668576538562775 0.6891412734985352
