0 0.10689151287078857 0.7947558760643005 0.1227431446313858 0.7928652167320251 0.12397070229053497 0.8031572699546814 0.10811907052993774 0.8050479292869568
0 0.11254629492759705 0.7594491839408875 0.12803955376148224 0.7592790722846985 0.12815341353416443 0.7696492075920105 0.11266015470027924 0.7698193192481995
0 0.1136307492852211 0.7619019746780396 0.11368199437856674 0.7515314817428589 0.12883424758911133 0.7516063451766968 0.1287829875946045 0.7619768381118774
0 0.1027551218867302 0.7661967277526855 0.1164998784661293 0.7655819654464722 0.11694993823766708 0.7756432294845581 0.10320518165826797 0.7762579917907715
0 0.10456866025924683 0.8097792863845825 0.12168173491954803 0.8078346252441406 0.12287640571594238 0.818347692489624 0.10576333105564117 0.8202923536300659
0 0.1074962317943573 0.7911308407783508 0.12200525403022766 0.7894187569618225 0.12319272756576538 0.7994819283485413 0.10868370532989502 0.8011940121650696
0 0.10865390300750732 0.7792900800704956 0.12362879514694214 0.7781333923339844 0.12442898750305176 0.7884929180145264 0.10945409536361694 0.7896496057510376
0 0.10576319694519043 0.806302011013031 0.12154798209667206 0.8042870163917542 0.12284702062606812 0.814463198184967 0.10706223547458649 0.8164781928062439
0 0.27066168189048767 0.8136860728263855 0.29414018988609314 0.8064667582511902 0.2978948652744293 0.8186776041984558 0.27441635727882385 0.8258969187736511
0 0.18018794059753418 0.8164624571800232 0.1948976218700409 0.8080453276634216 0.20037510991096497 0.8176177144050598 0.18566542863845825 0.8260348439216614
0 0.10302112251520157 0.76233971118927 0.11718716472387314 0.7617754936218262 0.11758603900671005 0.7717902660369873 0.10341999679803848 0.7723544836044312
0 0.10397209227085114 0.8139212727546692 0.12135764956474304 0.8116362690925598 0.12275159358978271 0.8222420811653137 0.10536603629589081 0.8245270848274231
0 0.10956666618585587 0.783147931098938 0.12309525161981583 0.7812317609786987 0.12452761083841324 0.7913448810577393 0.11099902540445328 0.7932610511779785
0 0.09982231259346008 0.7816951870918274 0.11512193083763123 0.7811285853385925 0.11549954116344452 0.791325032711029 0.10019992291927338 0.7918916344642639
0 0.11193385720252991 0.7673038244247437 0.12583260238170624 0.7669839859008789 0.12605950236320496 0.7768456935882568 0.11216075718402863 0.7771655321121216
0 0.10924366861581802 0.7750930786132812 0.12461923807859421 0.7749952077865601 0.12468574196100235 0.7854501008987427 0.10931017249822617 0.7855479717254639
0 0.7379440069198608 -0.0033155977725982666 0.7540931701660156 -0.004458684474229813 0.75484299659729 0.006133894436061382 0.7386938333511353 0.007276981137692928
0 0.1047154888510704 0.8024186491966248 0.12180966883897781 0.8002333045005798 0.12313371151685715 0.8105902075767517 0.10603953152894974 0.8127755522727966
0 0.0466693714261055 0.8940294981002808 0.057878732681274414 0.8865983486175537 0.06353063881397247 0.8951238393783569 0.05232127755880356 0.902554988861084
0 0.10319524258375168 0.7586948871612549 0.11711866408586502 0.7578976154327393 0.11769238859415054 0.7679176330566406 0.1037689670920372 0.7687149047851562
0 0.10626417398452759 0.7878109812736511 0.12093931436538696 0.7847842574119568 0.12299787998199463 0.7947651743888855 0.10832273960113525 0.7977918982505798
0 0.10517724603414536 0.7504681348800659 0.11916934698820114 0.7500311136245728 0.1194833442568779 0.7600841522216797 0.10549124330282211 0.7605211734771729
0 0.10322022438049316 0.7603381276130676 0.11745680868625641 0.7597238421440125 0.11788886785507202 0.769737184047699 0.10365228354930878 0.7703514695167542
0 0.11391451954841614 0.7586584091186523 0.11418105661869049 0.7486283779144287 0.12957726418972015 0.749037504196167 0.1293107271194458 0.7590675354003906
0 0.5325912237167358 0.13590244948863983 0.5471556186676025 0.13396970927715302 0.5484828948974609 0.14397169649600983 0.5339184999465942 0.14590443670749664
0 0.07077129185199738 0.7488242983818054 0.08305278420448303 0.7417866587638855 0.08822830021381378 0.7508185505867004 0.07594680786132812 0.7578561902046204
0 0.10489366948604584 0.754326581954956 0.11808794736862183 0.7536474466323853 0.11859136819839478 0.763428807258606 0.10539709031581879 0.7641079425811768
0 0.11206692457199097 0.7635800838470459 0.12466897070407867 0.7633893489837646 0.1248140037059784 0.7729748487472534 0.11221195757389069 0.7731655836105347
0 0.11385148763656616 0.7558222413063049 0.12757520377635956 0.7558222413063049 0.12757520377635956 0.765710175037384 0.11385148763656616 0.765710175037384
0 0.3534018099308014 0.12272127717733383 0.3655921518802643 0.11703231930732727 0.3698916733264923 0.1262454390525818 0.3577013313770294 0.13193440437316895
0 0.10555188357830048 0.8164252638816833 0.1200776994228363 0.8156172633171082 0.12064787745475769 0.8258674740791321 0.10612206161022186 0.8266754746437073
0 0.23873761296272278 0.07831041514873505 0.25125712156295776 0.07798954844474792 0.25150275230407715 0.08757328987121582 0.23898324370384216 0.08789415657520294
1 0.8470964431762695 0.5083690285682678 0.8738707304000854 0.4888913035392761 0.8835783004760742 0.502235472202301 0.8568040132522583 0.5217131972312927
1 0.9355199337005615 0.4463976323604584 0.9894707202911377 0.4107303321361542 0.9968146085739136 0.4218388497829437 0.9428638219833374 0.4575061500072479
1 0.6970999836921692 0.10556113719940186 0.707879364490509 0.09264764189720154 0.7394712567329407 0.11901859939098358 0.7286918759346008 0.1319320946931839
0 0.7097814679145813 0.002311218762770295 0.7128722071647644 -0.0070008039474487305 0.7251675724983215 -0.002919787773862481 0.7220768332481384 0.0063922349363565445
0 0.25236672163009644 0.06474333256483078 0.2537713646888733 0.05459204316139221 0.26734721660614014 0.05647055804729462 0.2659425735473633 0.06662184745073318
0 0.2584677040576935 0.06062993034720421 0.2598694860935211 0.050478313118219376 0.27345797419548035 0.05235467478632927 0.2720561921596527 0.0625062882900238
0 0.26844844222068787 0.061147540807724 0.2698530852794647 0.050996243953704834 0.28342893719673157 0.05287475883960724 0.2820242941379547 0.0630260556936264
0 0.2632814943790436 0.05291944369673729 0.2646849453449249 0.042756009846925735 0.27827200293540955 0.04463222250342369 0.2768685519695282 0.054795656353235245
0 0.25554150342941284 0.051314618438482285 0.2569449543952942 0.04115116968750954 0.2705320119857788 0.04302738234400749 0.26912856101989746 0.05319083109498024
0 0.2474592924118042 0.0512542761862278 0.24886274337768555 0.041090842336416245 0.26244980096817017 0.0429670549929142 0.2610463500022888 0.053130488842725754
0 0.2509872317314148 0.055875763297080994 0.25238901376724243 0.04572415351867676 0.26597750186920166 0.047600507736206055 0.264575719833374 0.05775211751461029
0 0.2469509392976761 0.07580817490816116 0.24835731089115143 0.06564506143331528 0.26193153858184814 0.06752342730760574 0.2605251669883728 0.07768654078245163
0 0.25950491428375244 0.07066789269447327 0.260911226272583 0.060504764318466187 0.27448540925979614 0.06238311529159546 0.2730790972709656 0.07254624366760254
0 0.23316124081611633 0.05184396356344223 0.24458417296409607 0.05184396356344223 0.24458417296409607 0.06171981990337372 0.23316124081611633 0.06171981990337372
0 0.2342473268508911 0.05788031220436096 0.2464090883731842 0.05603385344147682 0.24786362051963806 0.06561410427093506 0.23570185899734497 0.0674605667591095
0 0.239101380109787 0.0628647655248642 0.24067422747612 0.05334668606519699 0.25247225165367126 0.05529630929231644 0.25089940428733826 0.06481438875198364
0 0.23816652595996857 0.06795032322406769 0.2468714565038681 0.05990171432495117 0.25341886281967163 0.06698304414749146 0.2447139471769333 0.07503165304660797
0 0.2550342082977295 0.07695583999156952 0.2658340334892273 0.07155019044876099 0.27018964290618896 0.08025215566158295 0.25938981771469116 0.08565780520439148
0 0.28177231550216675 0.07413626462221146 0.2899215817451477 0.06476985663175583 0.29772621393203735 0.0715603157877922 0.2895769476890564 0.08092672377824783
0 0.28748619556427 0.06174154952168465 0.2893372178077698 0.05214887112379074 0.3016519546508789 0.05452511087059975 0.29980093240737915 0.06411778926849365
0 0.26544010639190674 0.040694039314985275 0.2719743251800537 0.03286084905266762 0.2815173864364624 0.040821392089128494 0.27498316764831543 0.04865458235144615
0 0.2789996862411499 0.043612755835056305 0.2855236530303955 0.03676392138004303 0.29358476400375366 0.04444260895252228 0.28706079721450806 0.05129144340753555
0 0.27325770258903503 0.04086509719491005 0.27647510170936584 0.032350290566682816 0.28700873255729675 0.036330532282590866 0.28379133343696594 0.0448453389108181
