0 0.5748216509819031 0.3957209885120392 0.5799269080162048 0.3858887851238251 0.5952547192573547 0.39384767413139343 0.590149462223053 0.40367987751960754
0 0.01953743025660515 0.4222913384437561 0.02651393786072731 0.41346853971481323 0.039513882249593735 0.42374807596206665 0.03253737464547157 0.4325708746910095
0 0.7034469842910767 0.9240735173225403 0.7171816825866699 0.9189774394035339 0.7207047939300537 0.9284728169441223 0.7069700956344604 0.9335688948631287
1 0.31218984723091125 0.751230776309967 0.35908612608909607 0.7291647791862488 0.3651435673236847 0.7420384287834167 0.3182472884654999 0.764104425907135
1 0.34426066279411316 0.8629794716835022 0.37004563212394714 0.8107267022132874 0.3902265131473541 0.8206853270530701 0.36444154381752014 0.8729380965232849
1 0.4913496673107147 0.9016333222389221 0.566221296787262 0.8586359620094299 0.574283242225647 0.8726744055747986 0.4994116425514221 0.9156717658042908
1 0.11004266887903214 0.7231132984161377 0.11501584202051163 0.688978910446167 0.19398769736289978 0.7004846334457397 0.1890145242214203 0.7346190214157104
0 0.05775632709264755 0.3824543356895447 0.06126328557729721 0.37243038415908813 0.07462460547685623 0.3771049380302429 0.07111764699220657 0.38712888956069946
0 -0.0037433996330946684 0.363078236579895 0.0037635858170688152 0.35544300079345703 0.013581779785454273 0.3650963306427002 0.006074794102460146 0.3727315664291382
0 0.2845316529273987 0.2700820863246918 0.2891853451728821 0.2614729702472687 0.3006765842437744 0.26768460869789124 0.296022891998291 0.27629372477531433
0 0.3442409038543701 0.30268481373786926 0.3504912853240967 0.2945006787776947 0.36277836561203003 0.3038845956325531 0.35652798414230347 0.31206873059272766
0 0.35894688963890076 0.3156832456588745 0.36324265599250793 0.306274950504303 0.3767907917499542 0.31246089935302734 0.37249502539634705 0.3218691945075989
0 0.37902766466140747 0.32161539793014526 0.38507741689682007 0.3126763701438904 0.39708560705184937 0.3208032250404358 0.39103585481643677 0.3297422528266907
0 0.3914606273174286 0.3134908676147461 0.39642658829689026 0.30386167764663696 0.4096072018146515 0.3106592297554016 0.4046412408351898 0.32028841972351074
