0 0.35511988401412964 0.8704867959022522 0.358073890209198 0.8586280941963196 0.38283199071884155 0.8647953867912292 0.3798779845237732 0.8766540884971619
0 0.2716892659664154 0.872454047203064 0.28331050276756287 0.8569297790527344 0.29462292790412903 0.8653980493545532 0.28300169110298157 0.8809223175048828
0 0.3294524550437927 0.8301928639411926 0.34595274925231934 0.8261905312538147 0.3485918641090393 0.837070882320404 0.3320915699005127 0.841073215007782
0 0.38521242141723633 0.8229697942733765 0.39431774616241455 0.8076571226119995 0.40474116802215576 0.8138551712036133 0.39563584327697754 0.8291678428649902
0 0.32883620262145996 0.8442369103431702 0.3438907265663147 0.8372675776481628 0.34867656230926514 0.8476054072380066 0.3336220383644104 0.8545747399330139
0 0.3259502947330475 0.8582261204719543 0.34502920508384705 0.8552362322807312 0.3470233380794525 0.8679612278938293 0.32794442772865295 0.8709511160850525
0 0.19036158919334412 0.9137728214263916 0.19901347160339355 0.8940920829772949 0.2102537453174591 0.8990334272384644 0.20160186290740967 0.918714165687561
0 0.11094876378774643 0.904616117477417 0.1195228099822998 0.8915325403213501 0.1411057710647583 0.9056764841079712 0.13253173232078552 0.9187600612640381
0 0.2940487861633301 0.8527182340621948 0.31124430894851685 0.8408224582672119 0.3182538151741028 0.8509547710418701 0.301058292388916 0.862850546836853
0 0.1503101885318756 0.8749977946281433 0.16235584020614624 0.8734892010688782 0.1643381118774414 0.889316737651825 0.15229246020317078 0.8908253312110901
0 0.3704608082771301 0.8401352763175964 0.3853965401649475 0.8309847712516785 0.39121514558792114 0.8404820561408997 0.37627941370010376 0.8496325612068176
0 0.2862035036087036 0.8921838402748108 0.30702900886535645 0.8820955157279968 0.31237858533859253 0.8931387066841125 0.2915530800819397 0.9032270312309265
0 0.39730507135391235 0.8558511137962341 0.3997710347175598 0.8451704382896423 0.41539859771728516 0.8487785458564758 0.4129326343536377 0.8594592213630676
0 0.1939924955368042 0.8506432771682739 0.2057156264781952 0.8437488079071045 0.21417024731636047 0.858124852180481 0.20244711637496948 0.8650193214416504
0 0.40618839859962463 0.7848224639892578 0.4119616448879242 0.7729349136352539 0.4220268428325653 0.7778230905532837 0.41625359654426575 0.7897106409072876
0 0.24263638257980347 0.8833225965499878 0.25188925862312317 0.8694994449615479 0.261899471282959 0.8762000799179077 0.2526465952396393 0.8900232315063477
0 0.3965446650981903 0.79108726978302 0.4073132574558258 0.7877193689346313 0.41140952706336975 0.8008166551589966 0.40064093470573425 0.8041845560073853
0 0.2147364616394043 0.8403913974761963 0.22540006041526794 0.8341829776763916 0.2332923710346222 0.8477389812469482 0.22262877225875854 0.8539474010467529
0 0.3016675114631653 0.8283923864364624 0.3095961809158325 0.8163487911224365 0.32029926776885986 0.8233948945999146 0.3123705983161926 0.8354384899139404
0 0.2913001775741577 0.8289285898208618 0.29991060495376587 0.8191920518875122 0.30782121419906616 0.8261877298355103 0.299210786819458 0.8359242677688599
0 0.35609981417655945 0.8008978366851807 0.3626993000507355 0.7900145053863525 0.37162891030311584 0.7954293489456177 0.3650294244289398 0.8063126802444458
0 0.37887486815452576 0.7943175435066223 0.385951429605484 0.782688558101654 0.39507606625556946 0.7882410883903503 0.3879995048046112 0.7998700737953186
0 0.3727986216545105 0.8054550886154175 0.3784080743789673 0.7942531108856201 0.3877805471420288 0.7989464998245239 0.382171094417572 0.8101484775543213
0 0.41639837622642517 0.7896982431411743 0.4247734844684601 0.78368079662323 0.43224963545799255 0.794086217880249 0.42387452721595764 0.8001036643981934
0 0.1302099972963333 0.8322138786315918 0.1400292068719864 0.8270971775054932 0.14606468379497528 0.8386795520782471 0.1362454742193222 0.8437962532043457
0 0.11038479208946228 0.8164482116699219 0.11971971392631531 0.8102912902832031 0.12751910090446472 0.822116494178772 0.1181841790676117 0.8282734155654907
