0 0.03383353725075722 0.022529227659106255 0.0366453193128109 0.010531274601817131 0.053313251584768295 0.014437494799494743 0.050501469522714615 0.026435447856783867
0 0.012217804789543152 0.16927343606948853 0.013504937291145325 0.1578163504600525 0.03899045288562775 0.16067948937416077 0.037703320384025574 0.1721365749835968
0 0.12712685763835907 0.01827317848801613 0.1296059936285019 0.00824012327939272 0.1456417590379715 0.012202516198158264 0.14316262304782867 0.022235572338104248
0 0.03764644265174866 0.04274187982082367 0.0407346710562706 0.03222644329071045 0.056324608623981476 0.03680498152971268 0.053236380219459534 0.0473204180598259
0 0.029181692749261856 0.19598884880542755 0.031886037439107895 0.18412448465824127 0.053425829857587814 0.18903420865535736 0.050721485167741776 0.20089857280254364
0 0.11780977994203568 0.0377967394888401 0.12304148823022842 0.02787889912724495 0.13816356658935547 0.03585585579276085 0.13293185830116272 0.045773696154356
0 0.031527113169431686 0.11033326387405396 0.03488517180085182 0.09979064762592316 0.05294402316212654 0.10554279386997223 0.049585964530706406 0.11608541011810303
0 0.10176011919975281 0.12694773077964783 0.10596108436584473 0.11626113951206207 0.12532579898834229 0.12387353181838989 0.12112483382225037 0.13456012308597565
0 0.00616574939340353 0.23220889270305634 0.019994394853711128 0.23042400181293488 0.021293435245752335 0.2404884546995163 0.007464790716767311 0.24227334558963776
0 0.03975331038236618 0.0037954298313707113 0.042244307696819305 -0.006186407990753651 0.0572245791554451 -0.002448031445965171 0.054733581840991974 0.007533806376159191
0 0.0029920609667897224 0.13672037422657013 0.00534674059599638 0.12571434676647186 0.023759201169013977 0.12965358793735504 0.02140451967716217 0.1406596153974533
1 0.36700350046157837 0.8353890180587769 0.46133488416671753 0.7655586004257202 0.4764569401741028 0.7859864234924316 0.3821255564689636 0.8558168411254883
1 0.2675931453704834 0.15633821487426758 0.31224650144577026 0.146968811750412 0.3157915472984314 0.16386395692825317 0.27113819122314453 0.17323336005210876
0 0.09455344825983047 0.04947536811232567 0.09913849085569382 0.03939804062247276 0.11407234519720078 0.046192724257707596 0.10948730260133743 0.0562700517475605
0 0.09028977155685425 0.012868874706327915 0.09176908433437347 0.0023317160084843636 0.11007747054100037 0.004902026616036892 0.10859815776348114 0.015439185313880444
