0 0.29182395339012146 0.8848010301589966 0.33041253685951233 0.8825074434280396 0.33123162388801575 0.8962879180908203 0.2926430404186249 0.8985815048217773
0 0.5663864612579346 0.007149817422032356 0.5872538089752197 0.003271825611591339 0.5893372297286987 0.014482639729976654 0.5684698820114136 0.01836063154041767
0 0.6502993702888489 0.05716164782643318 0.6686622500419617 0.05337148904800415 0.6709650158882141 0.06452831625938416 0.6526021361351013 0.06831847131252289
0 0.6685923337936401 0.06955083459615707 0.6829425096511841 0.06487420946359634 0.6864471435546875 0.07562819868326187 0.6720969676971436 0.0803048238158226
0 0.6464872360229492 0.09831298887729645 0.659730076789856 0.09100434184074402 0.6646519899368286 0.09992250800132751 0.6514091491699219 0.10723115503787994
0 0.6613245606422424 0.10647164285182953 0.6619098782539368 0.09269988536834717 0.6738768219947815 0.093208447098732 0.6732915043830872 0.10698020458221436
0 0.605239987373352 0.10091383755207062 0.6211347579956055 0.0929221361875534 0.6259723901748657 0.10254372656345367 0.6100776195526123 0.11053542792797089
0 0.6403992176055908 0.08210927248001099 0.6569600105285645 0.0747525691986084 0.6617482900619507 0.08553151786327362 0.645187497138977 0.09288822114467621
0 0.6209465861320496 0.07002025842666626 0.6362609267234802 0.06908482313156128 0.6369032263755798 0.07959981262683868 0.6215888857841492 0.08053524792194366
0 0.6079370379447937 0.08336088806390762 0.619068443775177 0.0791548416018486 0.6224808096885681 0.08818582445383072 0.6113494038581848 0.09239187091588974
0 0.5971526503562927 0.06531520932912827 0.6132929921150208 0.06062910705804825 0.6161496043205261 0.0704682394862175 0.6000092625617981 0.07515434175729752
0 0.6216752529144287 0.04834238812327385 0.6232500076293945 0.037428293377161026 0.6388677358627319 0.03968169912695885 0.6372929811477661 0.05059579387307167
0 0.6548815369606018 0.03123309463262558 0.6700161099433899 0.024519937112927437 0.6741535067558289 0.03384760767221451 0.6590189337730408 0.0405607670545578
0 0.6253417730331421 0.06393741816282272 0.6380560398101807 0.0562506839632988 0.6435898542404175 0.06540391594171524 0.6308755874633789 0.07309065014123917
0 0.579157292842865 0.08314043283462524 0.5949258208274841 0.07921509444713593 0.597514808177948 0.08961556851863861 0.5817462801933289 0.09354090690612793
0 0.6300274133682251 0.08895455300807953 0.6447738409042358 0.08491869270801544 0.647601842880249 0.09525163471698761 0.6328554153442383 0.0992874950170517
0 0.5722489356994629 0.040253352373838425 0.5732619762420654 0.029476914554834366 0.5890293121337891 0.030959192663431168 0.5880162715911865 0.041735630482435226
0 0.5852953791618347 0.055477216839790344 0.5855875611305237 0.04480854421854019 0.6051957011222839 0.045345455408096313 0.604903519153595 0.056014128029346466
