0 0.18030384182929993 0.49790576100349426 0.18178972601890564 0.48765674233436584 0.19715392589569092 0.48988422751426697 0.1956680417060852 0.5001332759857178
0 0.11553134024143219 0.42558005452156067 0.12921391427516937 0.4204029142856598 0.13282175362110138 0.4299379885196686 0.1191391795873642 0.43511512875556946
0 0.10013212263584137 0.9189265966415405 0.10199370980262756 0.9087384939193726 0.11875803768634796 0.9118016958236694 0.11689645051956177 0.9219897985458374
0 0.22284823656082153 0.4262232482433319 0.2363455891609192 0.4238295257091522 0.23813727498054504 0.4339320957660675 0.2246399223804474 0.4363258183002472
0 0.14944607019424438 0.35871514678001404 0.16300532221794128 0.3540841042995453 0.16623762249946594 0.36354801058769226 0.15267837047576904 0.368179053068161
0 0.26200148463249207 0.4021705389022827 0.27478882670402527 0.4000079035758972 0.276462584733963 0.40990471839904785 0.2636752426624298 0.41206735372543335
0 0.18559212982654572 0.46203017234802246 0.18592609465122223 0.4519031047821045 0.1993236392736435 0.45234495401382446 0.19898967444896698 0.46247202157974243
0 0.2629445195198059 0.3998188078403473 0.263100802898407 0.38994958996772766 0.27565401792526245 0.39014843106269836 0.2754977345466614 0.400017648935318
0 0.20288926362991333 0.3945417106151581 0.2030733823776245 0.3843041956424713 0.21517020463943481 0.3845217525959015 0.21498608589172363 0.39475926756858826
0 0.1434185951948166 0.4258139729499817 0.15532372891902924 0.42360490560531616 0.15711082518100739 0.4332358241081238 0.14520569145679474 0.4354448914527893
0 0.1322515904903412 0.3533390164375305 0.14330962300300598 0.34739595651626587 0.14813730120658875 0.35637861490249634 0.13707926869392395 0.362321674823761
0 0.12497372925281525 0.4033084213733673 0.13704632222652435 0.3966686427593231 0.14202074706554413 0.4057132303714752 0.12994815409183502 0.4123530089855194
0 0.09997735917568207 0.3773269057273865 0.11203096807003021 0.37069767713546753 0.11700798571109772 0.379747211933136 0.10495437681674957 0.38637644052505493
0 0.10968910902738571 0.35251250863075256 0.12174918502569199 0.3458796441555023 0.12671980261802673 0.35491737723350525 0.11465971916913986 0.3615502417087555
0 0.17920325696468353 0.33775585889816284 0.1912633329629898 0.3311229944229126 0.19623394310474396 0.3401607275009155 0.18417386710643768 0.34679359197616577
0 0.22106494009494781 0.36270856857299805 0.2331250160932541 0.3560757040977478 0.23809562623500824 0.36511343717575073 0.22603555023670197 0.371746301651001
0 0.23489928245544434 0.3946019411087036 0.24695926904678345 0.3879689574241638 0.25192996859550476 0.397006630897522 0.23986998200416565 0.40363961458206177
0 0.2445947527885437 0.36114224791526794 0.2566608488559723 0.3545060455799103 0.2616417407989502 0.3635624349117279 0.2495756447315216 0.37019863724708557
0 0.2283911108970642 0.39975905418395996 0.240742027759552 0.3993794322013855 0.24105146527290344 0.4094468951225281 0.22870054841041565 0.40982651710510254
0 0.158389151096344 0.3655037581920624 0.169225811958313 0.3617558777332306 0.1723836362361908 0.3708864152431488 0.1615469753742218 0.3746342957019806
0 0.2023438960313797 0.5008550882339478 0.20254696905612946 0.49067866802215576 0.2142379730939865 0.49091196060180664 0.21403490006923676 0.5010883808135986
