0 0.05297977477312088 0.09716524183750153 0.06235828250646591 0.08380258083343506 0.07175318896770477 0.09039634466171265 0.06237468123435974 0.10375900566577911
0 0.013638311997056007 0.0762002244591713 0.023719092831015587 0.06401640921831131 0.03251081705093384 0.07129060477018356 0.022430038079619408 0.08347442001104355
0 0.0051834010519087315 0.08911513537168503 0.012167401611804962 0.07497227936983109 0.022486569359898567 0.08006807416677475 0.01550256833434105 0.09421093016862869
0 0.03362235054373741 0.09891418367624283 0.042559925466775894 0.08806043118238449 0.050824400037527084 0.09486585110425949 0.0418868251144886 0.10571960359811783
0 0.04273257777094841 0.10686811804771423 0.052051711827516556 0.09524698555469513 0.06061706319451332 0.10211564600467682 0.051297929137945175 0.11373677849769592
0 -0.006348414346575737 0.09727785736322403 0.0023703090846538544 0.08570914715528488 0.011237211525440216 0.09239166229963303 0.0025184880942106247 0.10396037250757217
0 0.06507530808448792 0.05620778352022171 0.07388719916343689 0.045716799795627594 0.08210620284080505 0.05262034386396408 0.07329431176185608 0.0631113275885582
0 -0.006635584868490696 0.07727248966693878 -0.003790035843849182 0.06256984174251556 0.007207904011011124 0.06469838321208954 0.00436235498636961 0.07940103113651276
0 0.05631129816174507 0.12961649894714355 0.06557667255401611 0.1178072839975357 0.07405385375022888 0.12445837259292603 0.06478847563266754 0.13626758754253387
0 0.0027654836885631084 0.04416497424244881 0.013196926563978195 0.032470885664224625 0.021606821566820145 0.039972733706235886 0.011175379157066345 0.05166682228446007
0 0.047041844576597214 0.009662812575697899 0.05570382997393608 -0.004292286466807127 0.06527560949325562 0.0016489587724208832 0.056613627821207047 0.015604058280587196
0 0.01593848317861557 0.13020604848861694 0.02785702422261238 0.12138152122497559 0.034190453588962555 0.12993556261062622 0.022271912544965744 0.13876008987426758
0 0.03993286192417145 0.1331177055835724 0.04768512398004532 0.12025098502635956 0.05709400027990341 0.1259198784828186 0.04934173822402954 0.13878659904003143
0 0.04639175534248352 0.05874219909310341 0.05649539828300476 0.04676015302538872 0.06512238085269928 0.054034698754549026 0.05501873791217804 0.06601674854755402
0 0.003224259242415428 0.12338859587907791 0.015781331807374954 0.11607848852872849 0.021152934059500694 0.1253056526184082 0.008595861494541168 0.13261577486991882
0 0.019972659647464752 0.1235404685139656 0.030138323083519936 0.11389879137277603 0.037438683211803436 0.12159588187932968 0.027273019775748253 0.13123756647109985
0 0.06547070294618607 0.14569880068302155 0.07157216221094131 0.13415952026844025 0.08060634881258011 0.13893641531467438 0.07450488954782486 0.15047569572925568
0 0.04582471773028374 0.140536829829216 0.05500280484557152 0.12872157990932465 0.0637403279542923 0.13550888001918793 0.05456223711371422 0.14732412993907928
0 0.06050340458750725 0.07002945989370346 0.07148229330778122 0.057247210294008255 0.08012740314006805 0.06467264145612717 0.06914851814508438 0.07745489478111267
0 0.044015463441610336 0.07455525547266006 0.055199991911649704 0.06243791803717613 0.06335975229740143 0.0699695274233818 0.05217522755265236 0.08208686113357544
0 0.09134995937347412 0.04980974271893501 0.10399271547794342 0.039341334253549576 0.11135053634643555 0.04822741076350212 0.09870778024196625 0.05869581922888756
0 -0.0021925847977399826 0.11597543954849243 0.007950354367494583 0.10525897145271301 0.01589275896549225 0.11277630925178528 0.005749819800257683 0.1234927773475647
0 0.026988781988620758 0.11496834456920624 0.03900235891342163 0.10592886805534363 0.045430898666381836 0.11447247862815857 0.03341732174158096 0.12351195514202118
0 0.07371820509433746 0.04166789352893829 0.08605927228927612 0.031151356175541878 0.0932750254869461 0.03961898386478424 0.08093395829200745 0.050135523080825806
0 0.03927125781774521 0.03630119189620018 0.05254731327295303 0.02628585323691368 0.05943874269723892 0.035420943051576614 0.0461626872420311 0.04543628171086311
0 0.0787193551659584 0.07885614782571793 0.08818993717432022 0.06900691241025925 0.09573338180780411 0.07626035064458847 0.08626279979944229 0.08610958606004715
0 0.030986148864030838 0.06322680413722992 0.040594492107629776 0.04798046499490738 0.05049623176455498 0.05422060936689377 0.04088788852095604 0.06946694850921631
0 0.09043604135513306 0.019751064479351044 0.09747980535030365 0.008117417804896832 0.10674874484539032 0.013729430735111237 0.09970498085021973 0.025363076478242874
0 0.06853397935628891 0.02098771184682846 0.0795605257153511 0.010053317993879318 0.08729716390371323 0.01785515993833542 0.07627061754465103 0.02878955379128456
0 0.02355019375681877 0.10619901865720749 0.033554285764694214 0.0960887148976326 0.0410427562892437 0.10349852591753006 0.031038664281368256 0.11360882967710495
0 0.011461769230663776 0.06268773227930069 0.014796529896557331 0.04808548465371132 0.025642666965723038 0.05056244879961014 0.022307906299829483 0.06516470015048981
0 0.049684349447488785 0.01730787754058838 0.061695534735918045 0.010098535567522049 0.06710880994796753 0.01911737024784088 0.05509762093424797 0.02632671222090721
0 0.07715152204036713 0.14437349140644073 0.08670400083065033 0.1357467919588089 0.09360264241695404 0.14338575303554535 0.08405016362667084 0.15201245248317719
0 0.09102107584476471 0.09363856911659241 0.09599873423576355 0.08151432871818542 0.10571783781051636 0.08550454676151276 0.10074017941951752 0.09762878715991974
0 0.05491387099027634 0.04488884657621384 0.06651628017425537 0.03298976272344589 0.07430634647607803 0.040585607290267944 0.062703937292099 0.05248469114303589
0 0.05517338961362839 0.14588721096515656 0.06645587831735611 0.13990794122219086 0.07107941061258316 0.1486322432756424 0.05979692190885544 0.1546115130186081
0 0.016282040625810623 0.09630456566810608 0.026731781661510468 0.08686406910419464 0.033903568983078 0.09480255842208862 0.02345382794737816 0.10424305498600006
0 0.11556046456098557 0.05354727432131767 0.1319522261619568 0.04701279476284981 0.13625803589820862 0.05781392380595207 0.119866281747818 0.06434839963912964
0 0.027060244232416153 0.14025472104549408 0.03351634368300438 0.12889854609966278 0.04258223995566368 0.13405261933803558 0.036126140505075455 0.14540879428386688
0 0.10088097304105759 0.03046800009906292 0.11568694561719894 0.02250470593571663 0.12113232165575027 0.032629162073135376 0.10632634907960892 0.040592458099126816
0 0.06050807610154152 0.11446911096572876 0.06766708195209503 0.10419557988643646 0.0761425644159317 0.11010164022445679 0.06898355484008789 0.12037517130374908
0 0.052131783217191696 0.08973217010498047 0.05811258405447006 0.07886640727519989 0.06698940694332123 0.08375245332717896 0.06100860983133316 0.09461821615695953
0 0.06953290849924088 0.09023475646972656 0.0816316083073616 0.08347286283969879 0.0866437777876854 0.0924408882856369 0.07454507797956467 0.09920278191566467
0 0.02539883181452751 0.08744428306818008 0.035424020141363144 0.0774349644780159 0.042899299412965775 0.08492209762334824 0.03287411108613014 0.09493141621351242
0 0.04725397750735283 0.12041366100311279 0.054288145154714584 0.10943359136581421 0.06301064789295197 0.11502149701118469 0.05597648397088051 0.12600156664848328
0 0.07502372562885284 0.1170550286769867 0.08802589774131775 0.11401523649692535 0.09033003449440002 0.12387080490589142 0.07732786238193512 0.12691059708595276
0 0.07967457175254822 0.18010590970516205 0.08283591270446777 0.17067264020442963 0.09432579576969147 0.1745232194662094 0.09116445481777191 0.18395648896694183
0 0.024025972932577133 0.053020451217889786 0.027937158942222595 0.041935328394174576 0.03709152713418007 0.0451652817428112 0.03318034112453461 0.05625040456652641
0 0.12075658142566681 0.07231602817773819 0.13454777002334595 0.06683457642793655 0.1386854201555252 0.07724479585886002 0.12489423155784607 0.08272624760866165
0 0.08139768987894058 0.06334450095891953 0.09144718199968338 0.05730338394641876 0.09644871205091476 0.06562351435422897 0.08639921993017197 0.07166463136672974
0 0.08208265900611877 0.10634917765855789 0.09470324218273163 0.10201423615217209 0.0979442149400711 0.11144987493753433 0.08532363176345825 0.11578481644392014
0 0.18050126731395721 0.07028809189796448 0.18280084431171417 0.059312477707862854 0.19744037091732025 0.06237971782684326 0.1951407939195633 0.07335533201694489
0 0.005518336780369282 0.10074064135551453 0.015558179467916489 0.09503750503063202 0.02038354054093361 0.1035321056842804 0.010343696922063828 0.1092352420091629
0 0.08842667192220688 0.16278670728206635 0.09174353629350662 0.15240265429019928 0.10603851824998856 0.15696875751018524 0.10272165387868881 0.1673528105020523
0 0.1003621369600296 0.10153891146183014 0.11370120942592621 0.09936599433422089 0.11540482938289642 0.10982415080070496 0.10206575691699982 0.11199706792831421
0 0.09592299163341522 0.11363077908754349 0.10979384183883667 0.10751798003911972 0.11429567635059357 0.11773329228162766 0.10042482614517212 0.12384609133005142
0 0.11506013572216034 0.014698302373290062 0.12876594066619873 0.01359630934894085 0.12971433997154236 0.025391926988959312 0.11600853502750397 0.026493920013308525
0 0.10757285356521606 0.06634145230054855 0.12174664437770844 0.06208125129342079 0.124982088804245 0.07284564524888992 0.11080829799175262 0.07710584998130798
0 0.13233022391796112 0.03821033611893654 0.1461607664823532 0.03600406274199486 0.1479000598192215 0.0469072125852108 0.1340695172548294 0.04911348596215248
0 0.11337661743164062 0.1326548010110855 0.12352762371301651 0.12788863480091095 0.13012684881687164 0.14194370806217194 0.11997584253549576 0.1467098742723465
0 0.10689917206764221 0.0824558287858963 0.1196548342704773 0.08122561872005463 0.12104891240596771 0.0956803560256958 0.10829325020313263 0.09691056609153748
0 0.06836607307195663 0.15342925488948822 0.07561365514993668 0.14463375508785248 0.08328186720609665 0.15095244348049164 0.07603428512811661 0.15974794328212738
0 0.09024412930011749 0.12988997995853424 0.0909242182970047 0.11746114492416382 0.10394763946533203 0.1181737631559372 0.10326755046844482 0.13060259819030762
0 0.09594058990478516 0.14399398863315582 0.0973656177520752 0.13135923445224762 0.1093994528055191 0.13271649181842804 0.10797442495822906 0.14535124599933624
0 0.10369862616062164 0.14189058542251587 0.11605525016784668 0.14162880182266235 0.11631451547145844 0.15386620163917542 0.1039578914642334 0.15412798523902893
0 0.9585428833961487 0.014437174424529076 0.9709588885307312 0.010834841057658195 0.9754201769828796 0.0262113306671381 0.9630041718482971 0.02981366403400898
0 0.9649914503097534 0.02759798988699913 0.9776452779769897 0.025443267077207565 0.9800707101821899 0.039686720818281174 0.9674168825149536 0.04184144362807274
0 0.9300401210784912 0.054410792887210846 0.9411669969558716 0.04810363054275513 0.9491487741470337 0.06218478083610535 0.9380218982696533 0.06849194318056107
