0 0.059727855026721954 0.9236996173858643 0.0668729618191719 0.9109159708023071 0.07607115060091019 0.9160569906234741 0.06892604380846024 0.9288406372070312
0 0.2699339687824249 0.676638126373291 0.2748766839504242 0.6662354469299316 0.2880037724971771 0.6724725961685181 0.28306105732917786 0.6828752756118774
0 0.7331761717796326 0.40031445026397705 0.7438121438026428 0.39895468950271606 0.7455427050590515 0.4124909043312073 0.7349067330360413 0.41385066509246826
0 0.5228353142738342 0.14600810408592224 0.5328170657157898 0.14182966947555542 0.5379400849342346 0.15406811237335205 0.527958333492279 0.15824654698371887
0 0.5952432751655579 0.1878652274608612 0.595758855342865 0.16978734731674194 0.6074873805046082 0.17012184858322144 0.606971800327301 0.1881997287273407
0 0.5965396761894226 0.2116016447544098 0.6083680987358093 0.2091011106967926 0.6123138070106506 0.22776547074317932 0.6004853844642639 0.2302660048007965
1 0.8602426648139954 0.9112539887428284 0.8646957278251648 0.8964381814002991 0.8977145552635193 0.9063623547554016 0.8932614922523499 0.9211781620979309
0 0.7172088623046875 0.34796345233917236 0.729177713394165 0.3479166030883789 0.7292501926422119 0.3664116859436035 0.7172813415527344 0.366458535194397
0 0.5710998773574829 0.1841033697128296 0.580398440361023 0.17923954129219055 0.5870321989059448 0.19192171096801758 0.5777336359024048 0.19678553938865662
0 0.7571951150894165 0.9935709238052368 0.7631481885910034 0.9824750423431396 0.7720688581466675 0.9872610569000244 0.7661157846450806 0.9983569383621216
