0 0.8619952201843262 0.33245280385017395 0.8853247165679932 0.32615819573402405 0.8891476392745972 0.3403269946575165 0.8658181428909302 0.3466216027736664
0 0.9394274353981018 0.4558990001678467 0.9499019980430603 0.4476320147514343 0.956248939037323 0.45567381381988525 0.9457743763923645 0.4639407992362976
0 0.93257075548172 0.4174409508705139 0.9483106732368469 0.41138893365859985 0.9525304436683655 0.4223635792732239 0.9367905259132385 0.42841559648513794
0 0.9442718029022217 0.3960592448711395 0.9609670639038086 0.3874323070049286 0.9660669565200806 0.3973018229007721 0.9493716955184937 0.40592876076698303
0 0.9848835468292236 0.4126257598400116 1.0019952058792114 0.4040835201740265 1.007657527923584 0.4154261648654938 0.9905458688735962 0.4239684045314789
0 0.9735331535339355 0.42896103858947754 0.9902124404907227 0.427645206451416 0.9910449981689453 0.43819814920425415 0.9743657112121582 0.4395139813423157
0 0.9679524302482605 0.4495260715484619 0.9830377697944641 0.43923312425613403 0.9893929362297058 0.4485471844673157 0.9743075966835022 0.45884013175964355
0 0.9702498912811279 0.4604223966598511 0.9851956367492676 0.4589279294013977 0.9863523244857788 0.47049570083618164 0.9714065790176392 0.471990168094635
0 0.9907475709915161 0.47178781032562256 0.9938913583755493 0.46210044622421265 1.0086842775344849 0.4669010043144226 1.0055404901504517 0.4765883684158325
0 0.9865754246711731 0.4809315502643585 0.9972370862960815 0.47227296233177185 1.0037829875946045 0.4803332984447479 0.9931213855743408 0.4889918863773346
0 0.9784972071647644 0.4806642532348633 0.9898768067359924 0.47284114360809326 0.9959329962730408 0.48165053129196167 0.9845533967018127 0.4894736409187317
0 0.9636461734771729 0.4754192531108856 0.9789708852767944 0.4718162715435028 0.9813104867935181 0.4817672669887543 0.9659857749938965 0.4853702485561371
1 0.9052163362503052 0.19912272691726685 0.9068188667297363 0.1797400712966919 0.9880257844924927 0.18645402789115906 0.9864232540130615 0.205836683511734
