0 0.7844765782356262 0.971368670463562 0.8023903965950012 0.967812180519104 0.8045142292976379 0.9785096645355225 0.7866004109382629 0.9820661544799805
0 0.7259981036186218 0.9450696110725403 0.742265522480011 0.9421356320381165 0.7441648840904236 0.9526664614677429 0.7278974652290344 0.9556004405021667
0 0.7510790228843689 0.9587726593017578 0.7673553824424744 0.9559721946716309 0.7691530585289001 0.9664201736450195 0.7528766989707947 0.9692206382751465
0 0.8646032214164734 0.9807795286178589 0.8789785504341125 0.9725337028503418 0.8848080039024353 0.982696533203125 0.8704326748847961 0.9909423589706421
0 0.810509443283081 0.9704078435897827 0.8240814208984375 0.9631969928741455 0.8289556503295898 0.972370982170105 0.8153836727142334 0.9795818328857422
0 0.6939209699630737 0.9506822824478149 0.7071434259414673 0.9427024126052856 0.7127134799957275 0.9519318342208862 0.699491024017334 0.9599117040634155
0 0.7632201313972473 0.9883582592010498 0.7769238352775574 0.9859673976898193 0.778685986995697 0.9960678815841675 0.764982283115387 0.998458743095398
1 0.45622026920318604 0.7022982835769653 0.48888152837753296 0.7021414041519165 0.4889572858810425 0.7179247140884399 0.45629602670669556 0.7180815935134888
0 0.5987429022789001 0.9125841856002808 0.6125579476356506 0.904247522354126 0.6181411147117615 0.9134997129440308 0.604326069355011 0.9218363761901855
0 0.5927453637123108 0.9382282495498657 0.601492702960968 0.92799973487854 0.6094985604286194 0.9348462820053101 0.6007512211799622 0.9450747966766357
0 0.6357373595237732 0.9883118271827698 0.646592915058136 0.9810354113578796 0.6519872546195984 0.9890831112861633 0.6411316990852356 0.9963595271110535
0 0.6488309502601624 0.9227451682090759 0.6616392731666565 0.9101751446723938 0.6710765957832336 0.9197912812232971 0.6582682728767395 0.9323613047599792
