0 0.04200747609138489 0.11701393127441406 0.0651894360780716 0.11167889833450317 0.06782962381839752 0.12315112352371216 0.044647663831710815 0.12848615646362305
0 0.12534289062023163 0.14886578917503357 0.14292789995670319 0.14719146490097046 0.14401619136333466 0.15862172842025757 0.1264311820268631 0.16029605269432068
0 0.08294490724802017 0.14439749717712402 0.1036473736166954 0.1344633400440216 0.10873418301343918 0.145064115524292 0.08803171664476395 0.1549982726573944
0 0.06210537627339363 0.09674707055091858 0.07085636258125305 0.08249564468860626 0.0809364914894104 0.08868527412414551 0.07218550145626068 0.10293669998645782
0 0.015608491376042366 0.12531185150146484 0.016965942457318306 0.11445260792970657 0.0354795977473259 0.11676689982414246 0.03412214666604996 0.12762615084648132
0 0.08182261139154434 0.06800608336925507 0.08574556559324265 0.05697944760322571 0.10424254089593887 0.06356014311313629 0.10031958669424057 0.07458677887916565
0 0.5029951930046082 0.21086245775222778 0.5156788229942322 0.198297917842865 0.5241033434867859 0.20680224895477295 0.5114197134971619 0.21936678886413574
0 0.010581049136817455 0.08983145654201508 0.027832459658384323 0.08187822997570038 0.032587502151727676 0.09219242632389069 0.015336092561483383 0.10014565289020538
0 0.0023599588312208652 0.13962504267692566 0.015564525499939919 0.13465970754623413 0.019244587048888206 0.14444628357887268 0.006040019914507866 0.1494116187095642
0 0.1376158893108368 0.3329508304595947 0.15325269103050232 0.32448554039001465 0.158786803483963 0.33470797538757324 0.14315000176429749 0.3431732654571533
0 0.400786817073822 0.37192076444625854 0.4154566526412964 0.36568504571914673 0.4197532534599304 0.3757930397987366 0.40508341789245605 0.3820287585258484
0 0.6192101836204529 0.08876484632492065 0.6400021910667419 0.08411940932273865 0.6424995064735413 0.09529702365398407 0.6217074990272522 0.09994246065616608
0 0.02164534479379654 0.022591806948184967 0.03667837753891945 0.020123090595006943 0.03852089121937752 0.03134291246533394 0.023487858474254608 0.03381162881851196
0 0.5048884749412537 0.24956083297729492 0.5202662348747253 0.24797964096069336 0.5213515162467957 0.25853484869003296 0.505973756313324 0.2601160407066345
0 0.01105258148163557 0.14087249338626862 0.01651577651500702 0.13162539899349213 0.029551532119512558 0.13932694494724274 0.024088338017463684 0.14857403934001923
0 -0.006434138398617506 0.03529321029782295 0.007904857397079468 0.030390042811632156 0.011259086430072784 0.040199268609285355 -0.0030799098312854767 0.04510243609547615
0 0.49791544675827026 0.2714773714542389 0.49919432401657104 0.2614269554615021 0.5131667256355286 0.2632048428058624 0.5118878483772278 0.27325525879859924
0 0.2266274392604828 0.4137069582939148 0.23987823724746704 0.41316747665405273 0.24029743671417236 0.4234643578529358 0.2270466387271881 0.42400383949279785
0 0.017833249643445015 0.025533102452754974 0.028632784262299538 0.02285165712237358 0.030937595292925835 0.0321342870593071 0.020138060674071312 0.03481573238968849
0 0.205550417304039 0.3794337511062622 0.20671986043453217 0.36935579776763916 0.21986828744411469 0.3708815574645996 0.21869884431362152 0.38095951080322266
0 0.37393176555633545 0.41582489013671875 0.37560582160949707 0.4036085605621338 0.3858802914619446 0.40501654148101807 0.38420623540878296 0.417232871055603
0 0.5344348549842834 0.20524455606937408 0.5454071164131165 0.19688086211681366 0.5519697070121765 0.20549027621746063 0.5409974455833435 0.21385397017002106
1 0.4037879705429077 0.126555398106575 0.4354579448699951 0.0790504440665245 0.4479530453681946 0.08738049864768982 0.4162830710411072 0.13488546013832092
1 0.45972689986228943 0.0910465344786644 0.5559484958648682 0.00825792457908392 0.571959376335144 0.026866711676120758 0.4757378101348877 0.10965532064437866
0 0.5304782390594482 0.2647511959075928 0.5341242551803589 0.25572484731674194 0.5458005666732788 0.26044130325317383 0.5421545505523682 0.26946765184402466
0 0.5168856978416443 0.28462785482406616 0.5287701487541199 0.2837807536125183 0.5294596552848816 0.29345470666885376 0.517575204372406 0.2943018078804016
0 0.39366763830184937 0.32336729764938354 0.4075751304626465 0.3214011788368225 0.40899890661239624 0.33147233724594116 0.3950914144515991 0.3334384560585022
0 0.19351013004779816 0.3675895035266876 0.1941857784986496 0.35800257325172424 0.20689596235752106 0.3588983714580536 0.20622031390666962 0.36848530173301697
0 0.21979641914367676 0.39062801003456116 0.22198569774627686 0.3809150755405426 0.23586922883987427 0.38404443860054016 0.23367995023727417 0.3937573730945587
0 0.03173111379146576 0.26219719648361206 0.04134137183427811 0.2548840641975403 0.04727298766374588 0.262678861618042 0.03766272962093353 0.26999199390411377
0 0.23334337770938873 0.09708649665117264 0.2441355139017105 0.08912766724824905 0.2503882646560669 0.09760632365942001 0.23959611356258392 0.1055651530623436
0 0.7920254468917847 0.06272207945585251 0.8064659833908081 0.060100726783275604 0.8082777261734009 0.0700811967253685 0.7938371896743774 0.0727025493979454
0 0.6041691303253174 0.15349368751049042 0.6140044927597046 0.14593426883220673 0.6199498176574707 0.1536695808172226 0.6101144552230835 0.1612289994955063
