0 0.07464810460805893 0.3769207000732422 0.08047131448984146 0.3656674027442932 0.1049671396613121 0.3783431649208069 0.09914392977952957 0.38959646224975586
0 0.8706372976303101 0.7977741956710815 0.8755038976669312 0.7856760025024414 0.9064019918441772 0.7981048822402954 0.9015353918075562 0.8102030754089355
0 0.3132001757621765 0.7392855882644653 0.3149828314781189 0.7279928922653198 0.33422327041625977 0.7310302257537842 0.3324406147003174 0.7423229217529297
0 0.3001766502857208 0.35395190119743347 0.3055190145969391 0.3444760739803314 0.3197270333766937 0.35248634219169617 0.31438466906547546 0.3619621694087982
0 0.9094746708869934 0.8724879026412964 0.9335519671440125 0.8646864891052246 0.9373359084129333 0.8763645887374878 0.9132586121559143 0.8841660022735596
1 0.15026386082172394 0.6765884757041931 0.23082555830478668 0.6695981621742249 0.23235063254833221 0.6871741414070129 0.15178893506526947 0.6941644549369812
0 0.2613935172557831 0.9868313670158386 0.27735021710395813 0.9827283024787903 0.2801036536693573 0.9934366345405579 0.26414695382118225 0.9975396990776062
0 0.28490957617759705 0.9663727283477783 0.30026814341545105 0.9612002372741699 0.30406394600868225 0.9724708795547485 0.28870537877082825 0.9776433706283569
0 0.41806289553642273 0.9061740636825562 0.4396652281284332 0.9057531356811523 0.43988940119743347 0.9172573089599609 0.418287068605423 0.9176782369613647
0 0.4768454134464264 0.8835991024971008 0.49173542857170105 0.8746340870857239 0.4973262846469879 0.8839200139045715 0.48243626952171326 0.8928850293159485
0 0.5075421333312988 0.8748764395713806 0.5275379419326782 0.8744165301322937 0.5278061628341675 0.8860812783241272 0.5078103542327881 0.8865411877632141
0 0.45294392108917236 0.8581051230430603 0.47260820865631104 0.8573514819145203 0.47304415702819824 0.8687266707420349 0.45337986946105957 0.869480311870575
0 0.819374144077301 0.823929488658905 0.8411161303520203 0.8205929398536682 0.8427922129631042 0.8315150141716003 0.821050226688385 0.8348515629768372
