0 0.14014557003974915 0.8088467121124268 0.14673209190368652 0.799396276473999 0.1609422266483307 0.8093000650405884 0.1543557047843933 0.8187505006790161
0 0.6590268015861511 0.9955937266349792 0.6690099835395813 0.9849302172660828 0.6767409443855286 0.9921680092811584 0.6667577624320984 1.0028314590454102
0 0.21697013080120087 0.88508540391922 0.22861544787883759 0.8849734663963318 0.228772833943367 0.9013414978981018 0.21712751686573029 0.90145343542099
0 0.6884441375732422 0.9826064705848694 0.6999682188034058 0.9757007956504822 0.7051659822463989 0.9843748211860657 0.6936419010162354 0.9912804961204529
0 -0.004711722023785114 0.944003164768219 0.000933290459215641 0.931984007358551 0.01068622712045908 0.9365646243095398 0.005041214637458324 0.9485837817192078
0 0.6429520845413208 0.9923034906387329 0.6537619829177856 0.9828869104385376 0.6607258319854736 0.9908812046051025 0.6499159336090088 1.0002977848052979
0 0.7209809422492981 0.9953812956809998 0.7267853617668152 0.983592689037323 0.7360982298851013 0.9881781935691833 0.7302938103675842 0.9999668002128601
0 0.6345789432525635 0.9945738315582275 0.6454077959060669 0.9932246208190918 0.6471328735351562 1.0070710182189941 0.6363040208816528 1.0084202289581299
0 0.79496830701828 0.9498171806335449 0.8042616248130798 0.9387693405151367 0.8124907612800598 0.9456915855407715 0.80319744348526 0.9567394256591797
0 0.24848027527332306 0.9154797196388245 0.2579180598258972 0.9058089852333069 0.26541048288345337 0.9131209254264832 0.255972683429718 0.9227916598320007
0 0.850972056388855 0.8850507736206055 0.8606165647506714 0.8809621334075928 0.8657556772232056 0.8930842876434326 0.8561111688613892 0.8971729278564453
0 0.6778207421302795 0.9935383796691895 0.6907046437263489 0.9904322624206543 0.6929882168769836 0.9999046325683594 0.6801043152809143 1.0030107498168945
0 0.8148789405822754 0.9210172295570374 0.8263468742370605 0.9117955565452576 0.8329770565032959 0.9200406670570374 0.8215091228485107 0.9292623400688171
0 0.8019064664840698 0.9276201128959656 0.8130611181259155 0.9195061326026917 0.8191394805908203 0.9278622269630432 0.8079848289489746 0.9359762072563171
0 0.23579275608062744 0.9722855687141418 0.24265918135643005 0.9610951542854309 0.25143948197364807 0.9664828181266785 0.24457305669784546 0.9776732325553894
0 0.5844919085502625 0.9007996320724487 0.5868070721626282 0.8856382369995117 0.5981486439704895 0.8873701095581055 0.5958334803581238 0.9025315046310425
0 0.19574616849422455 0.8830006122589111 0.20658178627490997 0.8826576471328735 0.20699231326580048 0.895627498626709 0.19615669548511505 0.8959704637527466
0 0.824489176273346 0.8843180537223816 0.8352097868919373 0.883967936038971 0.8356297612190247 0.8968284726142883 0.8249091506004333 0.897178590297699
0 0.37865492701530457 0.9790582656860352 0.38269928097724915 0.9664297103881836 0.3925934135913849 0.9695982933044434 0.3885490596294403 0.9822268486022949
0 0.2124972939491272 0.9260364770889282 0.21469786763191223 0.9129520654678345 0.22488737106323242 0.9146658182144165 0.2226867973804474 0.9277502298355103
0 0.6622907519340515 0.8716721534729004 0.6743513941764832 0.8579686880111694 0.6827823519706726 0.8653889894485474 0.670721709728241 0.8790924549102783
0 0.809215784072876 0.9568008780479431 0.8151735067367554 0.9448686242103577 0.8243840932846069 0.9494674801826477 0.8184263706207275 0.9613997340202332
0 0.2344854176044464 0.9851553440093994 0.24394318461418152 0.982096791267395 0.24779564142227173 0.9940094947814941 0.23833787441253662 0.9970680475234985
0 0.2548307478427887 0.9880405068397522 0.2635701596736908 0.9832524657249451 0.2693679630756378 0.9938350319862366 0.2606285512447357 0.9986230731010437
0 0.5595661401748657 0.9987489581108093 0.563542366027832 0.9896565675735474 0.5752177238464355 0.9947623610496521 0.5712414979934692 1.003854751586914
0 0.5747615098953247 0.994677722454071 0.5850180387496948 0.9919145107269287 0.5883020162582397 1.0041041374206543 0.5780454874038696 1.0068674087524414
0 0.6139953136444092 0.9873587489128113 0.6193711757659912 0.9765051007270813 0.6284449100494385 0.9809994101524353 0.6230690479278564 0.9918530583381653
0 0.5153211951255798 0.9977979063987732 0.5233311057090759 0.9915785193443298 0.5307087302207947 1.00108003616333 0.5226988196372986 1.0072994232177734
0 0.8221756219863892 0.9566054344177246 0.8326236009597778 0.9560022354125977 0.8333371877670288 0.9683629274368286 0.8228892087936401 0.9689661264419556
0 0.5107463598251343 0.9206216335296631 0.5183959007263184 0.9137983322143555 0.5271565914154053 0.9236198663711548 0.5195070505142212 0.9304431676864624
0 0.8024891018867493 0.8613542914390564 0.8079301714897156 0.8506847023963928 0.8168851733207703 0.8552513718605042 0.811444103717804 0.8659209609031677
0 0.15605321526527405 0.9337875843048096 0.16600582003593445 0.9297221899032593 0.16948100924491882 0.9382299184799194 0.15952840447425842 0.9422953128814697
0 0.8221876621246338 0.9704359769821167 0.8316011428833008 0.9677188396453857 0.8346740007400513 0.9783644676208496 0.8252605199813843 0.9810816049575806
0 0.3849376142024994 0.8829473257064819 0.4006865322589874 0.8787428140640259 0.40424010157585144 0.8920532464981079 0.3884911835193634 0.896257758140564
0 0.447149395942688 0.9190786480903625 0.45375722646713257 0.9066290259361267 0.4635036587715149 0.9118021130561829 0.4568958282470703 0.9242517352104187
0 0.3709885776042938 0.9946879148483276 0.38306108117103577 0.9934425354003906 0.38425031304359436 1.0049703121185303 0.3721778094768524 1.0062156915664673
0 0.48074284195899963 0.9959217309951782 0.48786792159080505 0.9866881370544434 0.49571493268013 0.9927432537078857 0.4885898530483246 1.0019768476486206
0 0.8234404921531677 0.9251689910888672 0.8371581435203552 0.9217485189437866 0.8402320742607117 0.9340763092041016 0.8265144228935242 0.9374967813491821
0 0.8003320097923279 0.9731223583221436 0.8100460171699524 0.9654432535171509 0.81647127866745 0.9735711812973022 0.8067572712898254 0.9812502861022949
0 0.9241423606872559 0.9099025726318359 0.9370396137237549 0.9062983989715576 0.9403499364852905 0.9181441068649292 0.9274526834487915 0.9217482805252075
0 0.8645966053009033 0.9197326302528381 0.8740824460983276 0.91343754529953 0.8791769742965698 0.9211142659187317 0.8696911334991455 0.9274093508720398
0 0.8529260158538818 0.9260521531105042 0.859874963760376 0.9172711968421936 0.8674702644348145 0.9232818484306335 0.8605213165283203 0.9320628046989441
0 0.8574199676513672 0.9248814582824707 0.8670245409011841 0.9188475608825684 0.8722054958343506 0.9270944595336914 0.8626009225845337 0.9331283569335938
0 0.8259533047676086 0.9042815566062927 0.8365406394004822 0.9023551344871521 0.8386903405189514 0.9141697287559509 0.8281030058860779 0.9160961508750916
0 0.8280029296875 0.9724615812301636 0.8362081050872803 0.9678276777267456 0.8416416645050049 0.9774488210678101 0.8334364891052246 0.982082724571228
0 0.7588533163070679 0.9673417806625366 0.769275426864624 0.9662526845932007 0.7704625129699707 0.977613091468811 0.7600404024124146 0.978702187538147
