0 0.5622816681861877 0.04843215271830559 0.576705276966095 0.043038997799158096 0.5803714394569397 0.05284382775425911 0.5659478306770325 0.0582369826734066
0 0.6148595809936523 0.0458851158618927 0.6295609474182129 0.04343076050281525 0.6312500238418579 0.053548216819763184 0.6165486574172974 0.05600257217884064
0 0.5967628955841064 0.0009593158029019833 0.6100465059280396 -0.004177153576165438 0.6135720014572144 0.004940348211675882 0.6002883911132812 0.010076817125082016
0 0.6328220367431641 0.044320620596408844 0.6464962959289551 0.04227299988269806 0.6480119228363037 0.05239477753639221 0.6343376636505127 0.054442398250103
0 0.5646546483039856 0.1018538698554039 0.5775406956672668 0.09698941558599472 0.5811757445335388 0.10661865025758743 0.5682896971702576 0.11148310452699661
0 0.7678878903388977 0.05292799696326256 0.7805144190788269 0.04878782853484154 0.7836028933525085 0.05820683017373085 0.7709763646125793 0.06234699860215187
0 0.6228482723236084 0.009117312729358673 0.6328829526901245 -3.793835639953613e-05 0.6402403116226196 0.008026134222745895 0.6302056312561035 0.017181385308504105
0 0.616508960723877 0.01929510198533535 0.6265088319778442 0.010129990056157112 0.6338858604431152 0.01817886345088482 0.623885989189148 0.027343975380063057
0 0.6322994232177734 0.012741279788315296 0.6423263549804688 0.003592848777770996 0.6496914625167847 0.01166518684476614 0.6396645307540894 0.02081361785531044
0 0.6376767754554749 0.0014855475164949894 0.6477038264274597 -0.007662713062018156 0.6550688147544861 0.0004097535274922848 0.6450417637825012 0.009558014571666718
0 0.6407721042633057 0.00501457042992115 0.650771975517273 -0.0041505396366119385 0.658149003982544 0.0038983337581157684 0.6481491327285767 0.013063443824648857
0 0.5834472179412842 0.0020998497493565083 0.5934818983078003 -0.007055400405079126 0.6008392572402954 0.0010086740367114544 0.5908045768737793 0.010163923725485802
0 0.6562365889549255 0.011297721415758133 0.6662715077400208 0.0021424293518066406 0.6736287474632263 0.01020655408501625 0.6635938286781311 0.019361846148967743
0 0.6578661203384399 0.03671105206012726 0.667900800704956 0.02755580097436905 0.6752581596374512 0.03561986982822418 0.6652234792709351 0.04477512091398239
0 0.664872407913208 0.04446276277303696 0.674864649772644 0.035304635763168335 0.6822493076324463 0.04336186498403549 0.6722570657730103 0.052519991993904114
0 0.6384919881820679 0.029066454619169235 0.6485457420349121 0.01993674226105213 0.6558828353881836 0.028016429394483566 0.6458290815353394 0.03714614361524582
0 0.6122728586196899 0.030906667932868004 0.622307538986206 0.02175140380859375 0.6296648979187012 0.029815485700964928 0.6196302175521851 0.03897074982523918
0 0.6041254997253418 0.02944791130721569 0.6141602993011475 0.020292671397328377 0.621517539024353 0.02835674397647381 0.6114827394485474 0.03751198202371597
0 0.5964544415473938 0.007286486681550741 0.6106216311454773 0.0028480137698352337 0.6137410998344421 0.012805156409740448 0.5995739102363586 0.017243629321455956
0 0.619251012802124 0.0005147196352481842 0.6334182024002075 -0.003923757933080196 0.6365376710891724 0.006033387966454029 0.6223704814910889 0.01047186553478241
0 0.6283560991287231 0.013958051800727844 0.6425318717956543 0.009493499994277954 0.6456665992736816 0.019446775317192078 0.6314908266067505 0.023911327123641968
0 0.6601204872131348 0.04674624651670456 0.6743121147155762 0.042311958968639374 0.6774195432662964 0.05225710570812225 0.663227915763855 0.05669139325618744
0 0.6503435969352722 0.052550606429576874 0.6645310521125793 0.04811769723892212 0.6676427721977234 0.05807684361934662 0.6534553170204163 0.06250975281000137
0 0.6334130167961121 0.05448554456233978 0.6476003527641296 0.050052426755428314 0.6507123112678528 0.06001150608062744 0.6365249752998352 0.06444462388753891
0 0.6199027895927429 0.06490018963813782 0.6340699791908264 0.06046169623732567 0.6371894478797913 0.0704188346862793 0.6230222582817078 0.07485732436180115
0 0.6251028180122375 0.03658094257116318 0.639294445514679 0.03214665502309799 0.6424018740653992 0.04209180176258087 0.6282102465629578 0.04652608931064606
0 0.5930286049842834 0.03332128748297691 0.6072043776512146 0.02885674126446247 0.6103391051292419 0.038810018450021744 0.5961633324623108 0.043274566531181335
0 0.6290135383605957 0.02713731862604618 0.6432009935379028 0.022704405710101128 0.6463127136230469 0.032663553953170776 0.6321252584457397 0.03709647059440613
0 0.5387992858886719 0.08996763080358505 0.552975058555603 0.08550306409597397 0.5561097860336304 0.09545633941888809 0.5419340133666992 0.09992090612649918
0 0.6116507053375244 0.04549912363290787 0.6121954917907715 0.03501983731985092 0.6248284578323364 0.03567655384540558 0.6242836713790894 0.046155840158462524
0 0.6507124900817871 0.038171444088220596 0.6567057371139526 0.025057196617126465 0.6675509214401245 0.030013475567102432 0.661557674407959 0.043127723038196564
0 0.669876217842102 0.0296397153288126 0.6829423904418945 0.02727334387600422 0.6848225593566895 0.037654608488082886 0.671756386756897 0.040020979940891266
0 0.6647160649299622 0.05106477439403534 0.678231418132782 0.04804118722677231 0.6804825663566589 0.05810399353504181 0.6669672131538391 0.06112758070230484
