0 0.7999870777130127 0.4907122552394867 0.8131734132766724 0.48947450518608093 0.8141220808029175 0.49958112835884094 0.8009357452392578 0.5008188486099243
0 0.7360292673110962 0.004543378949165344 0.7479534149169922 0.0008282214403152466 0.7521951198577881 0.014442294836044312 0.7402709722518921 0.01815745234489441
0 0.8892605900764465 0.51982581615448 0.9010892510414124 0.5192334651947021 0.9017478823661804 0.5323851108551025 0.8899192214012146 0.5329774618148804
0 0.9280877113342285 0.5052619576454163 0.9371256828308105 0.5009178519248962 0.9433668851852417 0.513902485370636 0.9343289136886597 0.518246591091156
0 0.8970271348953247 0.5471852421760559 0.9065576791763306 0.5412757992744446 0.9142985343933105 0.5537601113319397 0.9047679901123047 0.559669554233551
0 0.8969622850418091 0.5397141575813293 0.9053614139556885 0.5337956547737122 0.9126361608505249 0.5441194176673889 0.9042370319366455 0.5500379204750061
0 0.8892934918403625 0.5596373081207275 0.9000359177589417 0.5588078498840332 0.9009087681770325 0.5701107978820801 0.8901663422584534 0.5709402561187744
0 0.8259214162826538 0.5298041105270386 0.8263942003250122 0.5184890031814575 0.8379195928573608 0.5189706087112427 0.8374468088150024 0.5302857160568237
0 0.8021194338798523 0.5340203046798706 0.8065033555030823 0.5233765840530396 0.8165794014930725 0.5275267362594604 0.8121954798698425 0.5381704568862915
0 0.7972670793533325 0.5347594022750854 0.8084615468978882 0.5337958335876465 0.8095375299453735 0.5462950468063354 0.7983430624008179 0.5472586154937744
0 0.683149516582489 0.5071971416473389 0.6932317614555359 0.5001430511474609 0.7011693120002747 0.5114879608154297 0.6910870671272278 0.5185420513153076
0 0.7720080018043518 0.5038795471191406 0.7795793414115906 0.49707725644111633 0.7877956032752991 0.5062224864959717 0.7802242636680603 0.5130248069763184
0 0.7765467166900635 0.5250740051269531 0.7866458892822266 0.5250740051269531 0.7866458892822266 0.5361034870147705 0.7765467166900635 0.5361034870147705
0 0.7673646807670593 0.5371648073196411 0.7789095044136047 0.5349730253219604 0.7809557318687439 0.5457513332366943 0.7694109082221985 0.547943115234375
0 0.7885647416114807 0.5529292225837708 0.7916823029518127 0.5415958762168884 0.8023809790611267 0.5445389151573181 0.7992634177207947 0.5558722615242004
0 0.7809270620346069 0.5687017440795898 0.7822377681732178 0.5573865175247192 0.7927947044372559 0.5586093664169312 0.791483998298645 0.5699245929718018
0 0.7960323691368103 0.5568859577178955 0.8073695302009583 0.5566177368164062 0.8076304793357849 0.5676465034484863 0.796293318271637 0.5679147243499756
0 0.7939121723175049 0.5697808265686035 0.8021054267883301 0.5637787580490112 0.8100135326385498 0.5745738744735718 0.8018202781677246 0.5805759429931641
0 0.866573691368103 0.551342785358429 0.8750004768371582 0.5448352694511414 0.8831750154495239 0.5554205775260925 0.8747482299804688 0.5619280934333801
0 0.9150247573852539 0.732280433177948 0.924626350402832 0.7264948487281799 0.931999921798706 0.7387319207191467 0.9223983287811279 0.7445175051689148
