0 0.4651525020599365 0.3010619282722473 0.4818766713142395 0.29027533531188965 0.48796546459198 0.2997157573699951 0.471241295337677 0.3105023503303528
0 0.4745561182498932 0.30796581506729126 0.48672863841056824 0.29441821575164795 0.49499568343162537 0.30184614658355713 0.4828231632709503 0.31539374589920044
0 0.9462785124778748 0.3163398504257202 0.9465404152870178 0.3058147430419922 0.9645362496376038 0.3062625527381897 0.9642743468284607 0.3167876601219177
0 0.3797462284564972 0.3381330668926239 0.3823353350162506 0.3290388882160187 0.39421799778938293 0.3324218690395355 0.3916288912296295 0.34151604771614075
0 0.489963173866272 0.5258180499076843 0.5066956281661987 0.5257276892662048 0.5067534446716309 0.5364360213279724 0.4900209903717041 0.5365263819694519
0 0.377185195684433 0.3361870050430298 0.3779294788837433 0.32669734954833984 0.3895682394504547 0.32761019468307495 0.3888239562511444 0.3370998501777649
0 0.45960915088653564 0.3201894760131836 0.4728458523750305 0.3110942244529724 0.4787701964378357 0.3197161555290222 0.4655334949493408 0.3288114070892334
0 0.43440917134284973 0.34131887555122375 0.4440641701221466 0.33282914757728577 0.4507928788661957 0.34048137068748474 0.4411378800868988 0.34897109866142273
0 0.4440024793148041 0.313113272190094 0.4572172462940216 0.3038308620452881 0.4632514417171478 0.31242138147354126 0.4500366747379303 0.32170379161834717
0 0.38914451003074646 0.2134934365749359 0.3938654959201813 0.20438790321350098 0.4058789312839508 0.2106165885925293 0.401157945394516 0.21972212195396423
0 0.33111685514450073 0.19991570711135864 0.3334317207336426 0.19019147753715515 0.3460009694099426 0.19318366050720215 0.3436861038208008 0.20290789008140564
0 0.34000515937805176 0.19386538863182068 0.3416197896003723 0.18426671624183655 0.3538433313369751 0.1863228976726532 0.35222870111465454 0.19592157006263733
0 0.461717426776886 0.34746038913726807 0.463190495967865 0.33714455366134644 0.47616636753082275 0.338997483253479 0.47469329833984375 0.34931331872940063
0 0.41849204897880554 0.3915599584579468 0.42126062512397766 0.3814692497253418 0.43701860308647156 0.3857927918434143 0.43425002694129944 0.3958835005760193
0 0.39845120906829834 0.3050221800804138 0.4017830491065979 0.2960447072982788 0.41288667917251587 0.300165593624115 0.4095548391342163 0.30914306640625
0 0.31496280431747437 0.14886662364006042 0.3178253173828125 0.13938531279563904 0.330982506275177 0.14335760474205017 0.32811999320983887 0.15283891558647156
0 0.37417906522750854 0.3392263948917389 0.37612664699554443 0.329951673746109 0.38819706439971924 0.3324863016605377 0.38624948263168335 0.3417610228061676
0 0.42412179708480835 0.4341074824333191 0.4262924790382385 0.4243702292442322 0.44009000062942505 0.42744600772857666 0.4379193186759949 0.4371832609176636
0 0.33269375562667847 0.18603534996509552 0.33299291133880615 0.17630796134471893 0.3459228277206421 0.17670564353466034 0.3456236720085144 0.18643303215503693
0 0.4330248236656189 0.3222824037075043 0.4441426992416382 0.31391313672065735 0.45047813653945923 0.32232919335365295 0.43936026096343994 0.3306984603404999
0 0.3368173837661743 0.15468904376029968 0.34095388650894165 0.14547118544578552 0.35319650173187256 0.15096509456634521 0.3490599989891052 0.16018295288085938
0 0.30626940727233887 0.17550896108150482 0.3069012761116028 0.16569750010967255 0.31945323944091797 0.1665058583021164 0.31882137060165405 0.17631731927394867
0 0.3887348771095276 0.34879031777381897 0.39124244451522827 0.3395463526248932 0.4032306671142578 0.3427983224391937 0.40072309970855713 0.3520422875881195
0 0.33227550983428955 0.1754128485918045 0.33244115114212036 0.16547773778438568 0.3452081084251404 0.1656905859708786 0.34504246711730957 0.17562569677829742
0 0.34731340408325195 0.20550018548965454 0.34918010234832764 0.19606176018714905 0.36148130893707275 0.19849461317062378 0.35961461067199707 0.20793303847312927
0 0.40653884410858154 0.33453547954559326 0.41339927911758423 0.32313472032546997 0.42221754789352417 0.32844114303588867 0.4153571128845215 0.33984190225601196
0 0.4394022822380066 0.4132571220397949 0.44127464294433594 0.4034101366996765 0.45638507604599 0.40628325939178467 0.45451271533966064 0.4161302447319031
0 0.34632840752601624 0.21750685572624207 0.3483700454235077 0.20819896459579468 0.3604043424129486 0.21083858609199524 0.35836270451545715 0.22014647722244263
0 0.38884201645851135 0.389139324426651 0.39138302206993103 0.3799438774585724 0.4029863774776459 0.38315024971961975 0.4004453718662262 0.39234569668769836
0 0.43481937050819397 0.43960919976234436 0.43677887320518494 0.42960110306739807 0.4507955014705658 0.4323454797267914 0.44883599877357483 0.44235357642173767
0 0.41244497895240784 0.35505032539367676 0.4188615381717682 0.34169650077819824 0.4288890063762665 0.3465147018432617 0.42247244715690613 0.35986852645874023
0 0.40624475479125977 0.3981702923774719 0.4198586940765381 0.39676398038864136 0.4208833575248718 0.40668314695358276 0.4072694182395935 0.40808945894241333
0 0.3535698354244232 0.20503070950508118 0.3659267723560333 0.2027648687362671 0.3676591217517853 0.2122122347354889 0.35530218482017517 0.21447807550430298
0 0.4089023768901825 0.3827977478504181 0.4131287634372711 0.3737523853778839 0.42526957392692566 0.3794250786304474 0.42104318737983704 0.38847044110298157
0 0.3830835521221161 0.36832478642463684 0.3850457966327667 0.3586643636226654 0.3978167474269867 0.3612584173679352 0.39585450291633606 0.3709188401699066
0 0.35967615246772766 0.21890166401863098 0.3719155490398407 0.21863457560539246 0.3721291720867157 0.22842416167259216 0.35988977551460266 0.2286912500858307
0 0.3987712860107422 0.34058305621147156 0.4078977108001709 0.3322318494319916 0.4145694375038147 0.33952292799949646 0.405443012714386 0.34787413477897644
0 0.41066640615463257 0.3251287341117859 0.4183526635169983 0.3131903409957886 0.42727339267730713 0.31893378496170044 0.4195871353149414 0.33087217807769775
0 0.4661845564842224 0.3577353060245514 0.4677719473838806 0.3480336368083954 0.4804966449737549 0.35011568665504456 0.4789092540740967 0.35981735587120056
0 0.44575220346450806 0.37484097480773926 0.4481654167175293 0.365261435508728 0.46134841442108154 0.36858242750167847 0.4589352011680603 0.3781619668006897
0 0.49138325452804565 0.5110467672348022 0.49466076493263245 0.5014324188232422 0.506625235080719 0.5055110454559326 0.5033477544784546 0.5151253938674927
0 0.45238447189331055 0.36920785903930664 0.4539950489997864 0.35971903800964355 0.46731722354888916 0.36198025941848755 0.46570664644241333 0.37146908044815063
0 0.4469720721244812 0.38583678007125854 0.4484226703643799 0.37616753578186035 0.4618627429008484 0.37818390130996704 0.4604121446609497 0.38785314559936523
0 0.3083222806453705 0.16744893789291382 0.30940762162208557 0.15763142704963684 0.32197508215904236 0.1590207815170288 0.32088974118232727 0.1688382923603058
0 0.3193546533584595 0.14099951088428497 0.32216721773147583 0.13192160427570343 0.33442509174346924 0.1357194036245346 0.3316125273704529 0.14479731023311615
0 0.31379327178001404 0.15737469494342804 0.3167772591114044 0.14830030500888824 0.3278718888759613 0.15194861590862274 0.3248879015445709 0.16102300584316254
0 0.311533123254776 0.15157818794250488 0.313264936208725 0.14229193329811096 0.3249568045139313 0.1444723904132843 0.3232249915599823 0.15375864505767822
0 0.43274152278900146 0.3596535325050354 0.43579190969467163 0.3503764271736145 0.4475521445274353 0.35424333810806274 0.44450175762176514 0.36352044343948364
0 0.3835431933403015 0.34306901693344116 0.3858795166015625 0.3341848850250244 0.3971565365791321 0.337150514125824 0.3948202133178711 0.3460346460342407
0 0.39301902055740356 0.36871257424354553 0.3940994143486023 0.3594697415828705 0.4059889316558838 0.36085954308509827 0.40490853786468506 0.3701023757457733
0 0.37720271944999695 0.3304899334907532 0.3789345324039459 0.32072025537490845 0.3892819583415985 0.32255446910858154 0.38755014538764954 0.33232414722442627
0 0.41216421127319336 0.19020700454711914 0.42540937662124634 0.18682760000228882 0.4278675317764282 0.19646203517913818 0.41462236642837524 0.1998414397239685
0 0.3433453440666199 0.17959436774253845 0.3460286259651184 0.17032930254936218 0.3575326204299927 0.17366096377372742 0.35484933853149414 0.1829260289669037
0 0.30672556161880493 0.17079442739486694 0.30768918991088867 0.16068819165229797 0.3219226002693176 0.16204532980918884 0.3209589719772339 0.1721515655517578
0 0.3823348879814148 0.3495124578475952 0.38538432121276855 0.3406530022621155 0.3964179754257202 0.34445077180862427 0.39336854219436646 0.353310227394104
0 0.3648241460323334 0.1987394541501999 0.3668743669986725 0.1893196851015091 0.37855592370033264 0.19186221063137054 0.37650570273399353 0.20128197968006134
0 0.3821192979812622 0.3629557490348816 0.38377320766448975 0.3536837100982666 0.39552444219589233 0.35577988624572754 0.3938705325126648 0.36505192518234253
0 0.005636561196297407 0.8786376118659973 0.006759264972060919 0.868824303150177 0.01969034969806671 0.8703036904335022 0.0185676459223032 0.8801169991493225
0 0.3902680575847626 0.3604097366333008 0.3936672508716583 0.35130709409713745 0.4059353172779083 0.35588836669921875 0.4025361239910126 0.3649910092353821
0 0.017481446266174316 0.8665369749069214 0.03078029677271843 0.8660628795623779 0.031148158013820648 0.8763830661773682 0.017849307507276535 0.8768571615219116
0 0.2649943232536316 0.7354173064231873 0.2670655846595764 0.7255265116691589 0.28151047229766846 0.72855144739151 0.27943921089172363 0.7384422421455383
0 0.3188212215900421 0.7164223194122314 0.3331834375858307 0.7148145437240601 0.33435675501823425 0.725296139717102 0.3199945390224457 0.7269039154052734
0 0.35111838579177856 0.6995742321014404 0.3515551686286926 0.6890618801116943 0.36554908752441406 0.689643383026123 0.3651123046875 0.7001557350158691
0 0.394451379776001 0.20793557167053223 0.39708906412124634 0.1978169083595276 0.4105303883552551 0.20132073760032654 0.40789270401000977 0.21143940091133118
0 0.3495292067527771 0.22303320467472076 0.3503934144973755 0.21298135817050934 0.3636457920074463 0.21412070095539093 0.3627815842628479 0.22417254745960236
0 0.3354131281375885 0.1811029613018036 0.3377261459827423 0.1708119511604309 0.35008183121681213 0.1735890507698059 0.3477688133716583 0.1838800609111786
0 0.30809909105300903 0.16450035572052002 0.30995506048202515 0.1552247703075409 0.32218921184539795 0.1576727032661438 0.32033324241638184 0.16694828867912292
0 0.30594906210899353 0.17321129143238068 0.3062937557697296 0.1636643260717392 0.32017406821250916 0.1641654521226883 0.31982937455177307 0.17371241748332977
0 0.31815406680107117 0.13828085362911224 0.32882335782051086 0.13777439296245575 0.3293016254901886 0.14784987270832062 0.3186323344707489 0.1483563333749771
1 0.9259825348854065 0.18442890048027039 0.9540306925773621 0.16346660256385803 0.9629395604133606 0.17538699507713318 0.934891402721405 0.19634929299354553
0 0.4478806257247925 0.3425978124141693 0.46152573823928833 0.34237101674079895 0.46169769763946533 0.3527168333530426 0.4480525851249695 0.35294362902641296
0 0.4639344811439514 0.3277268409729004 0.4742199778556824 0.32015329599380493 0.4799785017967224 0.3279738426208496 0.46969300508499146 0.33554738759994507
0 0.4566391110420227 0.3339249789714813 0.46690624952316284 0.32357051968574524 0.47427141666412354 0.33087357878685 0.4640042781829834 0.34122803807258606
0 0.444994181394577 0.3603914976119995 0.45548030734062195 0.3517003059387207 0.46289709210395813 0.3606488108634949 0.4524109661579132 0.3693400025367737
0 0.4156058430671692 0.3749805986881256 0.4172596335411072 0.3654802739620209 0.4307425618171692 0.36782732605934143 0.4290887713432312 0.37732765078544617
0 0.3965279161930084 0.386902391910553 0.40117719769477844 0.3781786561012268 0.41193434596061707 0.383911669254303 0.40728506445884705 0.39263540506362915
0 0.3934304714202881 0.32722634077072144 0.40650516748428345 0.3195081949234009 0.4115985631942749 0.3281364440917969 0.39852386713027954 0.33585458993911743
0 0.4191211462020874 0.4215380549430847 0.4266759753227234 0.4144054651260376 0.43516790866851807 0.4234001040458679 0.4276130795478821 0.43053269386291504
