0 0.3738517761230469 0.9160519242286682 0.38289201259613037 0.9105035662651062 0.38980746269226074 0.921771228313446 0.38076722621917725 0.9273195862770081
0 0.3568326234817505 0.8983766436576843 0.3661729097366333 0.8928187489509583 0.37377744913101196 0.9055987000465393 0.36443716287612915 0.9111565947532654
0 0.3800525367259979 0.8997200131416321 0.390704482793808 0.8963087201118469 0.39475515484809875 0.9089571833610535 0.3841032087802887 0.9123684763908386
0 0.3424017131328583 0.9295260906219482 0.35206177830696106 0.9247750043869019 0.35845109820365906 0.9377660751342773 0.3487910330295563 0.9425171613693237
0 0.3071691393852234 0.865234911441803 0.31792235374450684 0.8624275326728821 0.32123398780822754 0.8751122355461121 0.3104807734489441 0.877919614315033
0 0.17578956484794617 0.8180568814277649 0.1834734082221985 0.8115628361701965 0.191414475440979 0.8209587931632996 0.18373063206672668 0.8274528384208679
0 0.0346730574965477 0.7673736810684204 0.044175177812576294 0.7606685161590576 0.05211103707551956 0.7719147205352783 0.04260891675949097 0.7786198854446411
1 0.05387062579393387 0.8707256317138672 0.0729069784283638 0.8463904857635498 0.084190733730793 0.8552172183990479 0.06515438109636307 0.8795523643493652
0 0.18424484133720398 0.8364508152008057 0.19314044713974 0.832676887512207 0.19768056273460388 0.8433784246444702 0.18878495693206787 0.8471523523330688
0 0.018644943833351135 0.7513661980628967 0.027498122304677963 0.746320903301239 0.03312184289097786 0.7561891674995422 0.02426866441965103 0.7612344622612
0 0.02150477096438408 0.7457625865936279 0.03083348274230957 0.7424758672714233 0.03456267714500427 0.7530603408813477 0.02523396536707878 0.7563470602035522
0 0.02258652076125145 0.7442464828491211 0.029751570895314217 0.7375108003616333 0.0380297489464283 0.74631667137146 0.030864698812365532 0.7530523538589478
0 -0.0036163898184895515 0.7351909875869751 0.005752147175371647 0.7321224212646484 0.00938261579722166 0.7432066202163696 1.4078803360462189e-05 0.7462751865386963
