0 0.6881996989250183 0.4656723737716675 0.7015731930732727 0.4638884663581848 0.7044938206672668 0.4857834577560425 0.6911203265190125 0.48756736516952515
0 0.7957064509391785 0.6791195273399353 0.8044260144233704 0.6694543957710266 0.8174107670783997 0.6811687350273132 0.8086912035942078 0.6908338665962219
0 0.5991756319999695 0.13307887315750122 0.6051815152168274 0.12419735640287399 0.6172522902488708 0.13235989212989807 0.6112464070320129 0.1412414014339447
0 0.6175885200500488 0.5883939862251282 0.6269638538360596 0.5802611708641052 0.6407545804977417 0.5961588025093079 0.631379246711731 0.6042916178703308
1 0.22559624910354614 0.396446168422699 0.2706263065338135 0.3857010006904602 0.27487730979919434 0.4035158157348633 0.229847252368927 0.41426098346710205
1 0.25633689761161804 0.4061740040779114 0.2937418520450592 0.3837711215019226 0.302444189786911 0.3983009457588196 0.26503923535346985 0.42070382833480835
0 0.017406754195690155 0.5478000640869141 0.0286150723695755 0.5470273494720459 0.029432296752929688 0.5588816404342651 0.018223978579044342 0.5596543550491333
0 0.04129723459482193 0.5579668283462524 0.05114954710006714 0.5531635284423828 0.05671687424182892 0.5645831823348999 0.04686456173658371 0.5693864822387695
0 0.18275894224643707 0.6256694793701172 0.1884668916463852 0.6171594858169556 0.20013992488384247 0.6249890327453613 0.19443197548389435 0.633499026298523
0 0.20989227294921875 0.6393464207649231 0.20989227294921875 0.6251285672187805 0.22173479199409485 0.6251285672187805 0.22173479199409485 0.6393464207649231
0 0.2457684725522995 0.6297876238822937 0.2561888098716736 0.6256726384162903 0.26086199283599854 0.6375064253807068 0.25044167041778564 0.6416214108467102
0 0.25598618388175964 0.6358383297920227 0.2646735608577728 0.6298003792762756 0.27234557271003723 0.6408388018608093 0.26365819573402405 0.6468767523765564
0 0.4885270595550537 0.5932554006576538 0.4944102466106415 0.5837060213088989 0.5077204704284668 0.5919061899185181 0.5018372535705566 0.601455569267273
0 0.5422056317329407 0.6039793491363525 0.5533449053764343 0.5985573530197144 0.5603736042976379 0.6129975318908691 0.5492343306541443 0.6184195280075073
0 0.5943024754524231 0.6367453932762146 0.5976082682609558 0.626371443271637 0.6168639063835144 0.6325075030326843 0.6135581135749817 0.642881453037262
0 0.7655218839645386 0.6235089302062988 0.7738293409347534 0.6152222156524658 0.7860698699951172 0.6274935007095337 0.7777624130249023 0.6357802152633667
0 0.7365443706512451 0.6638798713684082 0.7444727420806885 0.6560674905776978 0.7545331716537476 0.666277289390564 0.7466048002243042 0.6740896701812744
0 0.7832260727882385 0.6870690584182739 0.7907148003578186 0.6793209314346313 0.8012617230415344 0.6895147562026978 0.7937729954719543 0.6972628831863403
0 0.816650390625 0.6879276037216187 0.8246819972991943 0.6810767650604248 0.8342852592468262 0.6923351287841797 0.8262536525726318 0.6991859674453735
0 0.8221538066864014 0.6811922788619995 0.8308627605438232 0.6738334894180298 0.8396406173706055 0.6842217445373535 0.8309316635131836 0.6915805339813232
1 0.8254437446594238 0.4274693727493286 0.8269935846328735 0.41498255729675293 0.8654241561889648 0.41975247859954834 0.8638743162155151 0.432239294052124
