0 0.9859887957572937 0.8998346328735352 1.0050019025802612 0.8960253000259399 1.0072333812713623 0.9071633815765381 0.9882203340530396 0.9109727144241333
0 0.8959868550300598 0.9284250736236572 0.9115797877311707 0.9216746091842651 0.9160141348838806 0.9319174289703369 0.9004212021827698 0.938667893409729
0 0.8528985977172852 0.9519816040992737 0.8752321004867554 0.950908362865448 0.8757615089416504 0.9619256854057312 0.8534280061721802 0.9629989266395569
0 0.15502536296844482 0.7657431364059448 0.1662944257259369 0.7655210494995117 0.16653180122375488 0.7775646448135376 0.15526273846626282 0.7777867317199707
0 0.20687247812747955 0.7910140156745911 0.2195168286561966 0.7856268286705017 0.22341062128543854 0.7947661280632019 0.2107662707567215 0.8001533150672913
0 0.7080920934677124 0.9023663401603699 0.716433048248291 0.8898645043373108 0.7257781028747559 0.8960992693901062 0.7174371480941772 0.9086011052131653
0 0.6155521273612976 0.9206259250640869 0.6251278519630432 0.9120759963989258 0.6314817070960999 0.9191920757293701 0.6219059824943542 0.9277420043945312
0 0.6219668388366699 0.9311221241950989 0.6244868040084839 0.9200851321220398 0.6344335079193115 0.9223560690879822 0.6319135427474976 0.9333930611610413
0 0.6300748586654663 0.934472918510437 0.6394968032836914 0.9273250102996826 0.6454563140869141 0.9351804256439209 0.636034369468689 0.9423283338546753
0 0.6389099359512329 0.9186563491821289 0.6495094299316406 0.9109125137329102 0.6556524038314819 0.9193207025527954 0.6450529098510742 0.9270645380020142
0 0.6617580652236938 0.9290756583213806 0.6750338077545166 0.927567183971405 0.6761620044708252 0.9374966025352478 0.6628862619400024 0.9390050768852234
0 0.6307565569877625 0.9575835466384888 0.6419537663459778 0.9509274959564209 0.6468926072120667 0.9592359066009521 0.6356953978538513 0.96589195728302
