0 0.9129327535629272 0.2942518889904022 0.921692967414856 0.2866896688938141 0.9325176477432251 0.2992291748523712 0.9237574338912964 0.30679139494895935
0 0.8116331696510315 0.25081491470336914 0.8200649619102478 0.24265068769454956 0.8322239518165588 0.2552081346511841 0.8237921595573425 0.26337236166000366
0 0.7911238670349121 0.03812579810619354 0.8009811639785767 0.03229609131813049 0.8099931478500366 0.04753422737121582 0.8001358509063721 0.05336393415927887
0 0.8555095791816711 0.2884557843208313 0.8625311255455017 0.27967482805252075 0.8748758435249329 0.2895459532737732 0.8678542971611023 0.29832690954208374
0 0.7095004320144653 0.09139250218868256 0.7145102024078369 0.08180330693721771 0.7274067401885986 0.08854089677333832 0.722396969795227 0.09813009202480316
0 0.8325364589691162 0.128177210688591 0.8325878381729126 0.11745105683803558 0.8461188077926636 0.11751581728458405 0.8460674285888672 0.12824197113513947
0 0.702832043170929 0.10080244392156601 0.7089170813560486 0.09234518557786942 0.7199748158454895 0.10030118376016617 0.7138897776603699 0.10875844210386276
0 0.8204249143600464 0.30815497040748596 0.8288830518722534 0.30134567618370056 0.8375760316848755 0.31214359402656555 0.8291178941726685 0.31895288825035095
0 0.7912629246711731 0.30183982849121094 0.7971668839454651 0.2933039665222168 0.808167040348053 0.30091238021850586 0.802263081073761 0.3094482421875
0 0.8954784870147705 0.34443455934524536 0.9045044183731079 0.33724528551101685 0.914432168006897 0.34970933198928833 0.9054062366485596 0.35689860582351685
0 0.6981527209281921 0.14200134575366974 0.7061381936073303 0.1341356784105301 0.7145355343818665 0.1426609605550766 0.7065500617027283 0.15052662789821625
0 0.7221179008483887 0.26106077432632446 0.7254413366317749 0.2524726390838623 0.7353769540786743 0.2563175559043884 0.7320535182952881 0.2649056911468506
0 0.7271097302436829 0.2655530571937561 0.73335200548172 0.25763970613479614 0.7420017123222351 0.2644628882408142 0.735759437084198 0.27237623929977417
0 0.7855615615844727 0.2899107336997986 0.7891920804977417 0.2807297110557556 0.7996331453323364 0.2848585247993469 0.7960026264190674 0.2940395474433899
0 0.817324697971344 0.3599436283111572 0.8253125548362732 0.35182321071624756 0.8340079188346863 0.3603765368461609 0.8260200619697571 0.36849695444107056
