0 0.21019437909126282 0.7686343193054199 0.2129306197166443 0.6959817409515381 0.2341044545173645 0.6967791318893433 0.23136821389198303 0.7694317102432251
0 0.212613046169281 0.6565404534339905 0.2148766815662384 0.6090584397315979 0.2344522476196289 0.609991729259491 0.2321886122226715 0.6574737429618835
0 0.055092278867959976 0.6173631548881531 0.05705881491303444 0.5609564185142517 0.07542505860328674 0.561596691608429 0.07345852255821228 0.6180034279823303
0 0.0038969861343503 0.596946656703949 0.005903660319745541 0.5322443842887878 0.02589380368590355 0.5328643918037415 0.023887131363153458 0.5975666642189026
0 0.015458610840141773 0.6941007375717163 0.01737731695175171 0.6228750944137573 0.036620136350393295 0.6233934164047241 0.034701429307460785 0.6946190595626831
0 0.22192110121250153 0.5816686749458313 0.2235403209924698 0.5533998608589172 0.23781920969486237 0.5542177557945251 0.2361999899148941 0.5824865698814392
0 0.2358173429965973 0.5448154807090759 0.23677681386470795 0.5304281115531921 0.2639825940132141 0.532242476940155 0.26302313804626465 0.5466298460960388
0 0.27695974707603455 0.5990575551986694 0.2781399190425873 0.5597020387649536 0.2934868633747101 0.5601623058319092 0.29230669140815735 0.599517822265625
0 0.11065398156642914 0.5977027416229248 0.11139574646949768 0.5649627447128296 0.1260802447795868 0.5652954578399658 0.12533847987651825 0.598035454750061
0 0.015835516154766083 0.6016693711280823 0.018187198787927628 0.5277368426322937 0.039899080991744995 0.5284274220466614 0.03754739835858345 0.60235995054245
0 0.049580059945583344 0.8238331079483032 0.051052339375019073 0.7793759107589722 0.06600300967693329 0.7798709869384766 0.06453073024749756 0.8243281841278076
0 0.2215024083852768 0.6037247776985168 0.2224411517381668 0.5756581425666809 0.23664386570453644 0.5761331915855408 0.23570512235164642 0.6041998267173767
0 0.08834323287010193 0.5980241298675537 0.08897416293621063 0.5619775056838989 0.10216356813907623 0.5622084140777588 0.10153263807296753 0.5982550382614136
0 0.05076872929930687 0.7756389379501343 0.05175285413861275 0.7292220592498779 0.06739754974842072 0.7295536994934082 0.06641341745853424 0.7759705781936646
0 0.22294855117797852 0.5578895211219788 0.22307443618774414 0.5305860638618469 0.2374081015586853 0.5306521058082581 0.23728221654891968 0.5579555630683899
0 0.18841026723384857 0.7730333209037781 0.19284705817699432 0.7642895579338074 0.204209104180336 0.7700549960136414 0.19977231323719025 0.7787987589836121
0 0.6174052953720093 0.47513312101364136 0.6179205179214478 0.452328085899353 0.6328874826431274 0.4526662230491638 0.632372260093689 0.47547125816345215
0 0.6297589540481567 0.46095454692840576 0.6299422979354858 0.4440050721168518 0.640393853187561 0.4441181421279907 0.6402105093002319 0.4610676169395447
0 0.09817129373550415 0.6744796633720398 0.10702209174633026 0.6602951884269714 0.1168113648891449 0.6664034724235535 0.10796056687831879 0.6805879473686218
0 0.6277338862419128 0.46252650022506714 0.6279731392860413 0.44347047805786133 0.6382693648338318 0.44359976053237915 0.6380301117897034 0.46265578269958496
