0 0.9252398014068604 0.9823174476623535 0.9333125352859497 0.9719818830490112 0.9476110935211182 0.9831500053405762 0.9395383596420288 0.9934855699539185
0 0.6979654431343079 0.940523624420166 0.7030177712440491 0.9311950206756592 0.7151632905006409 0.9377728700637817 0.7101109623908997 0.9471014738082886
0 0.6823776364326477 0.942834734916687 0.6874403357505798 0.9335106611251831 0.6995669007301331 0.940095067024231 0.6945042014122009 0.9494191408157349
0 0.7254800796508789 0.9164990186691284 0.7305325269699097 0.9071704149246216 0.7426782846450806 0.9137486219406128 0.7376258373260498 0.9230772256851196
0 0.7470350861549377 0.9208614826202393 0.7520927786827087 0.9115469455718994 0.7642244696617126 0.918134331703186 0.7591667771339417 0.9274488687515259
0 0.7653689384460449 0.9101295471191406 0.770440936088562 0.9008098840713501 0.7825732231140137 0.9074125289916992 0.7775012254714966 0.9167321920394897
0 0.7758123874664307 0.8975250720977783 0.7808700799942017 0.8882105350494385 0.7930017709732056 0.8947979211807251 0.7879440784454346 0.9041124582290649
0 0.7834831476211548 0.9189847111701965 0.7885355949401855 0.9096561074256897 0.8006813526153564 0.9162343144416809 0.7956289052963257 0.9255629181861877
0 0.7133274078369141 0.8895548582077026 0.7183798551559448 0.8802262544631958 0.7305256128311157 0.886804461479187 0.725473165512085 0.8961330652236938
0 0.7094290852546692 0.8860997557640076 0.7145114541053772 0.8767847418785095 0.7266246676445007 0.8833938241004944 0.7215422987937927 0.8927088379859924
0 0.7027794718742371 0.8867195844650269 0.7078266739845276 0.877400279045105 0.719977080821991 0.8839807510375977 0.7149298787117004 0.8933000564575195
