0 0.051665570586919785 0.5566853880882263 0.052980419248342514 0.5423241257667542 0.10120297968387604 0.5467391610145569 0.09988813102245331 0.561100423336029
0 0.14180146157741547 0.42981666326522827 0.1453389972448349 0.4166414737701416 0.18171347677707672 0.426408052444458 0.1781759411096573 0.4395832419395447
0 0.2781634032726288 0.8490219712257385 0.2837488353252411 0.8363752961158752 0.3191966116428375 0.8520309329032898 0.3136111795902252 0.8646776080131531
0 0.1833692193031311 0.7369736433029175 0.18748295307159424 0.724276065826416 0.22761720418930054 0.7372786998748779 0.2235034704208374 0.7499762773513794
0 0.3067767024040222 0.7662315964698792 0.34100067615509033 0.7607875466346741 0.34309279918670654 0.7739397883415222 0.3088688254356384 0.7793838381767273
0 0.1730526089668274 0.6730270385742188 0.17846503853797913 0.6613235473632812 0.20763197541236877 0.6748121976852417 0.20221954584121704 0.6865156888961792
0 0.3832501173019409 0.09450825303792953 0.41934138536453247 0.07673830538988113 0.4258109927177429 0.08987823873758316 0.38971972465515137 0.10764818638563156
0 0.34501251578330994 0.9787340760231018 0.34646716713905334 0.96641606092453 0.3732607662677765 0.9695802330970764 0.3718061149120331 0.9818982481956482
0 0.40998727083206177 0.9592704176902771 0.41129082441329956 0.9468657374382019 0.4405471682548523 0.9499401450157166 0.4392436146736145 0.9623448252677917
0 0.4041872024536133 0.23605209589004517 0.4130135774612427 0.22545835375785828 0.4346606731414795 0.24349403381347656 0.4258342981338501 0.25408777594566345
0 0.19588938355445862 0.9495591521263123 0.19663798809051514 0.9376631379127502 0.2224632203578949 0.939288318157196 0.22171461582183838 0.9511843323707581
0 0.4160776734352112 0.8140087127685547 0.42075616121292114 0.8020002841949463 0.442019522190094 0.8102844953536987 0.43734103441238403 0.8222929239273071
0 0.3647882044315338 0.6623801589012146 0.3671049177646637 0.6486520171165466 0.40765759348869324 0.6554955840110779 0.40534088015556335 0.6692237257957458
0 0.024216674268245697 0.8371127247810364 0.02578268200159073 0.8251616358757019 0.05182195454835892 0.8285737633705139 0.050255946815013885 0.8405248522758484
1 0.6947577595710754 0.3013920187950134 0.7396960854530334 0.28840649127960205 0.7448884844779968 0.30637556314468384 0.6999501585960388 0.3193610906600952
