0 0.12026094645261765 0.7123953700065613 0.13114501535892487 0.7123072743415833 0.13125908374786377 0.7263966202735901 0.12037502229213715 0.7264847159385681
0 0.13587285578250885 0.7429800629615784 0.13593779504299164 0.7301259636878967 0.1461619883775711 0.7301775813102722 0.14609704911708832 0.7430316805839539
0 0.10611505061388016 0.7237997651100159 0.1165165826678276 0.7217010855674744 0.1192803904414177 0.735399067401886 0.10887885838747025 0.7374977469444275
0 0.1315346211194992 0.7405700087547302 0.1424480825662613 0.7389459013938904 0.1445675641298294 0.7531885504722595 0.13365410268306732 0.7548126578330994
0 0.11385788023471832 0.6985570192337036 0.12275274097919464 0.6921324729919434 0.13127736747264862 0.703934907913208 0.1223825067281723 0.7103594541549683
0 0.11486981064081192 0.7509823441505432 0.11501511186361313 0.7371053099632263 0.12553095817565918 0.7372154593467712 0.12538567185401917 0.7510924935340881
0 0.07634813338518143 0.7909559011459351 0.08807342499494553 0.7879942655563354 0.09184000641107559 0.8029065132141113 0.08011471480131149 0.8058681488037109
0 0.09477832913398743 0.6958470344543457 0.10464519262313843 0.69156813621521 0.11050796508789062 0.705087423324585 0.10064110159873962 0.7093663215637207
0 0.05075027048587799 0.703324019908905 0.06159242242574692 0.7002704739570618 0.06586820632219315 0.715452253818512 0.05502605438232422 0.7185057997703552
0 0.07376184314489365 0.6861137747764587 0.07455555349588394 0.6719866394996643 0.08538901060819626 0.6725953221321106 0.08459530025720596 0.686722457408905
0 0.1500808298587799 0.7231852412223816 0.1603643000125885 0.7219604849815369 0.16192308068275452 0.7350481152534485 0.15163961052894592 0.7362728714942932
0 0.02050723321735859 0.7557101249694824 0.029610784724354744 0.7503912448883057 0.03674096614122391 0.7625949382781982 0.027637412771582603 0.767913818359375
0 0.7507418990135193 0.8075368404388428 0.7555052638053894 0.7952331304550171 0.765341579914093 0.7990412712097168 0.7605782151222229 0.8113449811935425
0 0.10434192419052124 0.7925946712493896 0.11468333005905151 0.790524959564209 0.11745026707649231 0.8043501377105713 0.10710886120796204 0.806419849395752
0 0.045399390161037445 0.784697949886322 0.055138543248176575 0.7806060910224915 0.06033741682767868 0.792979896068573 0.05059826374053955 0.7970717549324036
0 0.020433083176612854 0.6433252692222595 0.029676705598831177 0.6391167044639587 0.03492210805416107 0.6506374478340149 0.02567848563194275 0.6548460125923157
0 0.01876816153526306 0.6644207835197449 0.029203251004219055 0.6615217328071594 0.03294474259018898 0.6749890446662903 0.022509653121232986 0.6778880953788757
0 0.02126568928360939 0.6325592994689941 0.029768943786621094 0.6271024942398071 0.03637602925300598 0.6373982429504395 0.027872774749994278 0.6428550481796265
0 0.01313856989145279 0.6380085945129395 0.013169769197702408 0.6248425245285034 0.023622483015060425 0.62486732006073 0.023591283708810806 0.638033390045166
0 0.15839223563671112 0.7405219674110413 0.16910113394260406 0.7399694323539734 0.16980834305286407 0.7536746859550476 0.15909944474697113 0.7542272210121155
0 0.7710757255554199 0.7187780737876892 0.780698299407959 0.7094983458518982 0.7879869937896729 0.7170563340187073 0.7783644199371338 0.7263360619544983
0 0.9913707375526428 0.9684584736824036 1.0014821290969849 0.9671762585639954 1.0030362606048584 0.9794318079948425 0.9929249286651611 0.9807140231132507
0 0.4762902855873108 0.9030808210372925 0.48636943101882935 0.9027130603790283 0.4867560863494873 0.913311243057251 0.47667694091796875 0.9136790037155151
0 -0.004696165211498737 0.7596352100372314 0.005822509527206421 0.7560580968856812 0.009799039922654629 0.7677513360977173 -0.0007196348160505295 0.7713284492492676
0 -0.005805709399282932 0.7243227362632751 0.00383681058883667 0.720058023929596 0.009284795261919498 0.7323758006095886 -0.00035772472620010376 0.7366405129432678
0 -0.002140643773600459 0.7030353546142578 0.00752595067024231 0.6965194940567017 0.014695570804178715 0.7071559429168701 0.005028976127505302 0.7136718034744263
0 0.036397308111190796 0.6377636790275574 0.045233987271785736 0.6329815983772278 0.05064341425895691 0.6429775357246399 0.04180673509836197 0.6477596163749695
0 0.08057332038879395 0.6567443013191223 0.09117259085178375 0.6563190817832947 0.09166395664215088 0.668567955493927 0.08106468617916107 0.6689931750297546
0 0.08669166266918182 0.6635869741439819 0.09645667672157288 0.6633360385894775 0.09673751890659332 0.6742658615112305 0.08697250485420227 0.6745167970657349
0 0.1043502688407898 0.6721576452255249 0.1140812337398529 0.6700598001480103 0.1166294515132904 0.6818798780441284 0.1068984866142273 0.6839777231216431
0 0.08279618620872498 0.6064096689224243 0.09092980623245239 0.6013630628585815 0.09691739082336426 0.6110131740570068 0.08878377079963684 0.6160597801208496
