0 0.2397831529378891 0.7971322536468506 0.2693703770637512 0.7885994911193848 0.2727885842323303 0.8004521131515503 0.2432013750076294 0.8089848756790161
0 0.5398041605949402 0.8614641427993774 0.5595982670783997 0.861404299736023 0.559631884098053 0.8725144863128662 0.5398377776145935 0.8725743293762207
0 0.49001264572143555 0.7970670461654663 0.5106244683265686 0.7941768169403076 0.5123639106750488 0.806581974029541 0.49175208806991577 0.8094722032546997
0 0.5422060489654541 0.8214843273162842 0.5610231161117554 0.8186451196670532 0.5626482963562012 0.8294156789779663 0.5438312292098999 0.8322548866271973
0 -0.007014915347099304 0.3660212755203247 0.009244225919246674 0.3614528775215149 0.012291541323065758 0.3722984194755554 -0.00396759994328022 0.37686681747436523
0 0.5852051377296448 0.8565632700920105 0.6007618308067322 0.8546655774116516 0.6020292639732361 0.865055501461029 0.5864725708961487 0.8669531941413879
0 0.010218201205134392 0.4060596227645874 0.024576939642429352 0.40180712938308716 0.027586983516812325 0.41197067499160767 0.013228245079517365 0.4162231683731079
0 0.5538269877433777 0.7946071028709412 0.5722076296806335 0.792050302028656 0.5736991763114929 0.8027728199958801 0.5553185343742371 0.8053296208381653
0 0.0461324118077755 0.4033530056476593 0.05991490185260773 0.395692378282547 0.0651964545249939 0.40519455075263977 0.051413968205451965 0.4128551781177521
0 0.6551010608673096 0.8254789710044861 0.6561534404754639 0.8150689005851746 0.6724988222122192 0.8167212605476379 0.6714464426040649 0.8271313309669495
0 0.002202884992584586 0.3806893825531006 0.019610432907938957 0.3750208020210266 0.022963235154747963 0.3853168487548828 0.0055556874722242355 0.3909854292869568
0 0.11956530809402466 0.43712252378463745 0.1355312317609787 0.4329168200492859 0.1384688913822174 0.444068968296051 0.12250296771526337 0.4482746720314026
0 0.5896846652030945 0.8712747693061829 0.6035482287406921 0.8702005743980408 0.6043503880500793 0.8805533051490784 0.5904868245124817 0.8816275000572205
0 0.21979185938835144 0.3319326341152191 0.2343476414680481 0.33105048537254333 0.23497486114501953 0.34139981865882874 0.22041907906532288 0.3422819674015045
0 0.04119909554719925 0.2809563875198364 0.05317482352256775 0.2764395475387573 0.05672621726989746 0.2858555316925049 0.04475048929452896 0.290372371673584
0 0.7074721455574036 0.6910179257392883 0.7237260937690735 0.6907395720481873 0.7239072918891907 0.7013190388679504 0.7076533436775208 0.7015973925590515
0 0.664190948009491 0.6444200277328491 0.6787262558937073 0.640770673751831 0.681266725063324 0.6508891582489014 0.6667314171791077 0.6545385122299194
0 0.5657385587692261 0.8824896216392517 0.5803930759429932 0.8806492686271667 0.5816794633865356 0.8908923268318176 0.5670249462127686 0.8927326798439026
0 0.02088547870516777 0.44403737783432007 0.03400394693017006 0.4434429407119751 0.03444213792681694 0.45311278104782104 0.02132366970181465 0.453707218170166
0 0.7003731727600098 0.6678788661956787 0.7149524688720703 0.6675677299499512 0.7151718139648438 0.6778459548950195 0.7005925178527832 0.6781570911407471
0 0.06438679993152618 0.42664599418640137 0.07896926999092102 0.4222702980041504 0.08196994662284851 0.432270348072052 0.06738747656345367 0.436646044254303
0 0.6479952335357666 0.8403900265693665 0.6496462821960449 0.8299536108970642 0.6650094985961914 0.8323840498924255 0.6633584499359131 0.8428204655647278
0 0.4711613953113556 0.7305206656455994 0.4714648425579071 0.7197144627571106 0.48698750138282776 0.7201504111289978 0.48668405413627625 0.7309566140174866
0 0.6940229535102844 0.6172294020652771 0.705525815486908 0.6137915253639221 0.7082800269126892 0.6230071187019348 0.6967771649360657 0.6264449954032898
0 0.7069839835166931 0.6413983106613159 0.7180461287498474 0.6374579668045044 0.7213173508644104 0.6466418504714966 0.7102552056312561 0.6505821943283081
0 0.5001081824302673 0.8699209690093994 0.5142388939857483 0.8677265644073486 0.5157961249351501 0.8777538537979126 0.5016654133796692 0.8799482583999634
0 0.5345205068588257 0.8899773359298706 0.5345205068588257 0.8803235292434692 0.5480920076370239 0.8803235292434692 0.5480920076370239 0.8899773359298706
