0 0.8336995244026184 0.7928333282470703 0.8392423987388611 0.7823771238327026 0.8548182845115662 0.790634036064148 0.8492754101753235 0.8010902404785156
0 0.849902331829071 0.8057700991630554 0.8541368842124939 0.7949648499488831 0.8689256310462952 0.8007605671882629 0.8646910786628723 0.8115658164024353
0 0.7699981331825256 0.7207679152488708 0.7760898470878601 0.7112563252449036 0.7890880703926086 0.7195809483528137 0.7829963564872742 0.729092538356781
0 0.8478535413742065 0.8155872821807861 0.8583147525787354 0.8095625638961792 0.8674840927124023 0.825484037399292 0.8570228815078735 0.8315087556838989
0 0.8727828860282898 0.8157392144203186 0.882270872592926 0.8095043301582336 0.8906627297401428 0.8222748637199402 0.8811747431755066 0.8285097479820251
0 0.7776967287063599 0.7664560675621033 0.7854270935058594 0.7576519846916199 0.7975949048995972 0.76833575963974 0.7898645401000977 0.7771398425102234
0 0.8257033824920654 0.7357850670814514 0.8301761150360107 0.7230331301689148 0.8473014831542969 0.72903972864151 0.8428287506103516 0.7417916655540466
0 0.7716392278671265 0.7424994111061096 0.7783575057983398 0.7333353161811829 0.7913477420806885 0.7428584694862366 0.7846294641494751 0.7520225644111633
0 0.877179741859436 0.7732177972793579 0.8799781799316406 0.7621732950210571 0.8966383934020996 0.7663947343826294 0.893839955329895 0.7774392366409302
0 0.8813155889511108 0.8121167421340942 0.8825210332870483 0.8012059926986694 0.8980801105499268 0.8029249906539917 0.8968746662139893 0.8138357400894165
0 0.8495730757713318 0.7742141485214233 0.8525050282478333 0.7635893821716309 0.8675032258033752 0.7677282094955444 0.8645712733268738 0.7783529758453369
0 0.13829272985458374 0.2766725420951843 0.1415696144104004 0.2662521004676819 0.15751418471336365 0.2712661623954773 0.154237300157547 0.28168660402297974
0 0.7657548189163208 0.67481929063797 0.7732042074203491 0.6637392640113831 0.7885223627090454 0.6740379929542542 0.7810729742050171 0.6851180195808411
0 0.8792661428451538 0.7385228276252747 0.8986927270889282 0.7371883988380432 0.8995126485824585 0.749125063419342 0.8800860643386841 0.7504594922065735
0 0.9158845543861389 0.8020972013473511 0.9232603907585144 0.7929204702377319 0.937562882900238 0.8044160604476929 0.9301870465278625 0.813592791557312
0 0.8803845047950745 0.7017534375190735 0.8833996653556824 0.690098226070404 0.900615394115448 0.6945517659187317 0.8976002335548401 0.7062069773674011
0 0.866776704788208 0.7896106243133545 0.8706380128860474 0.7793010473251343 0.8843295574188232 0.7844289541244507 0.8804682493209839 0.7947385311126709
0 0.8266774415969849 0.7041115164756775 0.8305639028549194 0.693047821521759 0.847102165222168 0.6988574862480164 0.8432157039642334 0.7099211812019348
0 0.728104829788208 0.7406799793243408 0.7349884510040283 0.7309778928756714 0.7482039928436279 0.7403544187545776 0.7413203716278076 0.7500565052032471
0 0.7489079236984253 0.7479217648506165 0.7563996315002441 0.7398679852485657 0.7670245170593262 0.7497512698173523 0.7595328092575073 0.7578050494194031
0 0.9230251908302307 0.8465403318405151 0.9419718384742737 0.8429114818572998 0.9442899823188782 0.8550148010253906 0.9253433346748352 0.858643651008606
0 0.8079341650009155 0.7968791127204895 0.8152742385864258 0.7886469960212708 0.8260260820388794 0.7982338070869446 0.8186860084533691 0.8064659237861633
0 0.800478994846344 0.7827107310295105 0.8048587441444397 0.7731605172157288 0.8168852925300598 0.7786759734153748 0.8125055432319641 0.7882261872291565
0 0.9139198660850525 0.73118656873703 0.9328824877738953 0.7281566262245178 0.9347991347312927 0.7401517033576965 0.91583651304245 0.7431816458702087
0 0.817635715007782 0.8037517070770264 0.8247255682945251 0.79585862159729 0.8345140814781189 0.8046510219573975 0.8274242281913757 0.8125441074371338
0 0.8550009727478027 0.7117748260498047 0.8564692735671997 0.7005839347839355 0.8713493347167969 0.7025362253189087 0.8698810338973999 0.7137271165847778
0 0.8142916560173035 0.8215067982673645 0.8209888339042664 0.8133834004402161 0.83102947473526 0.8216611742973328 0.8243322968482971 0.8297845721244812
0 0.7532463073730469 0.7643848657608032 0.7592006921768188 0.7553110122680664 0.7706575393676758 0.7628291845321655 0.7647031545639038 0.7719030380249023
0 0.7941738367080688 0.7043444514274597 0.7975504398345947 0.693437397480011 0.8129243850708008 0.6981969475746155 0.8095477819442749 0.7091040015220642
0 0.9196024537086487 0.7065341472625732 0.9227394461631775 0.6959998607635498 0.9371897578239441 0.7003029584884644 0.9340527653694153 0.7108372449874878
0 0.7617953419685364 0.5213369131088257 0.7668368220329285 0.5114668607711792 0.7806105017662048 0.5185022354125977 0.7755690217018127 0.5283722877502441
0 0.7053921222686768 0.7303134799003601 0.7084989547729492 0.7202001214027405 0.7220602035522461 0.7243662476539612 0.7189533710479736 0.7344796061515808
0 0.9039656519889832 0.8269860148429871 0.9087703824043274 0.8176868557929993 0.920269787311554 0.8236284852027893 0.9154650568962097 0.8329276442527771
0 0.7157543897628784 0.720292329788208 0.7234584093093872 0.7119125127792358 0.7346934080123901 0.7222415208816528 0.7269893884658813 0.730621337890625
0 0.8789506554603577 0.8710458278656006 0.8853848576545715 0.8629100322723389 0.8960582613945007 0.8713511228561401 0.8896240592002869 0.8794869184494019
0 0.7516646385192871 0.6984533667564392 0.7603504657745361 0.6909036040306091 0.7706959247589111 0.7028059363365173 0.7620100975036621 0.7103556990623474
0 0.9382433891296387 0.8262584209442139 0.9418457746505737 0.814125657081604 0.9612289667129517 0.8198807239532471 0.9576265811920166 0.8320134878158569
0 0.939480185508728 0.7752630710601807 0.9429190158843994 0.7632869482040405 0.9592506885528564 0.7679765224456787 0.9558118581771851 0.7799526453018188
0 0.80109703540802 0.7621631026268005 0.8132004737854004 0.7567294239997864 0.8175495862960815 0.7664172053337097 0.8054461479187012 0.7718508839607239
0 0.7172108888626099 0.699222207069397 0.7276194095611572 0.6945765018463135 0.7337619066238403 0.7083383798599243 0.723353385925293 0.7129840850830078
0 0.814137876033783 0.7773239016532898 0.8195058703422546 0.7684130072593689 0.830361545085907 0.7749525904655457 0.8249935507774353 0.7838634848594666
0 0.11801023036241531 0.5334118604660034 0.1271984726190567 0.5281170606613159 0.1338081955909729 0.5395872592926025 0.12461994588375092 0.54488205909729
0 0.7383705973625183 0.7218284010887146 0.7469844222068787 0.7158202528953552 0.754503071308136 0.7265996336936951 0.7458892464637756 0.7326077818870544
0 0.7854982018470764 0.782623827457428 0.792698085308075 0.7757188677787781 0.8007914423942566 0.784157931804657 0.7935915589332581 0.7910628914833069
0 0.696763277053833 0.7138379216194153 0.698360800743103 0.703432023525238 0.7111225128173828 0.7053912281990051 0.7095249891281128 0.7157971262931824
0 0.900310754776001 0.6513909697532654 0.9111937284469604 0.6496029496192932 0.9133874177932739 0.6629552245140076 0.9025044441223145 0.6647432446479797
0 0.20811429619789124 0.6051936149597168 0.2144675850868225 0.5959130525588989 0.22718670964241028 0.6046203374862671 0.220833420753479 0.613900899887085
0 0.8972978591918945 0.8857882618904114 0.8974415063858032 0.8753809332847595 0.9106757640838623 0.8755635619163513 0.9105321168899536 0.8859708905220032
0 0.18514445424079895 0.6269748210906982 0.1939159333705902 0.6185067892074585 0.20714864134788513 0.6322137117385864 0.19837716221809387 0.6406817436218262
0 0.7818683981895447 0.7295934557914734 0.7863139510154724 0.7203409075737 0.797307550907135 0.7256229519844055 0.7928619980812073 0.734875500202179
0 0.7184364199638367 0.6841868758201599 0.7241482138633728 0.6752211451530457 0.7354206442832947 0.6824025511741638 0.7297088503837585 0.6913682818412781
0 0.014473475515842438 0.6336137652397156 0.02365085855126381 0.6282410025596619 0.029630761593580246 0.6384554505348206 0.020453378558158875 0.6438282132148743
0 0.0400732047855854 0.6519994735717773 0.04904228076338768 0.6438122987747192 0.05563582852482796 0.6510355472564697 0.04666675254702568 0.6592227220535278
0 0.04299958795309067 0.6486358642578125 0.054399728775024414 0.6476247310638428 0.05528027564287186 0.65755295753479 0.04388013482093811 0.6585640907287598
0 0.20794689655303955 0.666214108467102 0.22365647554397583 0.6649765968322754 0.22465038299560547 0.6775940656661987 0.2089408040046692 0.6788315773010254
0 0.19473257660865784 0.6563814282417297 0.20943737030029297 0.6555309891700745 0.2102067470550537 0.6688341498374939 0.19550195336341858 0.6696845889091492
0 0.23856833577156067 0.6588222980499268 0.25174999237060547 0.6579968929290771 0.25244367122650146 0.6690757274627686 0.23926201462745667 0.6699011325836182
0 0.20483390986919403 0.7186574935913086 0.21406586468219757 0.7095819711685181 0.22164501249790192 0.7172918319702148 0.21241305768489838 0.7263673543930054
0 0.46029919385910034 0.6352538466453552 0.46966493129730225 0.6246001124382019 0.47889018058776855 0.6327100396156311 0.46952444314956665 0.6433637738227844
0 0.4737028479576111 0.6261188983917236 0.4850196838378906 0.6191579103469849 0.49074625968933105 0.6284679174423218 0.4794294238090515 0.6354289054870605
0 0.4752980172634125 0.6119917035102844 0.4863186776638031 0.6098553538322449 0.4889860451221466 0.6236153244972229 0.477965384721756 0.6257516741752625
0 0.4779122769832611 0.6022994518280029 0.47793087363243103 0.5905188322067261 0.4937085807323456 0.5905437469482422 0.49368998408317566 0.602324366569519
0 0.4923027753829956 0.6224587559700012 0.5016119480133057 0.6144424080848694 0.5085887908935547 0.6225444674491882 0.49927961826324463 0.6305608153343201
0 0.5107213258743286 0.6108260154724121 0.5227110385894775 0.6053314208984375 0.5270950794219971 0.6148978471755981 0.5151053667068481 0.6203924417495728
0 0.509303092956543 0.6340143084526062 0.5132282972335815 0.6217101216316223 0.5236265659332275 0.6250273585319519 0.519701361656189 0.6373315453529358
0 0.5602739453315735 0.6087437868118286 0.570741593837738 0.6001389026641846 0.5777440667152405 0.6086571216583252 0.5672764182090759 0.6172620058059692
0 0.5488321781158447 0.5872896909713745 0.5498262643814087 0.5772436857223511 0.5615143775939941 0.5784002542495728 0.5605202913284302 0.5884462594985962
