0 0.9171978831291199 0.02456389181315899 0.9191029667854309 0.01335790567100048 0.9350213408470154 0.016064127907156944 0.9331162571907043 0.027270114049315453
0 0.9770879745483398 0.07937609404325485 1.0112563371658325 0.07608795911073685 1.0125800371170044 0.08984345942735672 0.9784116744995117 0.09313159435987473
0 0.7802450060844421 0.40072280168533325 0.7879363894462585 0.3917219638824463 0.8017767071723938 0.4035487174987793 0.7940853238105774 0.41254955530166626
0 0.8010125756263733 0.6432403326034546 0.806762158870697 0.6331021785736084 0.8223094344139099 0.6419193744659424 0.8165598511695862 0.6520575284957886
0 0.757085382938385 0.6319785714149475 0.765045702457428 0.6233366131782532 0.7791016697883606 0.636283814907074 0.7711413502693176 0.6449257731437683
0 0.8188832998275757 0.41210731863975525 0.8355047702789307 0.4028584659099579 0.8410462141036987 0.4128171503543854 0.8244247436523438 0.42206600308418274
0 0.7451485991477966 0.3210867643356323 0.7466241717338562 0.3115237355232239 0.7577783465385437 0.3132448196411133 0.7563027739524841 0.32280784845352173
0 0.7318601012229919 0.6737602949142456 0.7381216883659363 0.665088415145874 0.7493799328804016 0.6732175350189209 0.7431183457374573 0.6818894147872925
0 0.7216952443122864 0.7426719069480896 0.7293755412101746 0.735187828540802 0.7388963103294373 0.744958221912384 0.7312160134315491 0.7524423003196716
0 0.7463772296905518 0.2853876054286957 0.7539293766021729 0.27644118666648865 0.761419415473938 0.28276392817497253 0.7538672685623169 0.29171034693717957
0 0.9167984127998352 0.15337175130844116 0.9239398837089539 0.14330479502677917 0.9323132634162903 0.14924484491348267 0.9251717925071716 0.15931180119514465
0 0.9432445168495178 0.1085708886384964 0.9495448470115662 0.09693679213523865 0.9589785933494568 0.10204553604125977 0.9526782631874084 0.11367963254451752
0 0.747474193572998 0.7387819290161133 0.7554234266281128 0.7269946336746216 0.7700886726379395 0.7368847131729126 0.7621394395828247 0.7486720085144043
