0 0.32409387826919556 0.4541088044643402 0.33170753717422485 0.4426155388355255 0.362893283367157 0.46327438950538635 0.3552796244621277 0.47476765513420105
0 0.23774096369743347 0.26036491990089417 0.24823376536369324 0.25037428736686707 0.2740882933139801 0.2775282561779022 0.26359549164772034 0.2875188887119293
0 0.1488095074892044 0.1364687830209732 0.15777765214443207 0.12852944433689117 0.17301781475543976 0.14574451744556427 0.1640496701002121 0.1536838561296463
0 0.1740560382604599 0.39076387882232666 0.18378449976444244 0.3792192339897156 0.2021656483411789 0.39470869302749634 0.19243718683719635 0.4062533378601074
0 0.2793915569782257 0.35132235288619995 0.28975608944892883 0.34356188774108887 0.3057219088077545 0.36488521099090576 0.2953573763370514 0.37264567613601685
0 0.1678265482187271 0.02515518292784691 0.17618970572948456 0.016122713685035706 0.19446472823619843 0.033043548464775085 0.18610157072544098 0.04207601770758629
0 0.1672981083393097 0.07684445381164551 0.17806822061538696 0.07112157344818115 0.18856829404830933 0.0908820778131485 0.17779818177223206 0.09660495817661285
0 0.15543024241924286 0.4291384816169739 0.1589331179857254 0.41799861192703247 0.17551390826702118 0.42321234941482544 0.17201103270053864 0.43435221910476685
0 0.2170124650001526 0.34740790724754333 0.22217413783073425 0.33570733666419983 0.23745691776275635 0.34244927763938904 0.23229524493217468 0.35414984822273254
0 0.1861027330160141 0.2850077450275421 0.19706271588802338 0.2811795771121979 0.20317761600017548 0.29868629574775696 0.1922176331281662 0.3025144636631012
0 0.14292258024215698 0.19288377463817596 0.15152880549430847 0.18443341553211212 0.1657194197177887 0.19888581335544586 0.1571131944656372 0.2073361724615097
0 0.1720057725906372 0.5682897567749023 0.17951467633247375 0.5593267679214478 0.1923236846923828 0.57005774974823 0.18481478095054626 0.5790207386016846
0 0.1695789098739624 0.6571019291877747 0.1757567822933197 0.6467586159706116 0.19377738237380981 0.6575219035148621 0.18759950995445251 0.6678652167320251
0 0.17378731071949005 0.5904197692871094 0.18260078132152557 0.5830669403076172 0.193644717335701 0.5963047742843628 0.18483124673366547 0.603657603263855
0 0.8780992031097412 0.8791978359222412 0.8902363777160645 0.8726264238357544 0.8955459594726562 0.8824330568313599 0.883408784866333 0.8890044689178467
0 0.1262628734111786 0.07202740758657455 0.13652664422988892 0.06408032029867172 0.14784950017929077 0.07870397716760635 0.13758572936058044 0.08665106445550919
0 0.10536418855190277 0.6078736186027527 0.10931955277919769 0.5972520709037781 0.12446698546409607 0.6028928160667419 0.12051162123680115 0.6135143637657166
0 0.2044551968574524 0.529160737991333 0.21533825993537903 0.525312066078186 0.2215442955493927 0.5428608655929565 0.21066123247146606 0.5467095375061035
0 0.12287390977144241 0.35147446393966675 0.13063302636146545 0.34322816133499146 0.14276260137557983 0.3546411395072937 0.1350034773349762 0.362887442111969
0 0.35129159688949585 0.6284083724021912 0.36851340532302856 0.6253555417060852 0.37051862478256226 0.6366675496101379 0.35329681634902954 0.6397203803062439
0 0.1769297868013382 0.5259265303611755 0.18612708151340485 0.5191425681114197 0.1960209161043167 0.5325561165809631 0.18682362139225006 0.539340078830719
0 0.1659800410270691 0.6231047511100769 0.1710902452468872 0.6133877635002136 0.1842857301235199 0.6203274130821228 0.17917552590370178 0.6300444006919861
0 0.14100994169712067 0.5903308391571045 0.14646686613559723 0.5801643133163452 0.16064487397670746 0.587774395942688 0.1551879495382309 0.5979409217834473
0 0.13036121428012848 0.03424365445971489 0.14350907504558563 0.023514170199632645 0.15068428218364716 0.032306622713804245 0.13753642141819 0.04303610697388649
0 0.23158866167068481 0.16233797371387482 0.2333686351776123 0.15069977939128876 0.2515108287334442 0.15347449481487274 0.24973085522651672 0.1651126891374588
0 0.15546727180480957 0.05846945568919182 0.16429254412651062 0.051612477749586105 0.1739673912525177 0.06406450271606445 0.16514211893081665 0.07092148065567017
0 0.10564935952425003 0.6370421051979065 0.10967355221509933 0.6267586350440979 0.12411215156316757 0.6324089169502258 0.12008795887231827 0.6426923871040344
0 0.13333472609519958 0.6260792016983032 0.138792484998703 0.6163311004638672 0.15232735872268677 0.6239089965820312 0.14686959981918335 0.6336570978164673
0 0.13800828158855438 0.2442050278186798 0.14702843129634857 0.23729267716407776 0.15776558220386505 0.25130394101142883 0.14874543249607086 0.2582162916660309
0 0.17557963728904724 0.4694506525993347 0.1827612817287445 0.46060657501220703 0.2000981569290161 0.47468453645706177 0.19291651248931885 0.48352861404418945
0 0.21887415647506714 0.39176827669143677 0.2273334562778473 0.3850812315940857 0.23621484637260437 0.39631640911102295 0.22775554656982422 0.403003454208374
0 0.12106336653232574 0.5930048823356628 0.12691913545131683 0.5844680666923523 0.13720177114009857 0.5915214419364929 0.13134600222110748 0.6000582575798035
0 0.15804146230220795 0.11142491549253464 0.16640709340572357 0.10396759957075119 0.17655698955059052 0.11535374075174332 0.1681913584470749 0.12281105667352676
0 0.1555365025997162 0.5311658382415771 0.1638408601284027 0.5245101451873779 0.17233934998512268 0.5351136922836304 0.16403499245643616 0.5417693853378296
0 0.12575437128543854 0.46229052543640137 0.13291852176189423 0.4542146325111389 0.14533285796642303 0.4652274250984192 0.13816870748996735 0.47330331802368164
0 0.1403278261423111 0.4004335105419159 0.14674554765224457 0.39110276103019714 0.15930528938770294 0.39974144101142883 0.15288756787776947 0.4090721905231476
0 0.22138962149620056 0.5727596879005432 0.23218655586242676 0.5710486769676208 0.23476222157478333 0.5873016715049744 0.22396528720855713 0.5890126824378967
0 0.15427257120609283 0.5068697333335876 0.1637781411409378 0.5009199976921082 0.17116816341876984 0.5127266049385071 0.16166259348392487 0.5186763405799866
0 0.17931023240089417 0.4640544652938843 0.186329185962677 0.4559928774833679 0.2035175859928131 0.47095823287963867 0.19649863243103027 0.47901982069015503
0 0.09153198450803757 0.5896570682525635 0.09293293207883835 0.5786057710647583 0.10825914889574051 0.5805486440658569 0.10685820132493973 0.5915999412536621
0 0.13603337109088898 0.5781514644622803 0.1405285745859146 0.5689131021499634 0.15204469859600067 0.5745165348052979 0.14754949510097504 0.5837548971176147
0 0.12300072610378265 0.5671621561050415 0.1283140927553177 0.5581598281860352 0.13948099315166473 0.5647507905960083 0.1341676265001297 0.5737531185150146
0 0.10901893675327301 0.3737768828868866 0.11616690456867218 0.36595627665519714 0.1264665275812149 0.375370055437088 0.11931855976581573 0.38319066166877747
0 0.13174188137054443 0.5494135022163391 0.13932594656944275 0.5417173504829407 0.1493259072303772 0.551571786403656 0.14174184203147888 0.5592679381370544
0 0.577237606048584 0.8807154893875122 0.5880355834960938 0.8777382373809814 0.59212327003479 0.8925639390945435 0.5813252925872803 0.8955411911010742
0 0.16201277077198029 0.34290120005607605 0.16968370974063873 0.33590856194496155 0.17920120060443878 0.3463492691516876 0.17153026163578033 0.3533419072628021
0 0.1215972900390625 0.49896419048309326 0.12949234247207642 0.4923090934753418 0.13754019141197205 0.5018564462661743 0.12964513897895813 0.5085115432739258
0 0.13436464965343475 0.4366249740123749 0.1412629932165146 0.42884430289268494 0.15218095481395721 0.4385240972042084 0.14528261125087738 0.4463047683238983
1 0.8064122796058655 0.15958669781684875 0.8609450459480286 0.14827600121498108 0.8641992211341858 0.16396543383598328 0.8096664547920227 0.17527613043785095
0 0.08425337076187134 0.4301101565361023 0.09431691467761993 0.42616748809814453 0.09902186691761017 0.4381767511367798 0.08895832300186157 0.44211941957473755
0 0.05069487914443016 0.09096506237983704 0.05874355882406235 0.08315828442573547 0.06760270893573761 0.0922919511795044 0.05955403298139572 0.10009872913360596
0 0.08993571251630783 0.11992006003856659 0.0987626239657402 0.11343668401241302 0.10616294294595718 0.12351199984550476 0.09733603149652481 0.12999537587165833
0 0.0689878910779953 0.13279575109481812 0.07807137072086334 0.12752649188041687 0.08475181460380554 0.1390426754951477 0.0756683349609375 0.14431193470954895
0 0.09617969393730164 0.9078826904296875 0.106915682554245 0.9075000286102295 0.10741710662841797 0.9215677976608276 0.09668111801147461 0.9219504594802856
0 0.11878550052642822 0.11372782289981842 0.1247938871383667 0.10513804852962494 0.135983407497406 0.11296491324901581 0.12997502088546753 0.12155468761920929
0 0.13018812239170074 0.16257739067077637 0.1374283879995346 0.15525028109550476 0.14709170162677765 0.16479909420013428 0.1398514360189438 0.17212620377540588
0 0.04939772188663483 0.591972827911377 0.05477290600538254 0.5829678773880005 0.06636282801628113 0.5898860692977905 0.06098764389753342 0.598891019821167
0 0.11115972697734833 0.40222495794296265 0.11627410352230072 0.39300280809402466 0.12959222495555878 0.4003887176513672 0.12447784841060638 0.4096108675003052
0 0.0788152664899826 0.29226773977279663 0.08616317808628082 0.2843891382217407 0.09763973951339722 0.2950926423072815 0.090291827917099 0.3029712438583374
