0 0.5771304368972778 0.813149094581604 0.5785121917724609 0.8027868270874023 0.5931943655014038 0.8047446012496948 0.5918126106262207 0.8151068687438965
0 0.5019999742507935 0.8644320964813232 0.5023469924926758 0.8540064096450806 0.5168124437332153 0.8544878959655762 0.516465425491333 0.8649135828018188
0 0.46773844957351685 0.8711738586425781 0.4816664457321167 0.8706645965576172 0.48204731941223145 0.8810815811157227 0.4681193232536316 0.8815908432006836
0 0.4968315660953522 0.9167189598083496 0.5126861929893494 0.9164994955062866 0.5128346681594849 0.9272218942642212 0.4969800114631653 0.9274413585662842
0 0.4896835386753082 0.9076735973358154 0.49039462208747864 0.896950364112854 0.5050159692764282 0.8979200124740601 0.5043048858642578 0.9086432456970215
0 0.49157050251960754 0.892935574054718 0.4947224259376526 0.883970320224762 0.5097253322601318 0.8892449736595154 0.5065733790397644 0.8982102274894714
0 0.49542614817619324 0.8846924304962158 0.4958370625972748 0.8742411136627197 0.5093601942062378 0.8747729063034058 0.5089492797851562 0.8852242231369019
0 0.5071900486946106 0.8673882484436035 0.5198960900306702 0.8673882484436035 0.5198960900306702 0.8773834705352783 0.5071900486946106 0.8773834705352783
0 0.5227216482162476 0.8782025575637817 0.5264028310775757 0.868594765663147 0.5415089130401611 0.8743826150894165 0.537827730178833 0.8839904069900513
0 0.5083199739456177 0.8894688487052917 0.5087625980377197 0.8792321085929871 0.5245184898376465 0.8799133896827698 0.5240758657455444 0.8901501297950745
0 0.5112687945365906 0.8569984436035156 0.5122130513191223 0.8466085195541382 0.5272126793861389 0.8479716777801514 0.5262684226036072 0.8583616018295288
0 0.8843561410903931 0.5638166666030884 0.9052978754043579 0.5623761415481567 0.9060447216033936 0.5732336044311523 0.8851029872894287 0.574674129486084
