0 0.7653335332870483 0.4304157793521881 0.7923707962036133 0.41960814595222473 0.7969800233840942 0.4311389625072479 0.7699427604675293 0.4419465959072113
0 0.9503352642059326 0.5402464866638184 0.9640425443649292 0.5269230604171753 0.972122311592102 0.5352356433868408 0.9584150314331055 0.5485590696334839
0 0.8973342776298523 0.08158250153064728 0.9153615832328796 0.07721619307994843 0.9180498719215393 0.08831514418125153 0.900022566318512 0.09268145263195038
0 0.6723540425300598 0.4941869378089905 0.6776495575904846 0.4783551096916199 0.688538134098053 0.48199713230133057 0.6832426190376282 0.49782896041870117
0 0.640919029712677 0.5179745554924011 0.6495431065559387 0.5055460333824158 0.6584476828575134 0.5117248892784119 0.6498236060142517 0.5241534113883972
0 0.7564874887466431 0.4347286820411682 0.7675250768661499 0.430442750453949 0.7710950374603271 0.4396365284919739 0.7600574493408203 0.4439224600791931
0 0.6354525089263916 0.4505480229854584 0.646180272102356 0.4451909363269806 0.6505556106567383 0.453952819108963 0.6398278474807739 0.4593099057674408
0 0.9888415336608887 0.6673619151115417 1.0023335218429565 0.6642953753471375 1.004706621170044 0.6747362017631531 0.9912146329879761 0.6778027415275574
0 0.6268492937088013 0.511223316192627 0.6365945339202881 0.5030640363693237 0.6433082818984985 0.5110827684402466 0.6335630416870117 0.5192420482635498
0 0.651652991771698 0.5230403542518616 0.6610537171363831 0.5168139338493347 0.666483461856842 0.5250118374824524 0.657082736492157 0.5312382578849792
1 -0.01945340633392334 0.12105868756771088 0.014468752779066563 0.11490373313426971 0.01742524653673172 0.1311980038881302 -0.016496911644935608 0.13735295832157135
1 0.06939055025577545 0.03661816194653511 0.10899186134338379 0.03265288844704628 0.11101259291172028 0.05283401533961296 0.07141128182411194 0.05679928883910179
