0 0.2159954011440277 0.18389515578746796 0.23446887731552124 0.17991609871387482 0.2367756962776184 0.19062592089176178 0.21830222010612488 0.19460497796535492
0 0.3344793915748596 0.15667183697223663 0.3491790294647217 0.14837206900119781 0.354447603225708 0.1577032059431076 0.33974796533584595 0.16600297391414642
0 0.2229742705821991 0.16674013435840607 0.22503381967544556 0.1558675915002823 0.24235647916793823 0.1591489464044571 0.24029693007469177 0.17002148926258087
0 0.03397506847977638 0.18003636598587036 0.04828736558556557 0.17905855178833008 0.04898777976632118 0.18931052088737488 0.034675482660532 0.19028833508491516
0 0.4236842691898346 0.1405102014541626 0.4253341257572174 0.12879785895347595 0.44255390763282776 0.13122355937957764 0.44090405106544495 0.14293590188026428
0 0.20846760272979736 0.12694548070430756 0.2105182707309723 0.11678440868854523 0.2250174582004547 0.11971057951450348 0.22296679019927979 0.1298716515302658
0 0.1459699273109436 0.15818935632705688 0.16006562113761902 0.15675145387649536 0.1610856056213379 0.16675028204917908 0.14698991179466248 0.1681881844997406
0 0.1555754393339157 0.1873352825641632 0.15738944709300995 0.17714160680770874 0.1726798266172409 0.1798625886440277 0.17086581885814667 0.19005626440048218
0 0.02005445770919323 0.17913943529129028 0.03319891169667244 0.17906367778778076 0.03325658291578293 0.1890718936920166 0.020112130790948868 0.18914765119552612
0 0.09320956468582153 0.1698416769504547 0.10502538084983826 0.16378852725028992 0.10962675511837006 0.17277047038078308 0.09781093895435333 0.17882362008094788
0 0.1847100406885147 0.08427449315786362 0.19882886111736298 0.0818093791604042 0.2005774825811386 0.09182455390691757 0.18645866215229034 0.09428966790437698
0 0.04036186635494232 0.20629353821277618 0.04917538911104202 0.20115210115909576 0.055469632148742676 0.21194179356098175 0.046656109392642975 0.21708323061466217
0 0.11757418513298035 0.20610639452934265 0.11941549181938171 0.19588398933410645 0.13409492373466492 0.19852811098098755 0.13225361704826355 0.20875051617622375
0 0.10974595695734024 0.18029670417308807 0.1232224777340889 0.17923732101917267 0.12399768084287643 0.1890987902879715 0.11052116006612778 0.1901581734418869
0 0.020738348364830017 0.2093169242143631 0.022588785737752914 0.19980554282665253 0.03473925590515137 0.20216943323612213 0.03288881853222847 0.2116808146238327
0 0.05767640471458435 0.2133861631155014 0.05791249871253967 0.20333363115787506 0.07096603512763977 0.20364020764827728 0.07072994112968445 0.21369273960590363
0 0.11723270267248154 0.14001524448394775 0.11861295998096466 0.1300191879272461 0.1326928436756134 0.1319633424282074 0.13131257891654968 0.14195939898490906
0 0.5130976438522339 0.15908025205135345 0.5281277894973755 0.15533019602298737 0.5307165384292603 0.1657058149576187 0.5156863927841187 0.1694558709859848
0 0.10957012325525284 0.21558953821659088 0.1108110174536705 0.20567162334918976 0.12433754652738571 0.2073640078306198 0.12309665232896805 0.21728192269802094
0 0.04502541944384575 0.18973000347614288 0.04627225175499916 0.18004728853702545 0.0592723973095417 0.18172131478786469 0.05802556499838829 0.19140402972698212
0 0.1398821622133255 0.22201313078403473 0.14005587995052338 0.2114376276731491 0.155363067984581 0.2116890698671341 0.15518935024738312 0.22226457297801971
0 0.08120400458574295 0.15307702124118805 0.0941157415509224 0.15276609361171722 0.09435152262449265 0.1625571995973587 0.0814397856593132 0.16286812722682953
0 0.08238451182842255 0.21160675585269928 0.09640821814537048 0.20841221511363983 0.09867872297763824 0.21837954223155975 0.08465501666069031 0.2215740829706192
0 0.08897534757852554 0.14737950265407562 0.10332287102937698 0.14607103168964386 0.10424386709928513 0.15616993606090546 0.08989634364843369 0.15747840702533722
0 0.15798495709896088 0.15243884921073914 0.16990183293819427 0.14678630232810974 0.17405067384243011 0.15553301572799683 0.16213379800319672 0.16118556261062622
0 0.07125803828239441 0.18458740413188934 0.08464847505092621 0.1825510710477829 0.08612868189811707 0.1922844499349594 0.07273824512958527 0.19432078301906586
0 0.10203152894973755 0.16307690739631653 0.11594885587692261 0.15806519985198975 0.119418665766716 0.16770070791244507 0.10550133883953094 0.17271241545677185
0 0.23257601261138916 0.23346984386444092 0.23483923077583313 0.2234511375427246 0.2495969831943512 0.22678491473197937 0.24733376502990723 0.23680362105369568
0 0.3663270175457001 0.13937418162822723 0.3671990931034088 0.12888570129871368 0.3827446401119232 0.13017822802066803 0.3818725645542145 0.14066670835018158
0 0.21679231524467468 0.1451135128736496 0.21755582094192505 0.134649857878685 0.232713520526886 0.13575591146945953 0.23195001482963562 0.14621956646442413
0 0.14395196735858917 0.31873124837875366 0.16396771371364594 0.314774751663208 0.16610188782215118 0.3255714774131775 0.14608614146709442 0.32952797412872314
0 0.09103401005268097 0.19187498092651367 0.10174964368343353 0.18319430947303772 0.10819806158542633 0.1911543905735016 0.09748242795467377 0.19983506202697754
0 0.19331462681293488 0.17276784777641296 0.20815415680408478 0.1680244505405426 0.2113327533006668 0.17796850204467773 0.1964932233095169 0.1827118992805481
0 0.23175778985023499 0.20521187782287598 0.24835342168807983 0.20411136746406555 0.24906685948371887 0.21487027406692505 0.23247122764587402 0.21597078442573547
0 0.3352572023868561 0.12754511833190918 0.3514179289340973 0.1275152564048767 0.35143741965293884 0.13806098699569702 0.33527669310569763 0.1380908489227295
0 0.29807403683662415 0.12713634967803955 0.3134211003780365 0.12290940433740616 0.31622228026390076 0.1330799162387848 0.3008752167224884 0.13730686902999878
0 0.18520018458366394 0.1676054447889328 0.1868719756603241 0.15739299356937408 0.20189836621284485 0.15985284745693207 0.2002265751361847 0.17006529867649078
0 0.15203583240509033 0.11150326579809189 0.16258910298347473 0.10490087419748306 0.1677786409854889 0.11319584399461746 0.1572253704071045 0.11979823559522629
0 0.12577709555625916 0.3686901330947876 0.14461660385131836 0.36834877729415894 0.14484301209449768 0.3808435797691345 0.12600350379943848 0.3811849355697632
0 0.27814924716949463 0.08923695981502533 0.2904055714607239 0.08394341170787811 0.2944292426109314 0.09325951337814331 0.28217291831970215 0.09855306148529053
0 0.06238532066345215 0.16704373061656952 0.0738825649023056 0.16276277601718903 0.07726047933101654 0.17183475196361542 0.06576323509216309 0.1761157065629959
0 0.1801712065935135 0.19378794729709625 0.19616906344890594 0.18840999901294708 0.199380561709404 0.19796334207057953 0.18338270485401154 0.2033412903547287
0 0.28594791889190674 0.11805430054664612 0.2886239290237427 0.10763108730316162 0.3054095506668091 0.11194050312042236 0.30273354053497314 0.12236371636390686
0 0.396508127450943 0.12775461375713348 0.4149123728275299 0.1276743859052658 0.41495975852012634 0.1385425478219986 0.39655551314353943 0.13862277567386627
0 0.1971457302570343 0.1279495656490326 0.21135389804840088 0.1254056692123413 0.2131408452987671 0.13538628816604614 0.1989326775074005 0.13793018460273743
0 0.3974107503890991 0.0988486185669899 0.410852313041687 0.09589529782533646 0.41292983293533325 0.10535090416669846 0.39948827028274536 0.1083042249083519
0 0.3681966960430145 0.10016783326864243 0.38160696625709534 0.09946993738412857 0.38212963938713074 0.10951364785432816 0.3687193691730499 0.11021154373884201
0 0.13730204105377197 0.34098339080810547 0.13921892642974854 0.3304097056388855 0.15631020069122314 0.33350813388824463 0.15439331531524658 0.3440818190574646
0 0.16047881543636322 0.10109303146600723 0.17274294793605804 0.09932828694581985 0.17411638796329498 0.10887307673692703 0.16185225546360016 0.11063782125711441
0 0.011282186023890972 0.20859840512275696 0.013889542780816555 0.19949090480804443 0.02526222914457321 0.20274674892425537 0.02265487238764763 0.2118542492389679
0 0.23155464231967926 0.20355787873268127 0.24779649078845978 0.20240548253059387 0.24853675067424774 0.21283894777297974 0.23229490220546722 0.21399134397506714
0 0.2717550992965698 0.07790514826774597 0.28564828634262085 0.07436217367649078 0.2881975769996643 0.08435869216918945 0.2743043899536133 0.08790166676044464
0 0.19848285615444183 0.226358562707901 0.21380870044231415 0.22204700112342834 0.21671436727046967 0.23237544298171997 0.20138852298259735 0.23668700456619263
0 0.17056432366371155 0.17037148773670197 0.18452095985412598 0.16793973743915558 0.18620702624320984 0.1776166409254074 0.1722503900527954 0.1800483912229538
0 0.08701532334089279 0.1738724708557129 0.1013636663556099 0.17249685525894165 0.10230941325426102 0.18236157298088074 0.08796107023954391 0.18373718857765198
0 0.17739374935626984 0.08913205564022064 0.1895114928483963 0.08759814500808716 0.19072793424129486 0.09720796346664429 0.1786101907491684 0.09874187409877777
0 0.08326751738786697 0.19584636390209198 0.08339200168848038 0.1861763745546341 0.09716782718896866 0.18635372817516327 0.09704334288835526 0.19602371752262115
0 0.03217928484082222 0.21145690977573395 0.034841518849134445 0.20201937854290009 0.04731426760554314 0.205537810921669 0.04465203359723091 0.21497534215450287
0 0.026456693187355995 0.17969264090061188 0.03920736536383629 0.17800967395305634 0.04047689586877823 0.18762801587581635 0.027726221829652786 0.1893109828233719
0 0.4328712821006775 0.09207069128751755 0.44634461402893066 0.09015905112028122 0.4477493166923523 0.10005953162908554 0.4342759847640991 0.10197117179632187
0 0.058885350823402405 0.18506096303462982 0.07159920036792755 0.18299360573291779 0.07316270470619202 0.19260890781879425 0.06044885516166687 0.1946762651205063
0 0.15339204668998718 0.21476902067661285 0.1535925269126892 0.20443971455097198 0.1691274344921112 0.2047412246465683 0.16892695426940918 0.21507053077220917
0 0.16901041567325592 0.09523652493953705 0.18061946332454681 0.093541219830513 0.1819927841424942 0.10294546186923981 0.1703837364912033 0.10464076697826385
0 0.1461729258298874 0.13879995048046112 0.1572059541940689 0.13175435364246368 0.1625724881887436 0.14015807211399078 0.15153945982456207 0.14720366895198822
0 0.0830041915178299 0.19746893644332886 0.08331991732120514 0.18803277611732483 0.09663578867912292 0.18847832083702087 0.09632006287574768 0.1979144811630249
0 0.38924628496170044 0.1595168560743332 0.38986140489578247 0.1489381045103073 0.40796053409576416 0.149990513920784 0.40734541416168213 0.16056926548480988
0 0.26610228419303894 0.06579773128032684 0.27929404377937317 0.0640978217124939 0.28056952357292175 0.07399602234363556 0.2673777639865875 0.0756959319114685
0 0.5318957567214966 0.10349645465612411 0.53322434425354 0.09341881424188614 0.5472598075866699 0.09526913613080978 0.5459312200546265 0.10534677654504776
0 0.3040688633918762 0.10675599426031113 0.31701868772506714 0.10194537788629532 0.3205258250236511 0.11138630658388138 0.3075760006904602 0.11619692295789719
0 0.2193436324596405 0.11685528606176376 0.2218739092350006 0.1073903813958168 0.23402398824691772 0.11063850671052933 0.23149371147155762 0.12010341137647629
0 0.5682637691497803 0.10589826107025146 0.5803450345993042 0.10067866742610931 0.5842537879943848 0.10972580313682556 0.5721725225448608 0.11494539678096771
0 0.13548710942268372 0.14201046526432037 0.14813518524169922 0.1383141130208969 0.150860995054245 0.14764125645160675 0.1382129192352295 0.1513376086950302
0 0.16246654093265533 0.12424568086862564 0.17461581528186798 0.12343103438615799 0.17527233064174652 0.13322201371192932 0.16312305629253387 0.13403666019439697
0 0.7551319599151611 0.5507434606552124 0.7672257423400879 0.5407220125198364 0.7743895053863525 0.5493670701980591 0.7622957229614258 0.5593885183334351
0 0.0722789466381073 0.16384530067443848 0.0792793482542038 0.15324583649635315 0.08770488202571869 0.15881046652793884 0.08070448040962219 0.16940993070602417
0 0.304072767496109 0.14957860112190247 0.3217444121837616 0.14631867408752441 0.32364621758461 0.1566281020641327 0.3059745728969574 0.15988802909851074
0 0.15352387726306915 0.12757529318332672 0.16640780866146088 0.1252068728208542 0.16817878186702728 0.13484077155590057 0.15529485046863556 0.1372091919183731
0 0.21313978731632233 0.09542716294527054 0.22444172203540802 0.09396152943372726 0.22565947473049164 0.10335201770067215 0.21435754001140594 0.10481765121221542
0 0.28988829255104065 0.07831869274377823 0.3004809319972992 0.07181593030691147 0.3056362569332123 0.08021367341279984 0.29504361748695374 0.0867164358496666
0 0.09595129638910294 0.14266914129257202 0.10762094706296921 0.1404697597026825 0.10935185104608536 0.14965370297431946 0.09768220037221909 0.15185308456420898
0 0.12970712780952454 0.35220882296562195 0.14548712968826294 0.344277948141098 0.15060845017433167 0.3544677793979645 0.13482844829559326 0.3623986542224884
0 0.12870590388774872 0.14558133482933044 0.14249686896800995 0.14353689551353455 0.1439521163702011 0.1533532738685608 0.13016115128993988 0.1553977131843567
0 0.8617618680000305 0.505527675151825 0.8679570555686951 0.4976097643375397 0.8791330456733704 0.5063541531562805 0.8729378581047058 0.5142720937728882
0 0.11502712219953537 0.3892585039138794 0.12810863554477692 0.38340306282043457 0.1325683295726776 0.39336639642715454 0.11948682367801666 0.39922183752059937
0 0.0011487901210784912 0.2074829787015915 0.003982082009315491 0.19800053536891937 0.01588975079357624 0.20155848562717438 0.013056458905339241 0.2110409289598465
0 0.13372239470481873 0.12674696743488312 0.1350034475326538 0.11642906069755554 0.14783161878585815 0.11802175641059875 0.14655056595802307 0.12833966314792633
0 0.14143531024456024 0.11482597142457962 0.15305976569652557 0.10894807428121567 0.1577824205160141 0.11828788369894028 0.14615796506404877 0.12416578084230423
0 0.1857621967792511 0.1338231861591339 0.19950929284095764 0.1336447298526764 0.19963940978050232 0.1436680257320404 0.18589231371879578 0.14384648203849792
0 0.10886498540639877 0.13453806936740875 0.12239784747362137 0.13346610963344574 0.12316877394914627 0.14319877326488495 0.10963591188192368 0.14427073299884796
0 0.12463368475437164 0.13256727159023285 0.1254248172044754 0.12274394929409027 0.13713829219341278 0.12368731200695038 0.13634715974330902 0.13351063430309296
0 0.20316237211227417 0.07853682339191437 0.2171020209789276 0.0740157812833786 0.22027155756950378 0.08378836512565613 0.20633190870285034 0.0883094072341919
0 0.12030797451734543 0.17697985470294952 0.13344517350196838 0.1684354990720749 0.14055144786834717 0.17936162650585175 0.1274142563343048 0.18790598213672638
0 0.33652180433273315 0.11094585061073303 0.33661746978759766 0.10032340884208679 0.3529755473136902 0.10047075152397156 0.3528798818588257 0.1110931932926178
1 0.530035138130188 0.2356136441230774 0.5588078498840332 0.2306184470653534 0.561229944229126 0.24456974864006042 0.5324572324752808 0.24956494569778442
0 0.8624225854873657 0.060109738260507584 0.8709397315979004 0.051281094551086426 0.8783416748046875 0.05842180922627449 0.8698245286941528 0.06725045293569565
0 0.8669118285179138 0.04913664609193802 0.8773400187492371 0.04311692714691162 0.8823419213294983 0.05178191512823105 0.871913731098175 0.057801634073257446
0 0.8707599639892578 0.06212713569402695 0.8800277709960938 0.05398240685462952 0.8866903781890869 0.061563730239868164 0.877422571182251 0.0697084590792656
0 0.8793371915817261 0.06394639611244202 0.8893818855285645 0.0566229522228241 0.8955650329589844 0.06510353088378906 0.885520339012146 0.07242697477340698
0 0.8840255737304688 0.056817926466464996 0.89298415184021 0.04953446984291077 0.899040699005127 0.05698397755622864 0.8900821208953857 0.06426743417978287
0 0.8920240998268127 0.06026361882686615 0.9017323851585388 0.051701124757528305 0.9085262417793274 0.05940411984920502 0.8988179564476013 0.06796661019325256
0 0.9424923658370972 0.05993851646780968 0.955636739730835 0.05974848195910454 0.9557783603668213 0.0695413202047348 0.9426339864730835 0.06973135471343994
0 0.9326413869857788 0.0556175522506237 0.9445383548736572 0.05041232332587242 0.9487316608428955 0.05999639257788658 0.9368346929550171 0.06520162522792816
0 0.9567292332649231 0.04730798676609993 0.9693323969841003 0.042597535997629166 0.9728115200996399 0.051906224340200424 0.9602083563804626 0.05661667510867119
0 0.9353898167610168 0.040989529341459274 0.9484114050865173 0.03794124349951744 0.9506110548973083 0.047337669879198074 0.9375894665718079 0.05038595572113991
0 0.9501535296440125 0.04221884161233902 0.9612782597541809 0.03709566593170166 0.9653086066246033 0.04584730416536331 0.9541838765144348 0.05097047984600067
0 0.9231030941009521 0.049776460975408554 0.935080885887146 0.04386216774582863 0.9395474195480347 0.05290799215435982 0.9275696277618408 0.05882228538393974
0 0.9181063175201416 0.03916710242629051 0.9296340942382812 0.03916710242629051 0.9296340942382812 0.04828481748700142 0.9181063175201416 0.04828481748700142
0 0.9103116989135742 0.036492668092250824 0.9197052717208862 0.02892727218568325 0.9260222911834717 0.0367707833647728 0.9166287183761597 0.04433617740869522
0 0.9177635312080383 0.028872253373265266 0.9280465245246887 0.021425634622573853 0.9342136979103088 0.029941877350211143 0.9239307045936584 0.03738849610090256
0 0.9262323975563049 0.03247244656085968 0.9380895495414734 0.03042401559650898 0.9397584795951843 0.040084704756736755 0.9279013276100159 0.042133137583732605
0 0.9421328902244568 0.03324051946401596 0.9541088938713074 0.030133455991744995 0.9566108584403992 0.03977729380130768 0.9446348547935486 0.042884357273578644
0 0.9572985768318176 0.03509903326630592 0.9693580269813538 0.030385050922632217 0.972813069820404 0.03922392055392265 0.9607536196708679 0.04393790289759636
0 0.9013558030128479 0.028483344241976738 0.9102979302406311 0.020310578867793083 0.9170700907707214 0.027720244601368904 0.9081279635429382 0.03589300811290741
0 0.9256350994110107 0.022494716569781303 0.934577226638794 0.014321952126920223 0.9413493871688843 0.02173161692917347 0.9324072599411011 0.029904380440711975
0 0.933261513710022 0.015231717377901077 0.9422035217285156 0.007058919873088598 0.948975682258606 0.014468444511294365 0.9400336742401123 0.022641241550445557
0 0.9402843713760376 0.022571468725800514 0.9492264986038208 0.014398692175745964 0.9559986591339111 0.021808350458741188 0.9470565319061279 0.029981127008795738
0 0.9476007223129272 0.001672631362453103 0.9565519094467163 -0.006508201360702515 0.9633313417434692 0.0009096281137317419 0.9543801546096802 0.00909046083688736
0 0.9269202351570129 0.004239255096763372 0.9389659762382507 0.0024824286811053753 0.9403577446937561 0.01202475093305111 0.9283120036125183 0.013781577348709106
0 0.9332940578460693 -0.0006130372639745474 0.9444059133529663 -0.006445765495300293 0.948926568031311 0.0021665736567229033 0.9378147125244141 0.007999301888048649
0 0.9809774160385132 0.013779920525848866 0.9932994842529297 0.00897940807044506 0.9968290328979492 0.018039170652627945 0.9845069646835327 0.022839682176709175
0 0.9426000118255615 0.05232003331184387 0.9500499963760376 0.043349266052246094 0.9578870534896851 0.0498577356338501 0.950437068939209 0.058828502893447876
