0 0.8374578356742859 0.3438391089439392 0.8556832671165466 0.3409585952758789 0.857426106929779 0.35198599100112915 0.8392006754875183 0.35486650466918945
0 0.8410386443138123 0.37082377076148987 0.8581889271736145 0.36642929911613464 0.8608558773994446 0.37683770060539246 0.8437055945396423 0.3812321722507477
0 0.8305661678314209 0.35561123490333557 0.8494886159896851 0.35356923937797546 0.8506255149841309 0.36410465836524963 0.8317030668258667 0.36614665389060974
0 0.7857216596603394 0.3474760055541992 0.802344799041748 0.3421393036842346 0.8057364225387573 0.3527035713195801 0.7891132831573486 0.3580402731895447
0 0.8001299500465393 0.40762901306152344 0.8183560967445374 0.40423715114593506 0.820410430431366 0.41527628898620605 0.8021842837333679 0.41866815090179443
0 0.2189762145280838 0.5757769346237183 0.22599701583385468 0.5684852600097656 0.23515303432941437 0.577301025390625 0.2281322330236435 0.5845927000045776
0 0.43819063901901245 0.5140405893325806 0.45245039463043213 0.5118616819381714 0.4539985656738281 0.5219935178756714 0.43973881006240845 0.5241724252700806
0 0.8691471219062805 0.4105260968208313 0.8846903443336487 0.4066721796989441 0.887179434299469 0.41671109199523926 0.8716362118721008 0.42056500911712646
0 0.9478602409362793 0.3744077682495117 0.9659912586212158 0.3725120425224304 0.9671334028244019 0.38343560695648193 0.9490023851394653 0.38533133268356323
0 0.7935857772827148 0.3893759250640869 0.8095258474349976 0.38227230310440063 0.8140054941177368 0.3923243284225464 0.7980654239654541 0.39942795038223267
0 0.9508208632469177 0.41182902455329895 0.9660627245903015 0.40676698088645935 0.9694254994392395 0.4168924391269684 0.9541836380958557 0.421954482793808
0 0.8931020498275757 0.36671432852745056 0.9077651500701904 0.360311359167099 0.9121726751327515 0.3704046308994293 0.8975095748901367 0.3768076002597809
0 0.8194540739059448 0.4254761338233948 0.8360832929611206 0.4201810359954834 0.8394961357116699 0.43089890480041504 0.8228669166564941 0.4361940026283264
0 0.799496591091156 0.2794108986854553 0.8149316906929016 0.27368372678756714 0.8187432885169983 0.28395628929138184 0.8033081889152527 0.28968346118927
0 0.8375933170318604 0.3931189179420471 0.8556325435638428 0.3897445797920227 0.8576525449752808 0.4005432724952698 0.8396133184432983 0.4039176106452942
0 0.893757700920105 0.29292526841163635 0.9077967405319214 0.2848569452762604 0.9134654998779297 0.2947205603122711 0.8994264602661133 0.3027888834476471
0 0.814755916595459 0.34610727429389954 0.8267710208892822 0.33898016810417175 0.8321080207824707 0.3479774296283722 0.8200929164886475 0.3551045358181
0 0.8717302083969116 0.27150145173072815 0.887556791305542 0.2664514482021332 0.890765905380249 0.27650895714759827 0.8749393224716187 0.28155896067619324
0 0.809395432472229 0.31429871916770935 0.8238908052444458 0.30710795521736145 0.8286701440811157 0.31674227118492126 0.8141747713088989 0.32393303513526917
0 0.8765919804573059 0.43077704310417175 0.8920640349388123 0.42704227566719055 0.8945394158363342 0.43729713559150696 0.8790673613548279 0.44103190302848816
0 0.8629372119903564 0.3452850878238678 0.8759979009628296 0.340771347284317 0.8792905807495117 0.3502989113330841 0.8662298917770386 0.3548126518726349
0 0.9117420315742493 0.427802711725235 0.9276878237724304 0.4260188043117523 0.9288809895515442 0.4366840422153473 0.912935197353363 0.43846794962882996
0 0.4583890438079834 0.5471895337104797 0.4584594964981079 0.536729633808136 0.4752095341682434 0.5368425250053406 0.4751390814781189 0.5473024249076843
0 0.8628050088882446 0.3013908863067627 0.8759188652038574 0.29326844215393066 0.8814047574996948 0.3021254539489746 0.868290901184082 0.31024789810180664
0 0.790416419506073 0.3675118088722229 0.8034105896949768 0.36178284883499146 0.8076507449150085 0.37140029668807983 0.7946565747261047 0.3771292567253113
0 0.24556954205036163 0.539969801902771 0.25679802894592285 0.5352315902709961 0.26060575246810913 0.5442550182342529 0.24937725067138672 0.5489932298660278
0 0.5328344702720642 0.5250164270401001 0.5338758826255798 0.5144970417022705 0.5476083159446716 0.5158565044403076 0.546566903591156 0.5263758897781372
0 0.23270268738269806 0.5884690880775452 0.23740725219249725 0.5798555016517639 0.24838455021381378 0.5858510136604309 0.2436799854040146 0.5944646000862122
0 0.7764744162559509 0.31697362661361694 0.7917831540107727 0.31141865253448486 0.7954124808311462 0.32142066955566406 0.7801037430763245 0.32697564363479614
0 0.8430981636047363 0.27803412079811096 0.8563351631164551 0.27170220017433167 0.8607267141342163 0.280882865190506 0.8474897146224976 0.2872147858142853
0 0.9663311243057251 0.3964829444885254 0.9817390441894531 0.39378976821899414 0.9835011959075928 0.40387094020843506 0.9680932760238647 0.4065641164779663
0 0.5015959143638611 0.5811507105827332 0.5167996287345886 0.5750693678855896 0.5206215977668762 0.5846243500709534 0.5054178833961487 0.5907056927680969
0 0.9202102422714233 0.3585323691368103 0.9354166984558105 0.3541563153266907 0.9381698369979858 0.3637230396270752 0.9229633808135986 0.3680990934371948
0 0.1969953030347824 0.7123658657073975 0.20882584154605865 0.7040237188339233 0.21505023539066315 0.7128509283065796 0.2032196968793869 0.7211930751800537
0 0.4722641706466675 0.5057583451271057 0.4902445673942566 0.5024368166923523 0.4921149015426636 0.5125617384910583 0.47413450479507446 0.5158832669258118
0 0.8167992234230042 0.3824341297149658 0.8307936787605286 0.38007718324661255 0.8324864506721497 0.39012831449508667 0.8184919953346252 0.39248526096343994
0 0.29729920625686646 0.5920172333717346 0.29930198192596436 0.5825818181037903 0.3108025789260864 0.5850229859352112 0.3087998032569885 0.5944584012031555
0 0.2204751968383789 0.7510138154029846 0.23466083407402039 0.7471131682395935 0.2374313473701477 0.7571889758110046 0.22324571013450623 0.7610896229743958
0 0.26628434658050537 0.5893568396568298 0.2781441807746887 0.5851076245307922 0.2813953757286072 0.5941819548606873 0.26953554153442383 0.5984311699867249
0 0.5124707818031311 0.5775107145309448 0.5236644148826599 0.575294017791748 0.5255011916160583 0.5845694541931152 0.5143075585365295 0.586786150932312
0 0.30113425850868225 0.6338953375816345 0.31231096386909485 0.6281580328941345 0.31687793135643005 0.6370547413825989 0.30570122599601746 0.6427920460700989
0 0.3522067368030548 0.6656268835067749 0.36230966448783875 0.6610844135284424 0.3677806556224823 0.6732525825500488 0.35767772793769836 0.6777950525283813
0 0.5195186734199524 0.47071489691734314 0.5326854586601257 0.47044727206230164 0.5328835844993591 0.48019638657569885 0.5197167992591858 0.48046401143074036
0 0.8960700631141663 0.32539379596710205 0.9066820740699768 0.31764185428619385 0.9126635193824768 0.3258301615715027 0.9020515084266663 0.3335821032524109
0 0.8219701051712036 0.2620231807231903 0.8285975456237793 0.24839811027050018 0.8381056785583496 0.2530229985713959 0.8314782381057739 0.2666480541229248
