0 0.9695701599121094 0.423244446516037 0.9756336212158203 0.41107454895973206 1.002164363861084 0.42429319024086 0.996100902557373 0.4364630877971649
0 0.6681885123252869 0.5224595665931702 0.676641047000885 0.5109303593635559 0.7016139626502991 0.5292389988899231 0.6931614279747009 0.5407682061195374
0 0.6983379125595093 0.8892980813980103 0.702918291091919 0.8768218755722046 0.726601243019104 0.8855165243148804 0.7220208644866943 0.897992730140686
0 0.9417994022369385 0.6786070466041565 0.9535309076309204 0.673610270023346 0.9628379344940186 0.6954615712165833 0.9511064291000366 0.7004583477973938
0 0.8957222700119019 0.9893006086349487 0.900547981262207 0.9788393974304199 0.9148695468902588 0.9854458570480347 0.9100438356399536 0.9959070682525635
0 0.3348512351512909 0.9507572054862976 0.34296658635139465 0.9433017373085022 0.3529879152774811 0.9542099833488464 0.3448725640773773 0.9616654515266418
0 0.9238675832748413 0.9612966775894165 0.9244982004165649 0.9495894908905029 0.9415655136108398 0.9505088329315186 0.9409348964691162 0.9622160196304321
0 0.9161717295646667 0.9885876178741455 0.919360339641571 0.9778664112091064 0.9338588118553162 0.9821784496307373 0.9306702017784119 0.9928996562957764
0 0.9015365839004517 0.9501801133155823 0.9176892042160034 0.9501314759254456 0.9177250862121582 0.9620494246482849 0.9015724658966064 0.9620980620384216
0 0.9169126749038696 0.9259750843048096 0.9248888492584229 0.9169129133224487 0.9388772249221802 0.9292248487472534 0.930901050567627 0.9382870197296143
0 0.9547524452209473 0.9616705775260925 0.9593255519866943 0.9505955576896667 0.9744086265563965 0.9568236470222473 0.9698355197906494 0.9678986668586731
0 0.6527901887893677 0.9141280651092529 0.6580660343170166 0.9034988880157471 0.6742006540298462 0.9115074872970581 0.6689248085021973 0.922136664390564
0 0.9866900444030762 0.9469283223152161 0.9922710657119751 0.936941921710968 1.005895972251892 0.9445564150810242 1.0003149509429932 0.9545428156852722
0 0.9730827212333679 0.8836286067962646 0.9835242629051208 0.8776259422302246 0.992482602596283 0.8932088613510132 0.98204106092453 0.8992115259170532
0 0.9783185720443726 0.9611107707023621 0.986839771270752 0.9539124369621277 0.9961717128753662 0.9649593234062195 0.9876505136489868 0.9721576571464539
0 0.323230117559433 0.9010140895843506 0.33476051688194275 0.9007982015609741 0.3349955379962921 0.9133515357971191 0.32346513867378235 0.9135674238204956
0 0.8583493828773499 1.001935362815857 0.8620840907096863 0.990874171257019 0.8774324059486389 0.9960564374923706 0.8736976981163025 1.0071176290512085
0 0.9070165753364563 0.8374814391136169 0.91704922914505 0.8317459225654602 0.9254716038703918 0.8464784026145935 0.9154389500617981 0.8522139191627502
0 0.9656078219413757 0.9893605709075928 0.9666242003440857 0.9780604839324951 0.9823140501976013 0.9794716835021973 0.9812976717948914 0.9907717704772949
0 0.9729296565055847 0.8531292080879211 0.9846888184547424 0.8519379496574402 0.986415445804596 0.8689822554588318 0.9746562838554382 0.8701735138893127
0 0.7584878206253052 0.9894933700561523 0.7688368558883667 0.9846429824829102 0.7752777338027954 0.9983854293823242 0.7649286985397339 1.0032358169555664
0 0.6372394561767578 0.9392457604408264 0.6465606689453125 0.9327645897865295 0.6558190584182739 0.9460799098014832 0.6464978456497192 0.95256108045578
0 0.8333713412284851 0.9335314631462097 0.8347592949867249 0.9221823811531067 0.8505793213844299 0.9241170287132263 0.8491913676261902 0.9354661107063293
0 0.8546810746192932 0.9720010757446289 0.8576522469520569 0.9613302946090698 0.8739625811576843 0.9658716917037964 0.8709914088249207 0.9765424728393555
0 0.9171364307403564 0.9677373170852661 0.9320468902587891 0.9673177003860474 0.9323607683181763 0.9784711599349976 0.9174503087997437 0.9788907766342163
0 0.7235170006752014 0.9873149394989014 0.7313081622123718 0.978736400604248 0.7432805895805359 0.989609956741333 0.7354894280433655 0.9981884956359863
0 0.9369018077850342 0.9855080246925354 0.937958836555481 0.9747132658958435 0.9521099328994751 0.9760989546775818 0.9510529041290283 0.9868937134742737
0 0.7991552352905273 0.9998418092727661 0.8026032447814941 0.9895226955413818 0.8164795637130737 0.9941592216491699 0.8130315542221069 1.0044783353805542
0 0.826316237449646 0.9660358428955078 0.8270524740219116 0.9544456005096436 0.8434939384460449 0.955489993095398 0.8427577018737793 0.9670802354812622
0 0.7935567498207092 0.9684609174728394 0.8100250363349915 0.9681515693664551 0.8102479577064514 0.980018138885498 0.7937796711921692 0.9803274869918823
0 0.8710893988609314 0.9554123878479004 0.8876549601554871 0.954775333404541 0.8881077170372009 0.9665507078170776 0.8715421557426453 0.967187762260437
0 0.6844640374183655 0.9315359592437744 0.6918798089027405 0.9235697984695435 0.7023854851722717 0.9333497285842896 0.6949697136878967 0.9413158893585205
0 0.7145251631736755 0.8218213319778442 0.7184774279594421 0.8096750974655151 0.734968364238739 0.815041184425354 0.7310160994529724 0.8271874189376831
0 0.6546239852905273 0.9936437606811523 0.6609793901443481 0.985154390335083 0.6721863746643066 0.993544340133667 0.6658309698104858 1.0020337104797363
0 0.7651863098144531 0.8739838600158691 0.7687029838562012 0.8627767562866211 0.785433292388916 0.8680264949798584 0.781916618347168 0.8792335987091064
0 0.9506528377532959 0.9244093298912048 0.9581223726272583 0.9158626198768616 0.971591591835022 0.9276344180107117 0.9641220569610596 0.9361811280250549
0 0.5535625219345093 0.7959353923797607 0.5538127422332764 0.7800668478012085 0.5645182132720947 0.7802356481552124 0.5642679929733276 0.7961041927337646
0 0.33275657892227173 0.5313372015953064 0.3492506742477417 0.5302719473838806 0.34997981786727905 0.5415624976158142 0.3334857225418091 0.54262775182724
0 0.6147618889808655 0.8900002241134644 0.6232394576072693 0.8806488513946533 0.6389592289924622 0.8948996067047119 0.6304816603660583 0.904250979423523
0 0.6336490511894226 0.39785876870155334 0.6416599154472351 0.3847503960132599 0.6510571837425232 0.390493243932724 0.6430463194847107 0.40360161662101746
0 0.7001507878303528 0.9802852869033813 0.7066975235939026 0.9723047018051147 0.7169731259346008 0.98073410987854 0.710426390171051 0.9887146949768066
0 0.9739439487457275 0.8152021169662476 0.9843094348907471 0.8105050325393677 0.9912105798721313 0.8257342576980591 0.9808450937271118 0.830431342124939
0 0.8565320372581482 0.9450534582138062 0.859224259853363 0.9344851970672607 0.8744365572929382 0.9383605718612671 0.8717443346977234 0.9489288330078125
0 0.3258287012577057 0.9328843355178833 0.33477118611335754 0.9278101921081543 0.34107908606529236 0.938927173614502 0.3321366012096405 0.944001317024231
0 0.7183566689491272 0.9516724944114685 0.718686044216156 0.9407063126564026 0.7331532835960388 0.9411408305168152 0.73282390832901 0.9521070122718811
0 0.3367019295692444 0.9160922765731812 0.34686946868896484 0.9142782688140869 0.34909218549728394 0.9267363548278809 0.3389246463775635 0.9285503625869751
0 0.3584687411785126 0.6543265581130981 0.3644578754901886 0.6426434516906738 0.3734036386013031 0.6472293138504028 0.3674145042896271 0.6589124202728271
0 0.5995491743087769 0.671291172504425 0.609230637550354 0.6605773568153381 0.6168922185897827 0.6675006747245789 0.6072107553482056 0.6782144904136658
0 0.8924218416213989 0.9393655061721802 0.8950753211975098 0.9299620389938354 0.9066193103790283 0.9332195520401001 0.9039658308029175 0.9426230192184448
0 0.6388657093048096 0.9793395400047302 0.6461324691772461 0.9721470475196838 0.6552973985671997 0.9814065098762512 0.6480306386947632 0.9885990023612976
0 0.10926177352666855 0.6667450070381165 0.12250936776399612 0.6619496941566467 0.1261727213859558 0.6720700860023499 0.11292511969804764 0.6768653988838196
0 0.2712917625904083 0.9372245073318481 0.28004375100135803 0.9287600517272949 0.2869102656841278 0.9358599185943604 0.2781582772731781 0.9443243741989136
0 0.7684230804443359 0.8000604510307312 0.76930832862854 0.7899307608604431 0.7810900211334229 0.7909603714942932 0.7802047729492188 0.8010900616645813
0 0.15360595285892487 0.9061985015869141 0.1605406552553177 0.8985264301300049 0.17012418806552887 0.907188892364502 0.16318948566913605 0.9148609638214111
0 0.6618266701698303 0.5202889442443848 0.6625562310218811 0.5103006362915039 0.6744526028633118 0.5111695528030396 0.673723042011261 0.5211578607559204
0 0.1501602977514267 0.8894750475883484 0.15683017671108246 0.8807889819145203 0.1681293398141861 0.8894653916358948 0.16145946085453033 0.8981514573097229
0 -0.007531162351369858 0.8012901544570923 -0.0007874071598052979 0.7886226177215576 0.014066893607378006 0.7965304851531982 0.007323138415813446 0.8091980218887329
0 0.35545364022254944 0.9569007158279419 0.3573249876499176 0.9428801536560059 0.3694998323917389 0.9445052146911621 0.3676284849643707 0.9585257768630981
0 0.317368745803833 0.9828089475631714 0.32702112197875977 0.9730817079544067 0.3379754424095154 0.9839516878128052 0.3283230662345886 0.9936789274215698
1 0.7985982894897461 0.2346629500389099 0.8261169195175171 0.17391082644462585 0.8444797992706299 0.18222853541374207 0.8169611692428589 0.24298065900802612
1 0.9762925505638123 0.03798297420144081 0.9791870713233948 0.024681586772203445 1.011420726776123 0.031696122139692307 1.00852632522583 0.04499750956892967
1 0.7401707172393799 0.5631837248802185 0.7783749103546143 0.5380045771598816 0.7880959510803223 0.5527542233467102 0.7498917579650879 0.5779333710670471
1 0.5265068411827087 0.5242131948471069 0.5577048659324646 0.49114537239074707 0.5703124403953552 0.5030399560928345 0.5391144156455994 0.5361077785491943
0 0.6699803471565247 0.5826847553253174 0.6817761063575745 0.5812989473342896 0.6829851269721985 0.5915906429290771 0.6711893677711487 0.592976450920105
