0 0.5158548355102539 0.45918163657188416 0.5244925022125244 0.45099911093711853 0.537051796913147 0.4642569124698639 0.5284141302108765 0.4724394381046295
0 0.5685916543006897 0.44512102007865906 0.5761780142784119 0.4341486394405365 0.5911118388175964 0.4444739520549774 0.5835254788398743 0.4554463326931
0 0.4670735001564026 0.4276137053966522 0.4855281710624695 0.42437365651130676 0.4875747561454773 0.43603047728538513 0.4691200852394104 0.4392705261707306
0 0.5201925039291382 0.49382731318473816 0.5320217609405518 0.4884158670902252 0.538058876991272 0.5016130208969116 0.5262296199798584 0.5070244073867798
0 0.5693729519844055 0.49207428097724915 0.5733725428581238 0.48116037249565125 0.5929867625236511 0.4883483350276947 0.5889871716499329 0.4992622435092926
0 0.8643752336502075 0.6112139821052551 0.8735723495483398 0.6010972857475281 0.8875347375869751 0.6137905716896057 0.8783376216888428 0.6239072680473328
0 0.8392940759658813 0.5877819061279297 0.8464583158493042 0.5801173448562622 0.8567405939102173 0.5897283554077148 0.8495763540267944 0.5973929166793823
0 0.8273699283599854 0.5670013427734375 0.8339985609054565 0.5590354204177856 0.8449065685272217 0.5681122541427612 0.8382779359817505 0.5760781764984131
0 0.7995643615722656 0.5674548149108887 0.8075321912765503 0.5592916011810303 0.8197702169418335 0.5712368488311768 0.8118023872375488 0.5794000625610352
0 0.7881612777709961 0.6060105562210083 0.799177885055542 0.5990314483642578 0.8111143112182617 0.617872953414917 0.8000977039337158 0.6248520612716675
0 0.8150675296783447 0.6136727929115295 0.8206665515899658 0.6045215725898743 0.8336794376373291 0.6124834418296814 0.828080415725708 0.6216346621513367
0 0.8375218510627747 0.607572615146637 0.843649685382843 0.5997691750526428 0.854194700717926 0.6080498099327087 0.8480668663978577 0.6158532500267029
0 0.794060468673706 0.6506890654563904 0.8010052442550659 0.6424362063407898 0.8120589256286621 0.6517377495765686 0.8051141500473022 0.6599906086921692
0 0.8088215589523315 0.24931903183460236 0.8167343139648438 0.23686666786670685 0.8264820575714111 0.24306081235408783 0.8185693025588989 0.25551319122314453
