0 0.06976993381977081 0.9668985605239868 0.08599326014518738 0.9594738483428955 0.10394670069217682 0.9987026453018188 0.08772337436676025 1.0061273574829102
0 0.8531930446624756 0.8337681293487549 0.8710533380508423 0.8265969753265381 0.891271710395813 0.8769524097442627 0.8734114170074463 0.8841235637664795
0 0.9703294634819031 0.986974835395813 0.9848728775978088 0.9510539770126343 0.999284565448761 0.9568889141082764 0.9847411513328552 0.9928097724914551
0 0.902707576751709 0.9547967910766602 0.9371155500411987 0.9288750886917114 0.945665717124939 0.9402244091033936 0.9112577438354492 0.9661461114883423
0 0.9249262809753418 0.9721634387969971 0.9428067207336426 0.945257306098938 0.9547125101089478 0.9531692266464233 0.936832070350647 0.9800753593444824
0 0.36293813586235046 0.9216315746307373 0.3745556175708771 0.9124518632888794 0.39601626992225647 0.9396116733551025 0.38439878821372986 0.9487913846969604
0 0.5599015355110168 0.6228396892547607 0.5640828013420105 0.6090284585952759 0.6136986613273621 0.6240494251251221 0.6095173954963684 0.6378606557846069
0 0.35603877902030945 0.6163362860679626 0.3610020577907562 0.6035856604576111 0.39140716195106506 0.6154211163520813 0.3864438831806183 0.6281717419624329
0 0.47229617834091187 0.7613991498947144 0.4813135862350464 0.7515175342559814 0.49972790479660034 0.7683213949203491 0.4907104969024658 0.778203010559082
0 0.743307888507843 0.6581313610076904 0.7477002739906311 0.6461987495422363 0.7739591002464294 0.6558647155761719 0.7695667147636414 0.667797327041626
0 0.024323362857103348 0.5446529388427734 0.027986112982034683 0.5337947607040405 0.04496951773762703 0.539523720741272 0.041306767612695694 0.5503818988800049
0 0.04362012445926666 0.4802858233451843 0.049390457570552826 0.47001880407333374 0.06745809316635132 0.4801732897758484 0.061687760055065155 0.490440309047699
0 0.5295361280441284 0.5373493432998657 0.5324236154556274 0.5254553556442261 0.549538254737854 0.5296101570129395 0.546650767326355 0.5415041446685791
0 0.7366517186164856 0.6424219012260437 0.7462345957756042 0.6374172568321228 0.7530800700187683 0.6505250334739685 0.7434971928596497 0.6555296778678894
0 0.9619467258453369 0.9853173494338989 0.9776136875152588 0.9457094669342041 0.9914082288742065 0.9511659145355225 0.9757412672042847 0.9907737970352173
