0 0.7450020909309387 0.9763312935829163 0.7566203474998474 0.9759138226509094 0.7571149468421936 0.9896780848503113 0.7454966902732849 0.9900955557823181
0 0.7699874639511108 0.9649122953414917 0.7781695127487183 0.9502079486846924 0.7883174419403076 0.9558546543121338 0.7801353931427002 0.9705590009689331
0 0.7857539057731628 0.9875819683074951 0.7968526482582092 0.9854718446731567 0.7997131943702698 1.0005176067352295 0.7886144518852234 1.0026277303695679
0 0.8823063373565674 0.9854720830917358 0.8828749656677246 0.9710458517074585 0.8938262462615967 0.9714775085449219 0.8932576179504395 0.9859037399291992
0 0.8062760233879089 0.9898736476898193 0.8157191872596741 0.9757214784622192 0.8252323269844055 0.9820692539215088 0.8157891631126404 0.9962214231491089
0 0.898533284664154 0.9733384251594543 0.9102609753608704 0.9633792042732239 0.9175055623054504 0.971910297870636 0.9057778716087341 0.9818695187568665
0 0.9062591791152954 0.989478349685669 0.90803062915802 0.9756019115447998 0.918792724609375 0.9769757986068726 0.9170212745666504 0.9908522367477417
0 0.9432839751243591 0.9770398139953613 0.9540935158729553 0.9768521785736084 0.9543270468711853 0.9903053045272827 0.9435175061225891 0.9904929399490356
0 0.7573098540306091 0.9905226230621338 0.7669916749000549 0.9802244901657104 0.7746919989585876 0.9874639511108398 0.7650101780891418 0.9977620840072632
0 0.7655085325241089 0.9726933836936951 0.780171275138855 0.9646807312965393 0.7853254079818726 0.9741125702857971 0.7706626653671265 0.9821252226829529
0 0.8661508560180664 0.9996355175971985 0.8789529800415039 0.9899313449859619 0.8853833675384521 0.9984146952629089 0.8725812435150146 1.0081188678741455
0 0.7664496302604675 0.9523685574531555 0.7680608630180359 0.9417420029640198 0.7789482474327087 0.943392813205719 0.7773370146751404 0.9540193676948547
0 0.7720379829406738 0.9391350746154785 0.7790971994400024 0.9280223846435547 0.7879098653793335 0.9336205720901489 0.7808506488800049 0.9447332620620728
0 0.7331557869911194 0.9553991556167603 0.7346388697624207 0.9442204236984253 0.7443069815635681 0.9455029964447021 0.7428238987922668 0.9566817283630371
0 0.8007105588912964 0.9538827538490295 0.8015007972717285 0.9404810070991516 0.8123914003372192 0.9411231875419617 0.8116011619567871 0.9545249342918396
0 0.7875509858131409 0.9633703231811523 0.7947008013725281 0.9524935483932495 0.8035690188407898 0.9583230018615723 0.7964192032814026 0.9691997766494751
0 0.774093747138977 0.9489750862121582 0.783899188041687 0.9471868276596069 0.7858699560165405 0.9579925537109375 0.7760645151138306 0.9597808122634888
0 0.8053030967712402 0.943738579750061 0.8091721534729004 0.9317011833190918 0.8195964097976685 0.935051679611206 0.8157273530960083 0.9470890760421753
0 0.8248586654663086 0.9395451545715332 0.8313169479370117 0.9292538166046143 0.8399959802627563 0.9347002506256104 0.8335376977920532 0.9449915885925293
0 0.8260222673416138 0.95535808801651 0.8271305561065674 0.9422439932823181 0.8381963968276978 0.943179190158844 0.8370881080627441 0.9562932848930359
0 0.8527258038520813 0.9543986916542053 0.8589170575141907 0.9422106146812439 0.8686067461967468 0.9471327662467957 0.8624154925346375 0.9593208432197571
0 0.8684666752815247 0.951481282711029 0.874657928943634 0.9392932057380676 0.8843476176261902 0.9442153573036194 0.8781563639640808 0.9564034342765808
0 0.8794283866882324 0.9501771926879883 0.8856570720672607 0.9379985332489014 0.8953187465667725 0.9429398775100708 0.8890900611877441 0.9551185369491577
0 0.867716908454895 0.9632745981216431 0.8739081621170044 0.9510860443115234 0.8835979700088501 0.9560079574584961 0.8774067163467407 0.9681965112686157
0 0.8708574175834656 0.9407336711883545 0.8770861029624939 0.9285550117492676 0.8867477774620056 0.933496356010437 0.8805190920829773 0.9456750154495239
0 0.8845334053039551 0.9287094473838806 0.8907246589660645 0.916520893573761 0.9004144668579102 0.9214428067207336 0.8942232131958008 0.9336313605308533
0 0.8937726616859436 0.9352509379386902 0.8999605774879456 0.9230688214302063 0.9096373915672302 0.9279841780662537 0.9034494757652283 0.9401662945747375
0 0.905158281326294 0.9322574138641357 0.9113869667053223 0.9200787544250488 0.921048641204834 0.9250200986862183 0.9148199558258057 0.9371987581253052
0 0.9105843901634216 0.9211093187332153 0.91681307554245 0.9089306592941284 0.9264747500419617 0.9138720035552979 0.9202460646629333 0.9260506629943848
0 0.9069064855575562 0.9503605365753174 0.9130942821502686 0.9381786584854126 0.9227710962295532 0.94309401512146 0.9165832996368408 0.9552758932113647
0 0.8681407570838928 0.9760349988937378 0.8743320107460022 0.9638464450836182 0.8840218186378479 0.9687683582305908 0.8778305649757385 0.9809569120407104
0 0.8399179577827454 0.9741770029067993 0.8461092114448547 0.9619884490966797 0.8557990193367004 0.9669103622436523 0.8496077656745911 0.979098916053772
0 0.8429651856422424 0.9862921833992004 0.8491564393043518 0.974104106426239 0.858846127986908 0.9790262579917908 0.8526548743247986 0.9912143349647522
0 0.8280833959579468 0.9971803426742554 0.8343120813369751 0.9850016832351685 0.8439737558364868 0.9899430274963379 0.8377450704574585 1.0021216869354248
0 0.8647839426994324 0.9901773929595947 0.8709751963615417 0.9779888391494751 0.8806650042533875 0.9829107522964478 0.8744737505912781 0.9950993061065674
0 0.9399012923240662 0.9237878322601318 0.9461180567741394 0.9115926027297974 0.9557870030403137 0.9165215492248535 0.9495702385902405 0.928716778755188
0 0.9540103673934937 0.9701240062713623 0.960239052772522 0.9579453468322754 0.9699007272720337 0.9628866910934448 0.9636720418930054 0.9750653505325317
0 0.9329620003700256 0.9635202288627625 0.939149796962738 0.9513383507728577 0.9488266110420227 0.956253707408905 0.9426388144493103 0.9684355854988098
0 0.8574025630950928 0.9329932928085327 0.8635938167572021 0.9208052158355713 0.8732835054397583 0.925727367401123 0.8670922517776489 0.9379154443740845
0 0.8365612626075745 0.933315634727478 0.8427525162696838 0.9211275577545166 0.85244220495224 0.9260497093200684 0.8462509512901306 0.9382377862930298
0 0.799653172492981 0.9777394533157349 0.8058444261550903 0.9655508995056152 0.815534234046936 0.9704728126525879 0.8093429803848267 0.9826613664627075
0 0.8139716386795044 0.9644726514816284 0.8202004432678223 0.9522942304611206 0.8298619985580444 0.9572358131408691 0.8236331939697266 0.969414234161377
0 0.8713021278381348 0.9254081845283508 0.8774900436401367 0.9132260680198669 0.8871668577194214 0.9181414246559143 0.8809789419174194 0.9303235411643982
0 0.8554890155792236 0.9313352108001709 0.8670655488967896 0.9313352108001709 0.8670655488967896 0.9457658529281616 0.8554890155792236 0.9457658529281616
0 0.8513785004615784 0.9731289148330688 0.8624719977378845 0.9623180627822876 0.8703779578208923 0.9704307317733765 0.8592844605445862 0.9812415838241577
0 0.8886920809745789 0.9633705615997314 0.8999277949333191 0.9554399251937866 0.9059186577796936 0.9639275074005127 0.8946829438209534 0.9718581438064575
0 0.9216773509979248 0.9761673808097839 0.9321643114089966 0.9637491106987 0.9402967691421509 0.9706167578697205 0.9298098087310791 0.9830350279808044
0 0.9260742664337158 0.9952647686004639 0.9346961975097656 0.9821425676345825 0.9440144300460815 0.9882651567459106 0.9353924989700317 1.001387357711792
0 0.8813616037368774 0.9932749271392822 0.8915503025054932 0.984594464302063 0.8985836505889893 0.9928499460220337 0.8883949518203735 1.001530408859253
0 0.9220424294471741 0.9258232116699219 0.9327659010887146 0.9232256412506104 0.9357113242149353 0.9353851079940796 0.9249878525733948 0.9379826784133911
0 0.9459627866744995 0.9266892075538635 0.9566088914871216 0.9260597825050354 0.9573514461517334 0.9386188387870789 0.9467053413391113 0.939248263835907
