0 0.04285377264022827 0.37073519825935364 0.04946689307689667 0.3581804931163788 0.0586836040019989 0.3630353510379791 0.052070483565330505 0.375590056180954
0 0.0478011891245842 0.3804607689380646 0.054611414670944214 0.37335827946662903 0.06400816887617111 0.3823683559894562 0.057197943329811096 0.3894708454608917
0 0.03363645821809769 0.3909057378768921 0.042416200041770935 0.3852807283401489 0.049606576561927795 0.396503746509552 0.04082683473825455 0.40212875604629517
0 0.051234714686870575 0.4108167290687561 0.06126841530203819 0.4077179431915283 0.06487532705068588 0.4193969964981079 0.054841626435518265 0.4224957823753357
0 0.3464827239513397 0.5919463634490967 0.3493378460407257 0.5826048851013184 0.36394599080085754 0.5870697498321533 0.36109086871147156 0.5964112281799316
0 0.3325822651386261 0.6218222975730896 0.33625271916389465 0.6122884154319763 0.3489823639392853 0.6171891093254089 0.3453119099140167 0.6267229914665222
0 0.3854818344116211 0.6056620478630066 0.3903862237930298 0.5970668196678162 0.40197843313217163 0.6036812663078308 0.39707404375076294 0.6122764945030212
0 0.47130700945854187 0.6185343265533447 0.4784843623638153 0.6105750799179077 0.48860999941825867 0.6197059154510498 0.48143264651298523 0.6276651620864868
0 0.47819578647613525 0.6298003196716309 0.47981756925582886 0.6201598644256592 0.49407726526260376 0.6225587129592896 0.49245548248291016 0.6321991682052612
0 0.5400490760803223 0.6507521867752075 0.5483509302139282 0.6437990665435791 0.5574064254760742 0.6546112298965454 0.5491045713424683 0.6615643501281738
0 0.7047821283340454 0.669546902179718 0.7148226499557495 0.6668328642845154 0.7179687023162842 0.6784713864326477 0.7079281806945801 0.6811854243278503
0 0.7114213705062866 0.6652195453643799 0.7197014093399048 0.6599169969558716 0.7265639305114746 0.6706329584121704 0.7182838916778564 0.6759355068206787
0 0.7403609156608582 0.6519558429718018 0.7491260170936584 0.6453680992126465 0.7575525641441345 0.6565797328948975 0.7487874627113342 0.6631674766540527
