0 0.9714937806129456 0.7504489421844482 0.9762988686561584 0.7346370220184326 0.9874444603919983 0.738024115562439 0.9826393723487854 0.7538360357284546
0 0.1284216195344925 0.5685908794403076 0.13261206448078156 0.5567786693572998 0.14935307204723358 0.5627176761627197 0.14516262710094452 0.5745298862457275
0 0.41333281993865967 0.8528510332107544 0.4205513596534729 0.8437416553497314 0.4335702061653137 0.8540581464767456 0.4263516664505005 0.8631675243377686
0 0.2204217165708542 0.8736433982849121 0.23864825069904327 0.8680312633514404 0.2420009821653366 0.8789199590682983 0.22377444803714752 0.88453209400177
0 0.09058765321969986 0.9070692658424377 0.09963879734277725 0.8947500586509705 0.10860606282949448 0.9013383984565735 0.09955491870641708 0.9136576056480408
0 0.01707278937101364 0.8774121999740601 0.03389572724699974 0.8716464042663574 0.037377163767814636 0.8818042278289795 0.020554225891828537 0.8875700235366821
0 0.40199145674705505 0.8784915804862976 0.4059407413005829 0.8687439560890198 0.42007461190223694 0.8744702935218811 0.4161253273487091 0.8842179179191589
0 0.36981481313705444 0.8953588604927063 0.3843614459037781 0.8952108025550842 0.3844679594039917 0.9056788086891174 0.36992132663726807 0.9058268666267395
0 0.042710863053798676 0.8462047576904297 0.04592859745025635 0.8358403444290161 0.0620761439204216 0.8408534526824951 0.05885840952396393 0.8512178659439087
0 -0.011267897672951221 0.8797814846038818 -0.0006304085254669189 0.8649433851242065 0.008937878534197807 0.8718029260635376 -0.0016996106132864952 0.8866410255432129
0 0.0888020396232605 0.8384259939193726 0.10383200645446777 0.8299463987350464 0.10929442942142487 0.8396284580230713 0.09426446259021759 0.8481080532073975
0 0.44285163283348083 0.8641543388366699 0.45419052243232727 0.8625577688217163 0.45623430609703064 0.8770726919174194 0.4448954164981842 0.878669261932373
0 0.9652678370475769 0.9551382660865784 0.9714615941047668 0.9435753226280212 0.9803267121315002 0.9483240246772766 0.9741329550743103 0.9598869681358337
0 0.3279957175254822 0.7168668508529663 0.34264618158340454 0.7125508785247803 0.3456331491470337 0.7226901054382324 0.33098268508911133 0.7270060777664185
0 0.06015767902135849 0.8890418410301208 0.07501982897520065 0.884882390499115 0.07793008536100388 0.8952810168266296 0.06306793540716171 0.8994404673576355
0 0.3869278132915497 0.8678356409072876 0.39282462000846863 0.8530877828598022 0.40307071805000305 0.857184648513794 0.3971739113330841 0.8719325065612793
0 0.2513810396194458 0.8746730089187622 0.25778114795684814 0.8631784915924072 0.2670908570289612 0.8683620691299438 0.26069074869155884 0.8798565864562988
0 0.1016671359539032 0.9389680027961731 0.11351978778839111 0.933811604976654 0.11760711669921875 0.9432068467140198 0.10575446486473083 0.9483632445335388
0 0.09019488841295242 0.922855019569397 0.0971718356013298 0.9102760553359985 0.10826870054006577 0.9164309501647949 0.10129175335168839 0.9290099143981934
0 0.12853975594043732 0.9660761952400208 0.1290438026189804 0.9537984728813171 0.14040060341358185 0.9542647004127502 0.13989655673503876 0.9665424227714539
0 0.16146288812160492 0.9862528443336487 0.1660279482603073 0.9743481278419495 0.1760624498128891 0.9781959652900696 0.1714973896741867 0.9901006817817688
0 0.11643505096435547 0.9761558771133423 0.12323285639286041 0.9691970348358154 0.13189207017421722 0.9776558876037598 0.12509426474571228 0.9846147298812866
0 0.2377249300479889 0.8904983997344971 0.2495429515838623 0.8881573677062988 0.2523685097694397 0.9024209976196289 0.24055048823356628 0.9047620296478271
0 0.6061731576919556 0.8491998910903931 0.6100924015045166 0.8358087539672852 0.6251442432403564 0.8402141332626343 0.6212249994277954 0.8536052703857422
0 0.6463382840156555 0.8471676111221313 0.6540704369544983 0.8403645753860474 0.6630730032920837 0.8505967855453491 0.655340850353241 0.8573998212814331
