0 0.7006829977035522 0.031162777915596962 0.7048623561859131 0.019189225509762764 0.714576244354248 0.022579854354262352 0.7103968858718872 0.0345534086227417
0 0.5483848452568054 0.38633519411087036 0.554170548915863 0.37771540880203247 0.5663601756095886 0.3858972191810608 0.560574471950531 0.3945170044898987
0 0.4742428958415985 0.2321695238351822 0.48745957016944885 0.23211051523685455 0.4875064790248871 0.2426137775182724 0.47428980469703674 0.24267278611660004
0 0.05477764084935188 0.17555148899555206 0.06585131585597992 0.16769804060459137 0.07187430560588837 0.17619068920612335 0.06080062687397003 0.18404413759708405
0 0.008751524612307549 0.16656512022018433 0.020620500668883324 0.15919449925422668 0.026152709499001503 0.16810306906700134 0.014283733442425728 0.17547369003295898
0 0.5792273879051208 0.22521521151065826 0.5815122723579407 0.21446023881435394 0.5983008742332458 0.21802695095539093 0.596015989780426 0.22878192365169525
0 0.45841822028160095 0.048616599291563034 0.459668904542923 0.03866815194487572 0.4724114239215851 0.04027009382843971 0.47116073966026306 0.05021854117512703
0 0.6056844592094421 0.263067364692688 0.6113249659538269 0.24848973751068115 0.6219395995140076 0.2525968551635742 0.6162990927696228 0.26717448234558105
0 0.5953675508499146 0.3567858636379242 0.5967382192611694 0.3466794788837433 0.6099096536636353 0.34846583008766174 0.6085389852523804 0.35857221484184265
0 0.8150482177734375 0.18457001447677612 0.815270185470581 0.17391079664230347 0.829487681388855 0.17420688271522522 0.8292657136917114 0.18486610054969788
0 0.8377585411071777 0.21095676720142365 0.8379784822463989 0.2006959170103073 0.8520140647888184 0.20099683105945587 0.8517941236495972 0.2112576812505722
0 0.8647876977920532 0.14722593128681183 0.8755099773406982 0.14582161605358124 0.877052903175354 0.15760205686092377 0.866330623626709 0.15900637209415436
0 0.43323814868927 0.24529334902763367 0.4528205394744873 0.2430979460477829 0.4540843367576599 0.25437092781066895 0.4345019459724426 0.2565663456916809
0 0.5183020234107971 0.2395133376121521 0.5186658501625061 0.2280094027519226 0.5387819409370422 0.22864556312561035 0.5384181141853333 0.24014949798583984
0 0.4872742295265198 0.2554832100868225 0.5049797892570496 0.25454622507095337 0.5055295825004578 0.2649352550506592 0.487824022769928 0.2658722400665283
0 0.5458968281745911 0.25028982758522034 0.547069251537323 0.23903979361057281 0.5675029158592224 0.241169273853302 0.5663304924964905 0.25241929292678833
0 0.5230538249015808 0.27633577585220337 0.5284212231636047 0.26639819145202637 0.5447434782981873 0.2752140164375305 0.5393760800361633 0.2851516008377075
0 0.5568463802337646 0.27278658747673035 0.5634816884994507 0.26368650794029236 0.5770596265792847 0.2735867202281952 0.5704243183135986 0.2826867997646332
0 0.5106942057609558 0.23594599962234497 0.5216959118843079 0.22801557183265686 0.527617871761322 0.2362309694290161 0.51661616563797 0.24416139721870422
0 0.5153257250785828 0.3631293773651123 0.5210592150688171 0.35378897190093994 0.5385457873344421 0.3645228147506714 0.5328122973442078 0.37386322021484375
0 0.5864546895027161 0.37596800923347473 0.5906293988227844 0.36659708619117737 0.6038380265235901 0.37248143553733826 0.5996633172035217 0.3818523585796356
0 0.658893346786499 0.27847152948379517 0.6637541055679321 0.264323353767395 0.674767017364502 0.26810699701309204 0.6699062585830688 0.2822551727294922
0 0.6304936408996582 0.2442668080329895 0.6322282552719116 0.23328018188476562 0.6505672931671143 0.23617568612098694 0.6488326787948608 0.24716231226921082
0 -0.004910513758659363 0.15847863256931305 0.0040046051144599915 0.15025277435779572 0.011002037674188614 0.15783654153347015 0.0020869183354079723 0.1660623997449875
0 0.07681605219841003 0.20641037821769714 0.08758276700973511 0.19816040992736816 0.09395171701908112 0.2064722776412964 0.08318500220775604 0.21472224593162537
0 0.08562906831502914 0.22269655764102936 0.09888536483049393 0.21732108294963837 0.10282512754201889 0.22703684866428375 0.08956883102655411 0.23241232335567474
0 -0.008370447903871536 0.12433871626853943 0.0069225081242620945 0.12433871626853943 0.006922508589923382 0.1398737132549286 -0.008370447903871536 0.1398737132549286
0 0.13623084127902985 0.04870684817433357 0.14766032993793488 0.0401330403983593 0.15417705476284027 0.04882028326392174 0.14274756610393524 0.05739409103989601
1 0.30968549847602844 0.04855966567993164 0.32584211230278015 0.030525565147399902 0.3363390862941742 0.039929717779159546 0.3201824724674225 0.057963818311691284
