0 0.216796875 0.916015625 0.232421875 0.916015625 0.232421875 0.931640625 0.216796875 0.931640625
0 0.21875 0.923828125 0.234375 0.923828125 0.234375 0.939453125 0.21875 0.939453125
0 0.220703125 0.896484375 0.236328125 0.896484375 0.236328125 0.912109375 0.220703125 0.912109375
0 0.220703125 0.939453125 0.236328125 0.939453125 0.236328125 0.955078125 0.220703125 0.955078125
0 0.224609375 0.884765625 0.240234375 0.884765625 0.240234375 0.900390625 0.224609375 0.900390625
0 0.228515625 0.9296875 0.244140625 0.9296875 0.244140625 0.9453125 0.228515625 0.9453125
0 0.232421875 0.958984375 0.248046875 0.958984375 0.248046875 0.974609375 0.232421875 0.974609375
0 0.234375 0.873046875 0.25 0.873046875 0.25 0.888671875 0.234375 0.888671875
0 0.236328125 0.923828125 0.251953125 0.923828125 0.251953125 0.939453125 0.236328125 0.939453125
0 0.2421875 0.908203125 0.2578125 0.908203125 0.2578125 0.923828125 0.2421875 0.923828125
0 0.24609375 0.859375 0.26171875 0.859375 0.26171875 0.875 0.24609375 0.875
0 0.25 0.88671875 0.265625 0.88671875 0.265625 0.90234375 0.25 0.90234375
0 0.26171875 0.978515625 0.27734375 0.978515625 0.27734375 0.994140625 0.26171875 0.994140625
0 0.271484375 0.861328125 0.287109375 0.861328125 0.287109375 0.876953125 0.271484375 0.876953125
0 0.2734375 0.6328125 0.2890625 0.6328125 0.2890625 0.6484375 0.2734375 0.6484375
0 0.2734375 0.984375 0.2890625 0.984375 0.2890625 1.0 0.2734375 1.0
0 0.27734375 0.8671875 0.29296875 0.8671875 0.29296875 0.8828125 0.27734375 0.8828125
0 0.279296875 0.701171875 0.294921875 0.701171875 0.294921875 0.716796875 0.279296875 0.716796875
0 0.283203125 0.40625 0.298828125 0.40625 0.298828125 0.421875 0.283203125 0.421875
0 0.283203125 0.646484375 0.298828125 0.646484375 0.298828125 0.662109375 0.283203125 0.662109375
0 0.283203125 0.6640625 0.298828125 0.6640625 0.298828125 0.6796875 0.283203125 0.6796875
0 0.021484375 0.19140625 0.037109375 0.19140625 0.037109375 0.20703125 0.021484375 0.20703125
0 0.291015625 0.71875 0.306640625 0.71875 0.306640625 0.734375 0.291015625 0.734375
0 0.296875 0.6171875 0.3125 0.6171875 0.3125 0.6328125 0.296875 0.6328125
0 0.296875 0.634765625 0.3125 0.634765625 0.3125 0.650390625 0.296875 0.650390625
0 0.30078125 0.62890625 0.31640625 0.62890625 0.31640625 0.64453125 0.30078125 0.64453125
0 0.46875 0.486328125 0.484375 0.486328125 0.484375 0.501953125 0.46875 0.501953125
0 0.51953125 0.4296875 0.53515625 0.4296875 0.53515625 0.4453125 0.51953125 0.4453125
0 0.537109375 0.9453125 0.552734375 0.9453125 0.552734375 0.9609375 0.537109375 0.9609375
0 0.130859375 0.568359375 0.146484375 0.568359375 0.146484375 0.583984375 0.130859375 0.583984375
1 0.367872422968329 0.7912075823221114 0.3734605393088971 0.7698197563031277 0.3646905958304991 0.7675283843603227 0.359102479489931 0.7889162103793064
1 0.3254923824375036 0.45847010065450106 0.33082579067815393 0.44758581203894504 0.30619609317132207 0.4355170185433444 0.30086268493067175 0.4464013071589004
1 0.7699277143767129 0.6765968787797872 0.779969149869574 0.6710942830945611 0.7524822015473593 0.6209346067777689 0.7424407660544983 0.6264372024629951
