0 0.1875 0.296875 0.203125 0.296875 0.203125 0.3125 0.1875 0.3125
0 0.19140625 0.3125 0.20703125 0.3125 0.20703125 0.328125 0.19140625 0.328125
0 0.197265625 0.32421875 0.212890625 0.32421875 0.212890625 0.33984375 0.197265625 0.33984375
0 0.322265625 0.22265625 0.337890625 0.22265625 0.337890625 0.23828125 0.322265625 0.23828125
0 0.33203125 0.197265625 0.34765625 0.197265625 0.34765625 0.212890625 0.33203125 0.212890625
0 0.33203125 0.166015625 0.34765625 0.166015625 0.34765625 0.181640625 0.33203125 0.181640625
0 0.34375 0.16015625 0.359375 0.16015625 0.359375 0.17578125 0.34375 0.17578125
0 0.513671875 0.060546875 0.529296875 0.060546875 0.529296875 0.076171875 0.513671875 0.076171875
0 0.818359375 0.017578125 0.833984375 0.017578125 0.833984375 0.033203125 0.818359375 0.033203125
0 0.830078125 -0.0078125 0.845703125 -0.0078125 0.845703125 0.0078125 0.830078125 0.0078125
0 0.841796875 0.02734375 0.857421875 0.02734375 0.857421875 0.04296875 0.841796875 0.04296875
0 0.84765625 -0.0078125 0.86328125 -0.0078125 0.86328125 0.0078125 0.84765625 0.0078125
0 0.849609375 0.009765625 0.865234375 0.009765625 0.865234375 0.025390625 0.849609375 0.025390625
0 0.85546875 0.025390625 0.87109375 0.025390625 0.87109375 0.041015625 0.85546875 0.041015625
0 0.861328125 0.0 0.876953125 0.0 0.876953125 0.015625 0.861328125 0.015625
0 0.865234375 0.064453125 0.880859375 0.064453125 0.880859375 0.080078125 0.865234375 0.080078125
0 0.87109375 0.009765625 0.88671875 0.009765625 0.88671875 0.025390625 0.87109375 0.025390625
0 0.873046875 0.03515625 0.888671875 0.03515625 0.888671875 0.05078125 0.873046875 0.05078125
0 0.8828125 0.0078125 0.8984375 0.0078125 0.8984375 0.0234375 0.8828125 0.0234375
0 0.884765625 -0.005859375 0.900390625 -0.005859375 0.900390625 0.009765625 0.884765625 0.009765625
0 0.888671875 0.041015625 0.904296875 0.041015625 0.904296875 0.056640625 0.888671875 0.056640625
0 0.89453125 0.015625 0.91015625 0.015625 0.91015625 0.03125 0.89453125 0.03125
0 0.896484375 0.03125 0.912109375 0.03125 0.912109375 0.046875 0.896484375 0.046875
0 0.904296875 0.025390625 0.919921875 0.025390625 0.919921875 0.041015625 0.904296875 0.041015625
0 0.103515625 0.29296875 0.119140625 0.29296875 0.119140625 0.30859375 0.103515625 0.30859375
0 0.103515625 0.328125 0.119140625 0.328125 0.119140625 0.34375 0.103515625 0.34375
0 0.115234375 0.287109375 0.130859375 0.287109375 0.130859375 0.302734375 0.115234375 0.302734375
0 0.115234375 0.306640625 0.130859375 0.306640625 0.130859375 0.322265625 0.115234375 0.322265625
0 0.119140625 0.46484375 0.134765625 0.46484375 0.134765625 0.48046875 0.119140625 0.48046875
0 0.12109375 0.2734375 0.13671875 0.2734375 0.13671875 0.2890625 0.12109375 0.2890625
0 0.130859375 0.259765625 0.146484375 0.259765625 0.146484375 0.275390625 0.130859375 0.275390625
0 0.1328125 0.302734375 0.1484375 0.302734375 0.1484375 0.318359375 0.1328125 0.318359375
0 0.134765625 0.333984375 0.150390625 0.333984375 0.150390625 0.349609375 0.134765625 0.349609375
0 0.13671875 0.28125 0.15234375 0.28125 0.15234375 0.296875 0.13671875 0.296875
0 0.14453125 0.259765625 0.16015625 0.259765625 0.16015625 0.275390625 0.14453125 0.275390625
0 0.1484375 0.294921875 0.1640625 0.294921875 0.1640625 0.310546875 0.1484375 0.310546875
0 0.15234375 0.271484375 0.16796875 0.271484375 0.16796875 0.287109375 0.15234375 0.287109375
0 0.15234375 0.310546875 0.16796875 0.310546875 0.16796875 0.326171875 0.15234375 0.326171875
0 0.158203125 0.2578125 0.173828125 0.2578125 0.173828125 0.2734375 0.158203125 0.2734375
0 0.162109375 0.29296875 0.177734375 0.29296875 0.177734375 0.30859375 0.162109375 0.30859375
0 0.162109375 0.322265625 0.177734375 0.322265625 0.177734375 0.337890625 0.162109375 0.337890625
0 0.169921875 0.2734375 0.185546875 0.2734375 0.185546875 0.2890625 0.169921875 0.2890625
0 0.169921875 0.34765625 0.185546875 0.34765625 0.185546875 0.36328125 0.169921875 0.36328125
0 0.173828125 0.2890625 0.189453125 0.2890625 0.189453125 0.3046875 0.173828125 0.3046875
0 0.173828125 0.3046875 0.189453125 0.3046875 0.189453125 0.3203125 0.173828125 0.3203125
0 0.1796875 0.27734375 0.1953125 0.27734375 0.1953125 0.29296875 0.1796875 0.29296875
0 0.18359375 0.328125 0.19921875 0.328125 0.19921875 0.34375 0.18359375 0.34375
0 0.185546875 0.267578125 0.201171875 0.267578125 0.201171875 0.283203125 0.185546875 0.283203125
1 0.47803926023434173 0.4485893686540555 0.5400277554195747 0.43108861850935876 0.5356279656033658 0.41550435225887783 0.4736394704181328 0.4330051024035746
1 0.9465502859398333 0.39721956115910956 1.0001077057896115 0.3877421134357935 0.9976279376700911 0.37372884887507013 0.9440705178203127 0.3832062965983862
1 0.05268538988134911 0.6900748422274997 0.14776283020839676 0.6768159963300177 0.14541771018006752 0.6599994490017483 0.05034026985301988 0.6732582948992304
1 0.6795638739482682 0.1918481337500604 0.743323571541406 0.13983199954950712 0.732891207991429 0.1270443451928107 0.6691315103982912 0.17906047939336397
1 0.9600070463346583 0.22702802238679362 1.0014250278742818 0.21041561906328474 0.9966243757081884 0.19844665112280416 0.9552063941685648 0.21505905444631304
1 0.03563708943485857 0.6036605471138914 0.12235707475931137 0.5639114685533224 0.11581268030047773 0.549633658551697 0.029092694976024923 0.589382737112266
1 0.3312213917046615 0.4385185964199121 0.369047838591309 0.41625325563376747 0.36320562169255527 0.4063279502300208 0.3253791748059078 0.4285932910161654
1 0.4725832877757202 0.35832928206844855 0.5285167913660187 0.3077827376618401 0.5194771947262635 0.29777975294665765 0.463543691135965 0.3483262973532661
1 0.5897710388556696 0.2578746217122551 0.6325064451015436 0.20484613540198016 0.6216779882057928 0.19611953321785963 0.5789425819599188 0.2491480195281346
1 0.8467536276241944 0.09673235698045458 0.8679810852394062 0.08858530111516165 0.8644588882067993 0.07940808551012311 0.8432314305915874 0.08755514137541605
1 0.9974631725664546 0.44101978995704694 0.999633539313077 0.42897052744998365 0.9866684020642827 0.42663518927192645 0.9844980353176603 0.43868445177898974
1 0.9489640110478184 0.09793416011229998 0.9723843212508385 0.089518218735628 0.9690647012248257 0.08028021109207624 0.9456443910218055 0.08869615246874822
