0 0.0234375 0.37109375 0.0390625 0.37109375 0.0390625 0.38671875 0.0234375 0.38671875
0 0.02734375 0.34375 0.04296875 0.34375 0.04296875 0.359375 0.02734375 0.359375
0 0.03125 0.7265625 0.046875 0.7265625 0.046875 0.7421875 0.03125 0.7421875
0 0.3828125 0.3046875 0.3984375 0.3046875 0.3984375 0.3203125 0.3828125 0.3203125
0 0.404296875 0.794921875 0.419921875 0.794921875 0.419921875 0.810546875 0.404296875 0.810546875
0 0.41796875 0.3203125 0.43359375 0.3203125 0.43359375 0.3359375 0.41796875 0.3359375
0 0.458984375 0.296875 0.474609375 0.296875 0.474609375 0.3125 0.458984375 0.3125
0 0.630859375 0.666015625 0.646484375 0.666015625 0.646484375 0.681640625 0.630859375 0.681640625
1 0.11284201798434437 0.6742427317851317 0.11377744517420485 0.6595457208515486 0.05924335660939037 0.6560747654682862 0.05830792941952989 0.6707717764018694
1 0.12320702405768554 0.5332116049701071 0.1531646698283115 0.5215780201350099 0.14751345781487307 0.5070255833691263 0.1175558120442471 0.5186591682042235
