0 0.80859375 0.603515625 0.82421875 0.603515625 0.82421875 0.619140625 0.80859375 0.619140625
0 0.814453125 0.583984375 0.830078125 0.583984375 0.830078125 0.599609375 0.814453125 0.599609375
0 0.81640625 0.59375 0.83203125 0.59375 0.83203125 0.609375 0.81640625 0.609375
0 0.81640625 0.6171875 0.83203125 0.6171875 0.83203125 0.6328125 0.81640625 0.6328125
0 0.8203125 0.61328125 0.8359375 0.61328125 0.8359375 0.62890625 0.8203125 0.62890625
0 0.826171875 0.59375 0.841796875 0.59375 0.841796875 0.609375 0.826171875 0.609375
0 0.826171875 0.6015625 0.841796875 0.6015625 0.841796875 0.6171875 0.826171875 0.6171875
0 0.830078125 0.578125 0.845703125 0.578125 0.845703125 0.59375 0.830078125 0.59375
0 0.830078125 0.587890625 0.845703125 0.587890625 0.845703125 0.603515625 0.830078125 0.603515625
0 0.830078125 0.625 0.845703125 0.625 0.845703125 0.640625 0.830078125 0.640625
0 0.83203125 0.611328125 0.84765625 0.611328125 0.84765625 0.626953125 0.83203125 0.626953125
0 0.833984375 0.583984375 0.849609375 0.583984375 0.849609375 0.599609375 0.833984375 0.599609375
0 0.8359375 0.576171875 0.8515625 0.576171875 0.8515625 0.591796875 0.8359375 0.591796875
0 0.8359375 0.615234375 0.8515625 0.615234375 0.8515625 0.630859375 0.8359375 0.630859375
0 0.837890625 0.591796875 0.853515625 0.591796875 0.853515625 0.607421875 0.837890625 0.607421875
0 0.84375 0.62109375 0.859375 0.62109375 0.859375 0.63671875 0.84375 0.63671875
0 0.845703125 0.611328125 0.861328125 0.611328125 0.861328125 0.626953125 0.845703125 0.626953125
0 0.849609375 0.6015625 0.865234375 0.6015625 0.865234375 0.6171875 0.849609375 0.6171875
0 0.8515625 0.580078125 0.8671875 0.580078125 0.8671875 0.595703125 0.8515625 0.595703125
0 0.8515625 0.62109375 0.8671875 0.62109375 0.8671875 0.63671875 0.8515625 0.63671875
0 0.853515625 0.587890625 0.869140625 0.587890625 0.869140625 0.603515625 0.853515625 0.603515625
0 0.853515625 0.59765625 0.869140625 0.59765625 0.869140625 0.61328125 0.853515625 0.61328125
0 0.857421875 0.6015625 0.873046875 0.6015625 0.873046875 0.6171875 0.857421875 0.6171875
0 0.861328125 0.62109375 0.876953125 0.62109375 0.876953125 0.63671875 0.861328125 0.63671875
0 0.86328125 0.609375 0.87890625 0.609375 0.87890625 0.625 0.86328125 0.625
0 0.865234375 0.58984375 0.880859375 0.58984375 0.880859375 0.60546875 0.865234375 0.60546875
0 0.87109375 0.6015625 0.88671875 0.6015625 0.88671875 0.6171875 0.87109375 0.6171875
0 0.876953125 0.59765625 0.892578125 0.59765625 0.892578125 0.61328125 0.876953125 0.61328125
