0 0.322265625 0.740234375 0.337890625 0.740234375 0.337890625 0.755859375 0.322265625 0.755859375
0 0.646484375 0.560546875 0.662109375 0.560546875 0.662109375 0.576171875 0.646484375 0.576171875
0 0.689453125 0.62890625 0.705078125 0.62890625 0.705078125 0.64453125 0.689453125 0.64453125
0 0.732421875 0.689453125 0.748046875 0.689453125 0.748046875 0.705078125 0.732421875 0.705078125
0 0.833984375 0.736328125 0.849609375 0.736328125 0.849609375 0.751953125 0.833984375 0.751953125
0 0.849609375 0.755859375 0.865234375 0.755859375 0.865234375 0.771484375 0.849609375 0.771484375
0 0.849609375 0.779296875 0.865234375 0.779296875 0.865234375 0.794921875 0.849609375 0.794921875
0 0.857421875 0.794921875 0.873046875 0.794921875 0.873046875 0.810546875 0.857421875 0.810546875
0 0.86328125 0.810546875 0.87890625 0.810546875 0.87890625 0.826171875 0.86328125 0.826171875
0 0.865234375 0.755859375 0.880859375 0.755859375 0.880859375 0.771484375 0.865234375 0.771484375
0 0.873046875 0.767578125 0.888671875 0.767578125 0.888671875 0.783203125 0.873046875 0.783203125
0 0.876953125 0.794921875 0.892578125 0.794921875 0.892578125 0.810546875 0.876953125 0.810546875
0 0.880859375 0.81640625 0.896484375 0.81640625 0.896484375 0.83203125 0.880859375 0.83203125
0 0.890625 0.80078125 0.90625 0.80078125 0.90625 0.81640625 0.890625 0.81640625
0 0.89453125 0.814453125 0.91015625 0.814453125 0.91015625 0.830078125 0.89453125 0.830078125
0 0.90625 0.828125 0.921875 0.828125 0.921875 0.84375 0.90625 0.84375
0 0.908203125 0.78125 0.923828125 0.78125 0.923828125 0.796875 0.908203125 0.796875
0 0.91015625 0.818359375 0.92578125 0.818359375 0.92578125 0.833984375 0.91015625 0.833984375
0 0.912109375 0.833984375 0.927734375 0.833984375 0.927734375 0.849609375 0.912109375 0.849609375
0 0.916015625 0.818359375 0.931640625 0.818359375 0.931640625 0.833984375 0.916015625 0.833984375
0 0.919921875 0.802734375 0.935546875 0.802734375 0.935546875 0.818359375 0.919921875 0.818359375
0 0.923828125 0.83203125 0.939453125 0.83203125 0.939453125 0.84765625 0.923828125 0.84765625
0 0.9375 0.759765625 0.953125 0.759765625 0.953125 0.775390625 0.9375 0.775390625
0 0.94140625 0.82421875 0.95703125 0.82421875 0.95703125 0.83984375 0.94140625 0.83984375
0 0.9453125 0.80078125 0.9609375 0.80078125 0.9609375 0.81640625 0.9453125 0.81640625
0 0.953125 0.82421875 0.96875 0.82421875 0.96875 0.83984375 0.953125 0.83984375
0 0.962890625 0.806640625 0.978515625 0.806640625 0.978515625 0.822265625 0.962890625 0.822265625
0 0.970703125 0.83203125 0.986328125 0.83203125 0.986328125 0.84765625 0.970703125 0.84765625
0 0.984375 0.826171875 1.0 0.826171875 1.0 0.841796875 0.984375 0.841796875
0 0.98828125 0.95703125 1.00390625 0.95703125 1.00390625 0.97265625 0.98828125 0.97265625
1 0.49572173177594053 0.6175840382291617 0.5560272950636315 0.5967449753283502 0.5504606622517695 0.5806358571336923 0.49015509896407855 0.6014749200345038
1 0.6060268958400238 0.532222018337156 0.644156625195922 0.5238029215921769 0.6407620827366364 0.5084291838646873 0.6026323533807382 0.5168482806096664
1 0.2501580201573463 0.7142631374662559 0.3060533306229129 0.6768680602219536 0.29164569745587393 0.655332628601249 0.23575038699030731 0.6927277058455513
1 0.14291757665215862 0.8971477012024635 0.19228373616832636 0.8604787045034895 0.18219783582151997 0.8469004173888451 0.13283167630535223 0.8835694140878191
1 0.8494036649091717 0.6725078765890627 0.8604821734489031 0.6641091535216833 0.829801991142464 0.6236398275353879 0.8187234826027326 0.6320385506027674
1 0.9995310482947385 0.4674171946710995 1.0006178809384523 0.45017425936974503 0.9721851172478642 0.4483821250730106 0.9710982846041505 0.4656250603743651
1 0.12617280622520688 0.7508534647071017 0.1464599088821285 0.7054231676063087 0.13206983069381473 0.698997213736807 0.1117827280368931 0.7444275108376
1 0.28306977980321385 0.8091650481653406 0.30691617301631763 0.7825990783586713 0.29735154874140285 0.7740135912465856 0.27350515552829907 0.800579561053255
1 0.2085783787007578 0.802032699851396 0.2576262093394598 0.7670593050207626 0.24807321951434536 0.753661880226729 0.19902538887564336 0.7886352750573624
1 0.7153137891012524 0.5752262948717763 0.7552549552429667 0.5736792679028133 0.7546159394376354 0.5571811479863734 0.7146747732959212 0.5587281749553364
1 0.24448791380000268 0.8157825032805393 0.2639876526743128 0.7984614539418986 0.2551195896141514 0.788477941360574 0.23561985073984126 0.8057989906992147
1 0.15989205214406066 0.9143336749839491 0.1872932150853419 0.8886439414736297 0.17960795786951966 0.8804466985893541 0.1522067949282384 0.9061364320996735
1 0.768524559278422 0.6032606883595409 0.7747963153572601 0.5921360716032146 0.7556914965916341 0.5813652948786793 0.749419740512796 0.5924899116350056
