0 0.216796875 0.912109375 0.232421875 0.912109375 0.232421875 0.927734375 0.216796875 0.927734375
0 0.248046875 0.3828125 0.263671875 0.3828125 0.263671875 0.3984375 0.248046875 0.3984375
0 0.2734375 0.9375 0.2890625 0.9375 0.2890625 0.953125 0.2734375 0.953125
0 0.27734375 0.880859375 0.29296875 0.880859375 0.29296875 0.896484375 0.27734375 0.896484375
0 0.302734375 0.455078125 0.318359375 0.455078125 0.318359375 0.470703125 0.302734375 0.470703125
0 0.466796875 0.45703125 0.482421875 0.45703125 0.482421875 0.47265625 0.466796875 0.47265625
0 0.5 0.755859375 0.515625 0.755859375 0.515625 0.771484375 0.5 0.771484375
0 0.568359375 0.681640625 0.583984375 0.681640625 0.583984375 0.697265625 0.568359375 0.697265625
0 0.57421875 0.85546875 0.58984375 0.85546875 0.58984375 0.87109375 0.57421875 0.87109375
0 0.595703125 0.72265625 0.611328125 0.72265625 0.611328125 0.73828125 0.595703125 0.73828125
0 0.595703125 0.986328125 0.611328125 0.986328125 0.611328125 1.001953125 0.595703125 1.001953125
0 0.61328125 0.6953125 0.62890625 0.6953125 0.62890625 0.7109375 0.61328125 0.7109375
0 0.625 0.94140625 0.640625 0.94140625 0.640625 0.95703125 0.625 0.95703125
0 0.63671875 0.7421875 0.65234375 0.7421875 0.65234375 0.7578125 0.63671875 0.7578125
0 0.6484375 0.78515625 0.6640625 0.78515625 0.6640625 0.80078125 0.6484375 0.80078125
0 0.666015625 0.60546875 0.681640625 0.60546875 0.681640625 0.62109375 0.666015625 0.62109375
0 0.666015625 0.69921875 0.681640625 0.69921875 0.681640625 0.71484375 0.666015625 0.71484375
0 0.671875 0.572265625 0.6875 0.572265625 0.6875 0.587890625 0.671875 0.587890625
0 0.6796875 0.638671875 0.6953125 0.638671875 0.6953125 0.654296875 0.6796875 0.654296875
0 0.6875 0.529296875 0.703125 0.529296875 0.703125 0.544921875 0.6875 0.544921875
0 0.703125 0.595703125 0.71875 0.595703125 0.71875 0.611328125 0.703125 0.611328125
0 0.705078125 0.5625 0.720703125 0.5625 0.720703125 0.578125 0.705078125 0.578125
0 0.755859375 0.576171875 0.771484375 0.576171875 0.771484375 0.591796875 0.755859375 0.591796875
0 0.005859375 0.447265625 0.021484375 0.447265625 0.021484375 0.462890625 0.005859375 0.462890625
0 0.15234375 0.634765625 0.16796875 0.634765625 0.16796875 0.650390625 0.15234375 0.650390625
1 0.2634315626176453 0.5216638848232401 0.2642179275135012 0.5049504652507709 0.169305489822998 0.5004848435474264 0.16851912492714208 0.5171982631198956
1 0.40813636898256656 0.846469931747329 0.42387723249895837 0.7937694814241425 0.4100310194566119 0.7896338175278785 0.3942901559402201 0.842334267851065
1 0.5894721089607334 0.991673883985635 0.5945628441756373 0.980750275087198 0.563788122057333 0.9664083151110446 0.5586973868424291 0.9773319240094817
1 0.08938612372556802 0.7725601304066013 0.09483904695495367 0.7615330919603919 0.06774404316266898 0.7481344830501248 0.06229111993328333 0.7591615214963342
1 0.6130563501346206 0.6841997251558386 0.6185255551163559 0.6666167094842054 0.6094519611370469 0.6637943639707483 0.6039827561553116 0.6813773796423815
