0 0.30078125 0.48828125 0.31640625 0.48828125 0.31640625 0.50390625 0.30078125 0.50390625
0 0.36328125 0.064453125 0.37890625 0.064453125 0.37890625 0.080078125 0.36328125 0.080078125
0 0.390625 0.6171875 0.40625 0.6171875 0.40625 0.6328125 0.390625 0.6328125
0 0.5234375 0.9375 0.5390625 0.9375 0.5390625 0.953125 0.5234375 0.953125
0 0.6796875 0.70703125 0.6953125 0.70703125 0.6953125 0.72265625 0.6796875 0.72265625
0 0.68359375 0.677734375 0.69921875 0.677734375 0.69921875 0.693359375 0.68359375 0.693359375
0 0.68359375 0.71875 0.69921875 0.71875 0.69921875 0.734375 0.68359375 0.734375
0 0.69921875 0.4453125 0.71484375 0.4453125 0.71484375 0.4609375 0.69921875 0.4609375
0 0.705078125 0.76953125 0.720703125 0.76953125 0.720703125 0.78515625 0.705078125 0.78515625
0 0.71875 0.74609375 0.734375 0.74609375 0.734375 0.76171875 0.71875 0.76171875
0 0.744140625 0.85546875 0.759765625 0.85546875 0.759765625 0.87109375 0.744140625 0.87109375
