0 0.2109375 0.58203125 0.2265625 0.58203125 0.2265625 0.59765625 0.2109375 0.59765625
0 0.216796875 0.6328125 0.232421875 0.6328125 0.232421875 0.6484375 0.216796875 0.6484375
0 0.25 0.595703125 0.265625 0.595703125 0.265625 0.611328125 0.25 0.611328125
0 0.2890625 0.4921875 0.3046875 0.4921875 0.3046875 0.5078125 0.2890625 0.5078125
0 0.291015625 0.486328125 0.306640625 0.486328125 0.306640625 0.501953125 0.291015625 0.501953125
0 0.3359375 0.67578125 0.3515625 0.67578125 0.3515625 0.69140625 0.3359375 0.69140625
0 0.3515625 0.654296875 0.3671875 0.654296875 0.3671875 0.669921875 0.3515625 0.669921875
0 0.359375 0.517578125 0.375 0.517578125 0.375 0.533203125 0.359375 0.533203125
0 0.36328125 0.49609375 0.37890625 0.49609375 0.37890625 0.51171875 0.36328125 0.51171875
0 0.36328125 0.50390625 0.37890625 0.50390625 0.37890625 0.51953125 0.36328125 0.51953125
0 0.369140625 0.486328125 0.384765625 0.486328125 0.384765625 0.501953125 0.369140625 0.501953125
0 0.369140625 0.65234375 0.384765625 0.65234375 0.384765625 0.66796875 0.369140625 0.66796875
0 0.404296875 0.66796875 0.419921875 0.66796875 0.419921875 0.68359375 0.404296875 0.68359375
0 0.41015625 0.67578125 0.42578125 0.67578125 0.42578125 0.69140625 0.41015625 0.69140625
0 0.427734375 0.666015625 0.443359375 0.666015625 0.443359375 0.681640625 0.427734375 0.681640625
0 0.439453125 0.63671875 0.455078125 0.63671875 0.455078125 0.65234375 0.439453125 0.65234375
0 0.443359375 0.66015625 0.458984375 0.66015625 0.458984375 0.67578125 0.443359375 0.67578125
0 0.4453125 0.642578125 0.4609375 0.642578125 0.4609375 0.658203125 0.4453125 0.658203125
0 0.451171875 0.654296875 0.466796875 0.654296875 0.466796875 0.669921875 0.451171875 0.669921875
0 0.04296875 0.603515625 0.05859375 0.603515625 0.05859375 0.619140625 0.04296875 0.619140625
0 0.068359375 0.666015625 0.083984375 0.666015625 0.083984375 0.681640625 0.068359375 0.681640625
0 0.89453125 0.525390625 0.91015625 0.525390625 0.91015625 0.541015625 0.89453125 0.541015625
0 0.919921875 0.552734375 0.935546875 0.552734375 0.935546875 0.568359375 0.919921875 0.568359375
0 0.962890625 0.51953125 0.978515625 0.51953125 0.978515625 0.53515625 0.962890625 0.53515625
0 0.984375 0.318359375 1.0 0.318359375 1.0 0.333984375 0.984375 0.333984375
0 0.990234375 0.447265625 1.005859375 0.447265625 1.005859375 0.462890625 0.990234375 0.462890625
0 0.1328125 0.6484375 0.1484375 0.6484375 0.1484375 0.6640625 0.1328125 0.6640625
0 0.162109375 0.591796875 0.177734375 0.591796875 0.177734375 0.607421875 0.162109375 0.607421875
