0 0.0859375 0.001953125 0.1015625 0.001953125 0.1015625 0.017578125 0.0859375 0.017578125
1 0.20851451472856042 0.7449134497951378 0.2493920299248239 0.7164455667116302 0.24150010629080298 0.7051134199787269 0.2006225910945395 0.7335813030622346
1 0.09361343661275004 0.7697519781955229 0.12679930695724126 0.7461779699232223 0.119415635075902 0.7357837435833467 0.08622976473141078 0.7593577518556474
1 0.10108148117307367 0.03873501789927651 0.17222698095012426 0.023628364667547315 0.16905255059953986 0.008678234394787057 0.09790705082248927 0.023784887626516253
1 0.23122030741354804 0.43357639555539984 0.36742837426789365 0.3993920135828166 0.3625908469519915 0.3801168298283587 0.2263827800976459 0.4143012118009419
1 0.41673793274396215 0.2216247936197339 0.44491025696340797 0.21019754579972186 0.43954054635531153 0.19695925512828247 0.4113682221358657 0.2083865029482945
1 0.17530895031657556 0.49595753223976297 0.21935448885743425 0.4615627665571986 0.20987956963810583 0.44942929475227195 0.16583403109724715 0.48382406043483633
1 0.03931090315156216 0.4169963931977903 0.1686672998567687 0.3886890601601924 0.16297146598524814 0.36266073227523216 0.0336150692800416 0.39096806531283007
1 0.1718832977443324 0.35830659996727415 0.24421444509167153 0.3114532921390775 0.23561959188884632 0.2981847392394214 0.16328844454150718 0.34503804706761804
1 0.25816524802845686 0.7402697087573513 0.4141055217148216 0.6605629853169264 0.4043126624901894 0.6414039848995701 0.24837238880382465 0.721110708339995
1 0.6230865359415241 0.45156371544680646 0.7070537466633202 0.3904438908060937 0.6948936343084149 0.37373817015805194 0.6109264235866187 0.4348579947987647
1 0.7862096966077903 0.338979280439474 0.8917975218371075 0.28478641801156135 0.88198984257678 0.26567741588010607 0.7764020173474628 0.31987027830801873
1 0.5825362777815632 0.09910979160360583 0.6073688608968231 0.07981258898610474 0.5999730253113933 0.07029526642270795 0.5751404421961335 0.08959246904020904
1 0.18461377471834833 0.06889003552498388 0.269677822483793 0.0330957249889836 0.26328842788785284 0.017911530658583176 0.17822438012240815 0.053705841194583444
1 0.4390486349300754 0.23991033400714662 0.4426327839778571 0.25282080606604296 0.47540552074274756 0.24372258156013565 0.4718213716949661 0.23081210950123948
