0 0.291015625 0.447265625 0.306640625 0.447265625 0.306640625 0.462890625 0.291015625 0.462890625
0 0.345703125 0.59375 0.361328125 0.59375 0.361328125 0.609375 0.345703125 0.609375
0 0.388671875 0.01171875 0.404296875 0.01171875 0.404296875 0.02734375 0.388671875 0.02734375
0 0.85546875 0.056640625 0.87109375 0.056640625 0.87109375 0.072265625 0.85546875 0.072265625
0 0.966796875 0.19140625 0.982421875 0.19140625 0.982421875 0.20703125 0.966796875 0.20703125
1 0.4753262496259586 0.14486205511097733 0.5089995192872676 0.13073720283405976 0.5040438079568966 0.11892291970248398 0.4703705382955876 0.13304777197940154
1 0.6276604849854187 0.12928306399319603 0.7131199264949087 0.055623723000000215 0.7026467602690979 0.0434727734472947 0.6171873187596079 0.11713211444049051
1 0.9767655538476413 0.378164734738982 1.0033531252116528 0.36770140160841297 0.9987947536551053 0.3561184741080639 0.9722071822910939 0.36658180723863293
1 0.0005278365785854888 0.21319916557281446 0.03400395746333702 0.20382441156388828 0.03108295406153025 0.19339385915786791 -0.002393166823221283 0.2027686131667941
1 0.044238604916773915 0.19089093933659004 0.08119470879619431 0.1813462074407763 0.07866719333962333 0.171559958357044 0.04171108946020293 0.18110469025285772
1 0.04217144068471006 0.4189549445785467 0.04291263506881837 0.4088380043054312 0.020591326391782256 0.407202684911352 0.019850132007673934 0.41731962518446747
1 0.16641192013510164 0.4150562009275175 0.2234798720343199 0.4051309304901384 0.2214961511444241 0.3937250056803011 0.16442819924520585 0.40365027611768023
1 0.09574854651162792 0.4399646107178969 0.09648746229054857 0.41812894476354945 0.04254000011228969 0.41630337044309673 0.04180108433336906 0.4381390363974443
1 0.8766254848858269 0.02081553545937173 0.8786458800879761 0.010554034428531506 0.8498938613513557 0.004893026303795653 0.8478734661492066 0.015154527334635876
2 0.4316116243970077 0.3463192479019239 0.4455852418207035 0.3424618736103594 0.4345475762713273 0.3024771316642687 0.42057395884763144 0.3063345059558332
