0 0.32421875 0.98046875 0.33984375 0.98046875 0.33984375 0.99609375 0.32421875 0.99609375
0 0.380859375 0.302734375 0.396484375 0.302734375 0.396484375 0.318359375 0.380859375 0.318359375
0 0.50390625 0.888671875 0.51953125 0.888671875 0.51953125 0.904296875 0.50390625 0.904296875
0 0.52734375 0.771484375 0.54296875 0.771484375 0.54296875 0.787109375 0.52734375 0.787109375
0 0.55078125 0.91015625 0.56640625 0.91015625 0.56640625 0.92578125 0.55078125 0.92578125
0 0.556640625 0.048828125 0.572265625 0.048828125 0.572265625 0.064453125 0.556640625 0.064453125
0 0.56640625 0.36328125 0.58203125 0.36328125 0.58203125 0.37890625 0.56640625 0.37890625
0 0.6171875 0.75390625 0.6328125 0.75390625 0.6328125 0.76953125 0.6171875 0.76953125
0 0.6171875 0.849609375 0.6328125 0.849609375 0.6328125 0.865234375 0.6171875 0.865234375
0 0.642578125 0.173828125 0.658203125 0.173828125 0.658203125 0.189453125 0.642578125 0.189453125
0 0.654296875 0.806640625 0.669921875 0.806640625 0.669921875 0.822265625 0.654296875 0.822265625
0 0.65625 0.7734375 0.671875 0.7734375 0.671875 0.7890625 0.65625 0.7890625
0 0.666015625 0.783203125 0.681640625 0.783203125 0.681640625 0.798828125 0.666015625 0.798828125
0 0.66796875 0.80859375 0.68359375 0.80859375 0.68359375 0.82421875 0.66796875 0.82421875
0 0.69140625 0.833984375 0.70703125 0.833984375 0.70703125 0.849609375 0.69140625 0.849609375
0 0.732421875 0.037109375 0.748046875 0.037109375 0.748046875 0.052734375 0.732421875 0.052734375
0 0.732421875 0.625 0.748046875 0.625 0.748046875 0.640625 0.732421875 0.640625
0 0.736328125 0.728515625 0.751953125 0.728515625 0.751953125 0.744140625 0.736328125 0.744140625
0 0.763671875 0.578125 0.779296875 0.578125 0.779296875 0.59375 0.763671875 0.59375
0 0.765625 0.689453125 0.78125 0.689453125 0.78125 0.705078125 0.765625 0.705078125
0 0.779296875 0.7109375 0.794921875 0.7109375 0.794921875 0.7265625 0.779296875 0.7265625
0 0.78515625 0.462890625 0.80078125 0.462890625 0.80078125 0.478515625 0.78515625 0.478515625
0 0.791015625 0.744140625 0.806640625 0.744140625 0.806640625 0.759765625 0.791015625 0.759765625
0 0.79296875 0.5703125 0.80859375 0.5703125 0.80859375 0.5859375 0.79296875 0.5859375
0 0.802734375 0.296875 0.818359375 0.296875 0.818359375 0.3125 0.802734375 0.3125
0 0.806640625 0.73046875 0.822265625 0.73046875 0.822265625 0.74609375 0.806640625 0.74609375
0 0.80859375 0.443359375 0.82421875 0.443359375 0.82421875 0.458984375 0.80859375 0.458984375
0 0.8125 0.45703125 0.828125 0.45703125 0.828125 0.47265625 0.8125 0.47265625
0 0.818359375 0.615234375 0.833984375 0.615234375 0.833984375 0.630859375 0.818359375 0.630859375
0 0.830078125 0.240234375 0.845703125 0.240234375 0.845703125 0.255859375 0.830078125 0.255859375
0 0.837890625 0.654296875 0.853515625 0.654296875 0.853515625 0.669921875 0.837890625 0.669921875
0 0.845703125 0.056640625 0.861328125 0.056640625 0.861328125 0.072265625 0.845703125 0.072265625
0 0.84765625 0.443359375 0.86328125 0.443359375 0.86328125 0.458984375 0.84765625 0.458984375
0 0.84765625 0.69921875 0.86328125 0.69921875 0.86328125 0.71484375 0.84765625 0.71484375
0 0.8671875 0.64453125 0.8828125 0.64453125 0.8828125 0.66015625 0.8671875 0.66015625
0 0.869140625 0.591796875 0.884765625 0.591796875 0.884765625 0.607421875 0.869140625 0.607421875
0 0.8828125 0.578125 0.8984375 0.578125 0.8984375 0.59375 0.8828125 0.59375
0 0.884765625 0.591796875 0.900390625 0.591796875 0.900390625 0.607421875 0.884765625 0.607421875
0 0.890625 0.681640625 0.90625 0.681640625 0.90625 0.697265625 0.890625 0.697265625
0 0.892578125 0.640625 0.908203125 0.640625 0.908203125 0.65625 0.892578125 0.65625
0 0.912109375 0.591796875 0.927734375 0.591796875 0.927734375 0.607421875 0.912109375 0.607421875
0 0.91796875 0.29296875 0.93359375 0.29296875 0.93359375 0.30859375 0.91796875 0.30859375
0 0.927734375 0.6171875 0.943359375 0.6171875 0.943359375 0.6328125 0.927734375 0.6328125
0 0.9375 0.67578125 0.953125 0.67578125 0.953125 0.69140625 0.9375 0.69140625
0 0.943359375 0.552734375 0.958984375 0.552734375 0.958984375 0.568359375 0.943359375 0.568359375
0 0.947265625 0.2890625 0.962890625 0.2890625 0.962890625 0.3046875 0.947265625 0.3046875
0 0.9765625 0.5234375 0.9921875 0.5234375 0.9921875 0.5390625 0.9765625 0.5390625
0 0.9765625 0.6484375 0.9921875 0.6484375 0.9921875 0.6640625 0.9765625 0.6640625
1 0.6995615729355411 0.0642668083831417 0.7055541027791268 0.04899951995117835 0.6289679041839047 0.01893883938344842 0.622975374340319 0.03420612781541177
1 0.7591395885783568 0.09691948101687596 0.7606410336666446 0.08643450519455502 0.7252355306309327 0.08136444880795314 0.723734085542645 0.09184942463027408
1 0.11210712745770655 0.013764612465350668 0.11465171114378465 -0.0005325574266966254 0.0929592405261115 -0.004393342971055548 0.0904146568400334 0.009903826920991746
