0 0.1953125 0.275390625 0.2109375 0.275390625 0.2109375 0.291015625 0.1953125 0.291015625
0 0.310546875 0.591796875 0.326171875 0.591796875 0.326171875 0.607421875 0.310546875 0.607421875
0 0.037109375 0.650390625 0.052734375 0.650390625 0.052734375 0.666015625 0.037109375 0.666015625
0 0.052734375 0.560546875 0.068359375 0.560546875 0.068359375 0.576171875 0.052734375 0.576171875
0 0.078125 0.84765625 0.09375 0.84765625 0.09375 0.86328125 0.078125 0.86328125
0 0.080078125 0.4765625 0.095703125 0.4765625 0.095703125 0.4921875 0.080078125 0.4921875
0 0.0859375 0.6953125 0.1015625 0.6953125 0.1015625 0.7109375 0.0859375 0.7109375
0 0.095703125 0.796875 0.111328125 0.796875 0.111328125 0.8125 0.095703125 0.8125
0 0.12109375 0.490234375 0.13671875 0.490234375 0.13671875 0.505859375 0.12109375 0.505859375
0 0.134765625 0.58203125 0.150390625 0.58203125 0.150390625 0.59765625 0.134765625 0.59765625
0 0.140625 0.375 0.15625 0.375 0.15625 0.390625 0.140625 0.390625
0 0.154296875 0.296875 0.169921875 0.296875 0.169921875 0.3125 0.154296875 0.3125
0 0.185546875 0.646484375 0.201171875 0.646484375 0.201171875 0.662109375 0.185546875 0.662109375
1 0.5189247798381337 0.5864944516940622 0.5227149783717745 0.5747346422532147 0.4861290979923717 0.5629429758266897 0.4823388994587309 0.5747027852675373
1 0.29951752995234837 0.8006232818152426 0.313762587566486 0.770634369326274 0.3024328174712051 0.765252606055546 0.28818775985706746 0.7952415185445145
1 0.7766068193318783 0.3927795549858611 0.8066663138584809 0.3778341168273354 0.8011278894541325 0.3666947821151216 0.7710683949275299 0.38164022027364725
