0 0.228515625 0.275390625 0.244140625 0.275390625 0.244140625 0.291015625 0.228515625 0.291015625
0 0.2578125 0.03515625 0.2734375 0.03515625 0.2734375 0.05078125 0.2578125 0.05078125
0 0.03125 0.685546875 0.046875 0.685546875 0.046875 0.701171875 0.03125 0.701171875
0 0.53125 0.138671875 0.546875 0.138671875 0.546875 0.154296875 0.53125 0.154296875
0 0.8515625 0.16796875 0.8671875 0.16796875 0.8671875 0.18359375 0.8515625 0.18359375
0 0.08203125 0.2109375 0.09765625 0.2109375 0.09765625 0.2265625 0.08203125 0.2265625
0 0.953125 0.162109375 0.96875 0.162109375 0.96875 0.177734375 0.953125 0.177734375
0 0.103515625 0.279296875 0.119140625 0.279296875 0.119140625 0.294921875 0.103515625 0.294921875
0 0.111328125 0.45703125 0.126953125 0.45703125 0.126953125 0.47265625 0.111328125 0.47265625
1 0.17878257952010507 0.5329886162619619 0.19006945611465298 0.5279795615676512 0.17783466257774955 0.5004109656472178 0.16654778598320163 0.5054200203415284
1 0.20108681165603648 0.3666933417702523 0.2044746663090415 0.324217802488664 0.18996847427459707 0.3230607866858634 0.18658061962159206 0.3655363259674517
1 0.09152914107639276 0.4224336257009409 0.09754803933380232 0.3748213631093732 0.08424883066814459 0.37314014529896755 0.07822993241073503 0.42075240789053525
2 0.7937417546174143 0.04392727572559367 0.7968681932427454 0.029989218128776703 0.7403513328845813 0.017311949866765333 0.7372248942592502 0.031250007463582266
