0 0.69140625 0.69140625 0.70703125 0.69140625 0.70703125 0.70703125 0.69140625 0.70703125
0 0.80078125 0.7734375 0.81640625 0.7734375 0.81640625 0.7890625 0.80078125 0.7890625
1 0.7892378416167499 0.3392526982486317 0.8739069004280545 0.329028555123311 0.8712974939240216 0.30741931217312124 0.786628435112717 0.31764345529844196
1 0.9426971667400759 0.6906572740880248 0.9464958735198898 0.6657577865847211 0.8323401219256956 0.6483419973047975 0.8285414151458816 0.6732414848081012
1 0.8319486597226146 0.5360423909610956 0.8350737351388685 0.5100354094976012 0.66221199243803 0.4892638338619024 0.659086917021776 0.5152708153253969
1 0.9300759141202319 0.9175008276990947 1.0001548251850185 0.9117650014885524 0.9984633620028149 0.891099121183962 0.9283844509380283 0.8968349473945042
1 0.3751849803635326 0.35303035144830625 0.38115077636010436 0.32291802682059784 0.19070771601708264 0.2851878129956635 0.18474192002051087 0.3153001376233719
1 0.9118938760580046 0.7348900237222562 0.9125001582730519 0.7205273101838789 0.8860939426599519 0.719412644849216 0.8854876604449047 0.7337753583875932
1 0.16054266964381966 0.8627128060155581 0.22539508291965463 0.851214931604891 0.2225906225543615 0.8353967015451719 0.15773820927852653 0.846894575955839
1 0.7297266380431069 1.0033706310856596 0.8235628918344131 0.9729330490508025 0.8170336826203453 0.9528041001689181 0.723197428829039 0.9832416822037752
1 0.5481611027442443 0.6779867550071702 0.5900446983882366 0.668874135032895 0.5861702428139222 0.6510662893119826 0.5442866471699299 0.6601789092862579
1 0.73837434189823 0.9559971843328913 0.7896758822092724 0.9499797802908335 0.7879140482613769 0.9349592174920599 0.7366125079503345 0.9409766215341177
