1 0.9128984165917017 0.5612141980126222 0.9858041446576277 0.5092527066522903 0.9761213111152075 0.4956669913336913 0.9032155830492815 0.5476284826940232
1 0.4784561422548502 0.8098769146580207 0.5933734952114947 0.7200175440158638 0.5793632242002279 0.702100400291015 0.4644458712435834 0.7919597709331718
1 0.756539868367856 0.1268649862904475 0.8587135107174252 0.07425378297234482 0.8464821109641142 0.05049978030730028 0.744308468614545 0.10311098362540298
1 0.8745245908802487 0.07908891081861104 0.9770074436481714 0.06289687857663419 0.9733158374721073 0.039531909524883384 0.8708329847041846 0.055723941766860234
1 0.21051754069986156 0.6787601485002737 0.3276669085862301 0.6140582329069235 0.3177372662955303 0.5960796103727122 0.20058789840916175 0.6607815259660623
1 0.38638048532290803 0.33472959348260106 0.5954496925075251 0.25563190381669326 0.5874120080204452 0.23438687971533595 0.37834280083582816 0.31348456938124375
1 0.20671387059405344 0.7168175196467478 0.3501788948133543 0.6862229070205167 0.3459901656417559 0.6665810132206839 0.20252514142245504 0.697175625846915
1 0.5160358199594764 0.2280820145499991 0.5588067478230682 0.21353370575008795 0.5538301220418663 0.19890280223962797 0.5110591941782746 0.21345111103953912
1 0.07871540639750002 0.2287056607073381 0.1579761572956247 0.09806354983294824 0.136447049638114 0.08500181018652175 0.05718629873998931 0.21564392106091163
1 0.30412936945990493 0.49666866338302146 0.37489570599831495 0.4399818315206327 0.3624169156925304 0.42440364086578836 0.29165057915412035 0.4810904727281771
1 0.6674253826812425 0.3929062900874919 0.8395451149997785 0.35044455126065954 0.8328653687759718 0.32336803099176226 0.6607456364574359 0.3658297698185946
