0 0.19921875 0.912109375 0.21484375 0.912109375 0.21484375 0.927734375 0.19921875 0.927734375
0 0.19921875 0.96875 0.21484375 0.96875 0.21484375 0.984375 0.19921875 0.984375
0 0.2109375 0.94140625 0.2265625 0.94140625 0.2265625 0.95703125 0.2109375 0.95703125
0 0.015625 0.20703125 0.03125 0.20703125 0.03125 0.22265625 0.015625 0.22265625
0 0.23046875 0.935546875 0.24609375 0.935546875 0.24609375 0.951171875 0.23046875 0.951171875
0 0.271484375 0.94921875 0.287109375 0.94921875 0.287109375 0.96484375 0.271484375 0.96484375
0 0.021484375 0.2265625 0.037109375 0.2265625 0.037109375 0.2421875 0.021484375 0.2421875
0 0.296875 0.984375 0.3125 0.984375 0.3125 1.0 0.296875 1.0
0 0.3203125 0.982421875 0.3359375 0.982421875 0.3359375 0.998046875 0.3203125 0.998046875
0 0.025390625 0.14453125 0.041015625 0.14453125 0.041015625 0.16015625 0.025390625 0.16015625
0 0.029296875 0.2265625 0.044921875 0.2265625 0.044921875 0.2421875 0.029296875 0.2421875
0 0.033203125 0.19921875 0.048828125 0.19921875 0.048828125 0.21484375 0.033203125 0.21484375
0 0.03515625 0.21875 0.05078125 0.21875 0.05078125 0.234375 0.03515625 0.234375
0 0.03515625 0.12109375 0.05078125 0.12109375 0.05078125 0.13671875 0.03515625 0.13671875
0 0.49609375 0.041015625 0.51171875 0.041015625 0.51171875 0.056640625 0.49609375 0.056640625
0 0.04296875 0.146484375 0.05859375 0.146484375 0.05859375 0.162109375 0.04296875 0.162109375
0 0.51171875 0.462890625 0.52734375 0.462890625 0.52734375 0.478515625 0.51171875 0.478515625
0 0.044921875 0.2109375 0.060546875 0.2109375 0.060546875 0.2265625 0.044921875 0.2265625
0 0.048828125 0.193359375 0.064453125 0.193359375 0.064453125 0.208984375 0.048828125 0.208984375
0 0.052734375 0.166015625 0.068359375 0.166015625 0.068359375 0.181640625 0.052734375 0.181640625
0 0.669921875 0.734375 0.685546875 0.734375 0.685546875 0.75 0.669921875 0.75
0 0.1640625 0.91796875 0.1796875 0.91796875 0.1796875 0.93359375 0.1640625 0.93359375
1 0.55039066 0.21015626 0.5714844 0.19960938 0.6125 0.28164062 0.5914063 0.2921875
1 0.72625 0.3654687 0.73875004 0.35609373 0.76148444 0.3864062 0.7489844 0.3957812
