0 0.212890625 0.06640625 0.228515625 0.06640625 0.228515625 0.08203125 0.212890625 0.08203125
0 0.482421875 0.666015625 0.498046875 0.666015625 0.498046875 0.681640625 0.482421875 0.681640625
0 0.484375 0.041015625 0.5 0.041015625 0.5 0.056640625 0.484375 0.056640625
0 0.4921875 0.18359375 0.5078125 0.18359375 0.5078125 0.19921875 0.4921875 0.19921875
0 0.505859375 0.37109375 0.521484375 0.37109375 0.521484375 0.38671875 0.505859375 0.38671875
0 0.505859375 0.646484375 0.521484375 0.646484375 0.521484375 0.662109375 0.505859375 0.662109375
0 0.509765625 0.46484375 0.525390625 0.46484375 0.525390625 0.48046875 0.509765625 0.48046875
0 0.509765625 0.73046875 0.525390625 0.73046875 0.525390625 0.74609375 0.509765625 0.74609375
0 0.517578125 0.591796875 0.533203125 0.591796875 0.533203125 0.607421875 0.517578125 0.607421875
0 0.521484375 0.697265625 0.537109375 0.697265625 0.537109375 0.712890625 0.521484375 0.712890625
0 0.529296875 0.486328125 0.544921875 0.486328125 0.544921875 0.501953125 0.529296875 0.501953125
0 0.533203125 0.0234375 0.548828125 0.0234375 0.548828125 0.0390625 0.533203125 0.0390625
0 0.54296875 0.6328125 0.55859375 0.6328125 0.55859375 0.6484375 0.54296875 0.6484375
0 0.544921875 0.724609375 0.560546875 0.724609375 0.560546875 0.740234375 0.544921875 0.740234375
0 0.548828125 0.529296875 0.564453125 0.529296875 0.564453125 0.544921875 0.548828125 0.544921875
0 0.55078125 0.36328125 0.56640625 0.36328125 0.56640625 0.37890625 0.55078125 0.37890625
0 0.55078125 0.666015625 0.56640625 0.666015625 0.56640625 0.681640625 0.55078125 0.681640625
0 0.5546875 0.69140625 0.5703125 0.69140625 0.5703125 0.70703125 0.5546875 0.70703125
0 0.5546875 0.080078125 0.5703125 0.080078125 0.5703125 0.095703125 0.5546875 0.095703125
0 0.560546875 0.599609375 0.576171875 0.599609375 0.576171875 0.615234375 0.560546875 0.615234375
0 0.5625 0.45703125 0.578125 0.45703125 0.578125 0.47265625 0.5625 0.47265625
0 0.56640625 0.41796875 0.58203125 0.41796875 0.58203125 0.43359375 0.56640625 0.43359375
0 0.56640625 0.546875 0.58203125 0.546875 0.58203125 0.5625 0.56640625 0.5625
0 0.57421875 0.62109375 0.58984375 0.62109375 0.58984375 0.63671875 0.57421875 0.63671875
0 0.576171875 0.31640625 0.591796875 0.31640625 0.591796875 0.33203125 0.576171875 0.33203125
0 0.58203125 0.009765625 0.59765625 0.009765625 0.59765625 0.025390625 0.58203125 0.025390625
0 0.583984375 0.474609375 0.599609375 0.474609375 0.599609375 0.490234375 0.583984375 0.490234375
0 0.583984375 0.59765625 0.599609375 0.59765625 0.599609375 0.61328125 0.583984375 0.61328125
0 0.587890625 0.5625 0.603515625 0.5625 0.603515625 0.578125 0.587890625 0.578125
0 0.591796875 0.11328125 0.607421875 0.11328125 0.607421875 0.12890625 0.591796875 0.12890625
0 0.599609375 0.435546875 0.615234375 0.435546875 0.615234375 0.451171875 0.599609375 0.451171875
0 0.599609375 0.041015625 0.615234375 0.041015625 0.615234375 0.056640625 0.599609375 0.056640625
0 0.6015625 0.22265625 0.6171875 0.22265625 0.6171875 0.23828125 0.6015625 0.23828125
0 0.6015625 0.05859375 0.6171875 0.05859375 0.6171875 0.07421875 0.6015625 0.07421875
0 0.603515625 0.171875 0.619140625 0.171875 0.619140625 0.1875 0.603515625 0.1875
0 0.607421875 0.27734375 0.623046875 0.27734375 0.623046875 0.29296875 0.607421875 0.29296875
0 0.61328125 0.083984375 0.62890625 0.083984375 0.62890625 0.099609375 0.61328125 0.099609375
0 0.61328125 0.103515625 0.62890625 0.103515625 0.62890625 0.119140625 0.61328125 0.119140625
0 0.619140625 0.193359375 0.634765625 0.193359375 0.634765625 0.208984375 0.619140625 0.208984375
0 0.623046875 0.259765625 0.638671875 0.259765625 0.638671875 0.275390625 0.623046875 0.275390625
0 0.626953125 0.310546875 0.642578125 0.310546875 0.642578125 0.326171875 0.626953125 0.326171875
0 0.62890625 0.458984375 0.64453125 0.458984375 0.64453125 0.474609375 0.62890625 0.474609375
0 0.62890625 0.16015625 0.64453125 0.16015625 0.64453125 0.17578125 0.62890625 0.17578125
0 0.630859375 0.373046875 0.646484375 0.373046875 0.646484375 0.388671875 0.630859375 0.388671875
0 0.634765625 0.38671875 0.650390625 0.38671875 0.650390625 0.40234375 0.634765625 0.40234375
0 0.63671875 0.3359375 0.65234375 0.3359375 0.65234375 0.3515625 0.63671875 0.3515625
0 0.642578125 0.21484375 0.658203125 0.21484375 0.658203125 0.23046875 0.642578125 0.23046875
0 0.84375 0.25390625 0.859375 0.25390625 0.859375 0.26953125 0.84375 0.26953125
0 0.845703125 0.1640625 0.861328125 0.1640625 0.861328125 0.1796875 0.845703125 0.1796875
0 0.982421875 0.716796875 0.998046875 0.716796875 0.998046875 0.732421875 0.982421875 0.732421875
1 0.083984375 0.17382812 0.083984375 0.1171875 0.1015625 0.1171875 0.1015625 0.17382812
1 0.15199906 0.21231617 0.16693473 0.20335476 0.19157857 0.24442782 0.1766429 0.25338924
1 0.4411994 0.437454 0.44354317 0.42690712 0.47166815 0.43315715 0.46932438 0.443704
