0 -0.0078125 0.279296875 0.0078125 0.279296875 0.0078125 0.294921875 -0.0078125 0.294921875
0 -0.005859375 0.29296875 0.009765625 0.29296875 0.009765625 0.30859375 -0.005859375 0.30859375
0 0.1875 0.921875 0.203125 0.921875 0.203125 0.9375 0.1875 0.9375
0 0.1875 0.9375 0.203125 0.9375 0.203125 0.953125 0.1875 0.953125
0 0.1875 0.953125 0.203125 0.953125 0.203125 0.96875 0.1875 0.96875
0 0.19921875 0.947265625 0.21484375 0.947265625 0.21484375 0.962890625 0.19921875 0.962890625
0 0.201171875 0.91015625 0.216796875 0.91015625 0.216796875 0.92578125 0.201171875 0.92578125
0 0.21875 0.927734375 0.234375 0.927734375 0.234375 0.943359375 0.21875 0.943359375
0 0.21875 0.9609375 0.234375 0.9609375 0.234375 0.9765625 0.21875 0.9765625
0 0.22265625 0.91015625 0.23828125 0.91015625 0.23828125 0.92578125 0.22265625 0.92578125
0 0.224609375 0.947265625 0.240234375 0.947265625 0.240234375 0.962890625 0.224609375 0.962890625
0 0.232421875 0.931640625 0.248046875 0.931640625 0.248046875 0.947265625 0.232421875 0.947265625
0 0.236328125 0.89453125 0.251953125 0.89453125 0.251953125 0.91015625 0.236328125 0.91015625
0 0.240234375 0.970703125 0.255859375 0.970703125 0.255859375 0.986328125 0.240234375 0.986328125
0 0.2421875 0.912109375 0.2578125 0.912109375 0.2578125 0.927734375 0.2421875 0.927734375
0 0.25 0.87890625 0.265625 0.87890625 0.265625 0.89453125 0.25 0.89453125
0 0.25 0.9453125 0.265625 0.9453125 0.265625 0.9609375 0.25 0.9609375
0 0.2578125 0.89453125 0.2734375 0.89453125 0.2734375 0.91015625 0.2578125 0.91015625
0 0.26171875 0.87109375 0.27734375 0.87109375 0.27734375 0.88671875 0.26171875 0.88671875
0 0.26953125 0.875 0.28515625 0.875 0.28515625 0.890625 0.26953125 0.890625
0 0.28125 0.947265625 0.296875 0.947265625 0.296875 0.962890625 0.28125 0.962890625
0 0.2890625 0.91796875 0.3046875 0.91796875 0.3046875 0.93359375 0.2890625 0.93359375
0 0.294921875 0.884765625 0.310546875 0.884765625 0.310546875 0.900390625 0.294921875 0.900390625
0 0.296875 0.986328125 0.3125 0.986328125 0.3125 1.001953125 0.296875 1.001953125
0 0.30859375 0.865234375 0.32421875 0.865234375 0.32421875 0.880859375 0.30859375 0.880859375
0 0.310546875 0.931640625 0.326171875 0.931640625 0.326171875 0.947265625 0.310546875 0.947265625
0 0.3203125 0.873046875 0.3359375 0.873046875 0.3359375 0.888671875 0.3203125 0.888671875
0 0.32421875 0.984375 0.33984375 0.984375 0.33984375 1.0 0.32421875 1.0
0 0.330078125 0.875 0.345703125 0.875 0.345703125 0.890625 0.330078125 0.890625
0 0.337890625 0.966796875 0.353515625 0.966796875 0.353515625 0.982421875 0.337890625 0.982421875
0 0.345703125 0.927734375 0.361328125 0.927734375 0.361328125 0.943359375 0.345703125 0.943359375
0 0.35546875 0.869140625 0.37109375 0.869140625 0.37109375 0.884765625 0.35546875 0.884765625
0 0.365234375 0.94921875 0.380859375 0.94921875 0.380859375 0.96484375 0.365234375 0.96484375
0 0.369140625 0.87890625 0.384765625 0.87890625 0.384765625 0.89453125 0.369140625 0.89453125
0 0.373046875 0.900390625 0.388671875 0.900390625 0.388671875 0.916015625 0.373046875 0.916015625
0 0.37890625 0.873046875 0.39453125 0.873046875 0.39453125 0.888671875 0.37890625 0.888671875
0 0.38671875 0.8515625 0.40234375 0.8515625 0.40234375 0.8671875 0.38671875 0.8671875
0 0.38671875 0.8671875 0.40234375 0.8671875 0.40234375 0.8828125 0.38671875 0.8828125
0 0.38671875 0.875 0.40234375 0.875 0.40234375 0.890625 0.38671875 0.890625
0 0.390625 0.943359375 0.40625 0.943359375 0.40625 0.958984375 0.390625 0.958984375
0 0.39453125 0.8515625 0.41015625 0.8515625 0.41015625 0.8671875 0.39453125 0.8671875
0 0.39453125 0.89453125 0.41015625 0.89453125 0.41015625 0.91015625 0.39453125 0.91015625
0 0.396484375 0.916015625 0.412109375 0.916015625 0.412109375 0.931640625 0.396484375 0.931640625
0 0.400390625 0.90234375 0.416015625 0.90234375 0.416015625 0.91796875 0.400390625 0.91796875
0 0.033203125 0.294921875 0.048828125 0.294921875 0.048828125 0.310546875 0.033203125 0.310546875
0 0.40625 0.875 0.421875 0.875 0.421875 0.890625 0.40625 0.890625
0 0.408203125 0.85546875 0.423828125 0.85546875 0.423828125 0.87109375 0.408203125 0.87109375
0 0.408203125 0.896484375 0.423828125 0.896484375 0.423828125 0.912109375 0.408203125 0.912109375
0 0.421875 0.890625 0.4375 0.890625 0.4375 0.90625 0.421875 0.90625
0 0.423828125 0.880859375 0.439453125 0.880859375 0.439453125 0.896484375 0.423828125 0.896484375
0 0.427734375 0.853515625 0.443359375 0.853515625 0.443359375 0.869140625 0.427734375 0.869140625
0 0.435546875 0.8984375 0.451171875 0.8984375 0.451171875 0.9140625 0.435546875 0.9140625
0 0.439453125 0.9296875 0.455078125 0.9296875 0.455078125 0.9453125 0.439453125 0.9453125
0 0.447265625 0.873046875 0.462890625 0.873046875 0.462890625 0.888671875 0.447265625 0.888671875
0 0.451171875 0.912109375 0.466796875 0.912109375 0.466796875 0.927734375 0.451171875 0.927734375
0 0.45703125 0.8671875 0.47265625 0.8671875 0.47265625 0.8828125 0.45703125 0.8828125
0 0.0390625 0.267578125 0.0546875 0.267578125 0.0546875 0.283203125 0.0390625 0.283203125
0 0.462890625 0.9296875 0.478515625 0.9296875 0.478515625 0.9453125 0.462890625 0.9453125
0 0.46875 0.892578125 0.484375 0.892578125 0.484375 0.908203125 0.46875 0.908203125
0 0.470703125 0.876953125 0.486328125 0.876953125 0.486328125 0.892578125 0.470703125 0.892578125
0 0.474609375 0.859375 0.490234375 0.859375 0.490234375 0.875 0.474609375 0.875
0 0.4765625 0.849609375 0.4921875 0.849609375 0.4921875 0.865234375 0.4765625 0.865234375
0 0.4765625 0.900390625 0.4921875 0.900390625 0.4921875 0.916015625 0.4765625 0.916015625
0 0.482421875 0.888671875 0.498046875 0.888671875 0.498046875 0.904296875 0.482421875 0.904296875
0 0.490234375 0.904296875 0.505859375 0.904296875 0.505859375 0.919921875 0.490234375 0.919921875
0 0.4921875 0.85546875 0.5078125 0.85546875 0.5078125 0.87109375 0.4921875 0.87109375
0 0.4921875 0.869140625 0.5078125 0.869140625 0.5078125 0.884765625 0.4921875 0.884765625
0 0.494140625 0.923828125 0.509765625 0.923828125 0.509765625 0.939453125 0.494140625 0.939453125
0 0.04296875 0.25 0.05859375 0.25 0.05859375 0.265625 0.04296875 0.265625
0 0.57421875 0.16796875 0.58984375 0.16796875 0.58984375 0.18359375 0.57421875 0.18359375
0 -0.001953125 0.232421875 0.013671875 0.232421875 0.013671875 0.248046875 -0.001953125 0.248046875
0 0.591796875 0.28125 0.607421875 0.28125 0.607421875 0.296875 0.591796875 0.296875
0 0.67578125 0.33203125 0.69140625 0.33203125 0.69140625 0.34765625 0.67578125 0.34765625
0 0.69921875 0.32421875 0.71484375 0.32421875 0.71484375 0.33984375 0.69921875 0.33984375
0 0.064453125 0.275390625 0.080078125 0.275390625 0.080078125 0.291015625 0.064453125 0.291015625
0 0.06640625 0.2578125 0.08203125 0.2578125 0.08203125 0.2734375 0.06640625 0.2734375
0 0.736328125 0.140625 0.751953125 0.140625 0.751953125 0.15625 0.736328125 0.15625
0 0.869140625 0.578125 0.884765625 0.578125 0.884765625 0.59375 0.869140625 0.59375
0 0.080078125 0.306640625 0.095703125 0.306640625 0.095703125 0.322265625 0.080078125 0.322265625
0 0.93359375 0.560546875 0.94921875 0.560546875 0.94921875 0.576171875 0.93359375 0.576171875
0 0.9765625 0.89453125 0.9921875 0.89453125 0.9921875 0.91015625 0.9765625 0.91015625
0 0.09375 0.958984375 0.109375 0.958984375 0.109375 0.974609375 0.09375 0.974609375
0 0.095703125 0.25 0.111328125 0.25 0.111328125 0.265625 0.095703125 0.265625
0 0.111328125 0.2734375 0.126953125 0.2734375 0.126953125 0.2890625 0.111328125 0.2890625
0 0.12890625 0.21875 0.14453125 0.21875 0.14453125 0.234375 0.12890625 0.234375
0 0.134765625 0.98046875 0.150390625 0.98046875 0.150390625 0.99609375 0.134765625 0.99609375
0 0.142578125 0.923828125 0.158203125 0.923828125 0.158203125 0.939453125 0.142578125 0.939453125
0 0.142578125 0.982421875 0.158203125 0.982421875 0.158203125 0.998046875 0.142578125 0.998046875
0 0.0078125 0.244140625 0.0234375 0.244140625 0.0234375 0.259765625 0.0078125 0.259765625
0 0.1484375 0.181640625 0.1640625 0.181640625 0.1640625 0.197265625 0.1484375 0.197265625
0 0.150390625 0.978515625 0.166015625 0.978515625 0.166015625 0.994140625 0.150390625 0.994140625
0 0.162109375 0.974609375 0.177734375 0.974609375 0.177734375 0.990234375 0.162109375 0.990234375
0 0.169921875 0.955078125 0.185546875 0.955078125 0.185546875 0.970703125 0.169921875 0.970703125
0 0.181640625 0.958984375 0.197265625 0.958984375 0.197265625 0.974609375 0.181640625 0.974609375
0 0.185546875 0.98828125 0.201171875 0.98828125 0.201171875 1.00390625 0.185546875 1.00390625
1 0.7982772722159246 0.8934498341631666 0.824674126911626 0.8761384401065514 0.8169156179513117 0.8643080679822192 0.7905187632556103 0.8816194620388343
1 0.20346584054142802 0.08896097114189905 0.29693684583918867 0.054912782800584675 0.28947524098246724 0.03442876467601019 0.19600423568470657 0.06847695301732457
1 0.6989422143614624 0.9962881559223928 0.7735249037215465 0.9430466446718999 0.76133653510448 0.925972724547883 0.6867538457443959 0.979214235798376
1 0.9486304802683035 0.7398205910656366 0.9840157908807093 0.6757436445184448 0.9665480571004709 0.6660974110629645 0.9311627464880651 0.7301743576101563
1 0.3697697627332617 0.24141003777073608 0.3791495332679724 0.21431311297291336 0.36878167512150517 0.21072421382380738 0.35940190458679444 0.2378211386216301
1 0.5650403886680609 0.14648224340984725 0.5672392784376937 0.13550181116289803 0.5300752729530328 0.12805952204158402 0.5278763831834 0.13903995428853325
1 0.18072376469610385 0.13376994633867104 0.20683412136737117 0.10937444022399052 0.19866888900758573 0.10063524341390769 0.1725585323363184 0.1250307495285882
1 0.7291990613455623 0.882956075351813 0.7690346923689995 0.829687435976583 0.7582950497155339 0.821656060535333 0.7184594186920967 0.874924699910563
1 0.7827732984499197 1.0152050378343926 0.8175885942985958 0.9852910623953012 0.8067049558683176 0.9726241705396307 0.7718896600196415 1.0025381459787222
1 0.608540222163731 1.005837311125978 0.6366202331810897 0.9943061699673819 0.6321209220928607 0.9833496910560288 0.6040409110755021 0.9948808322146249
1 0.9282607145399921 0.6887491502854275 0.9354206955279835 0.6947799190759492 0.9197955218434501 0.7133307789084722 0.9126355408554588 0.7073000101179505
1 0.9621719068038238 0.8862872381796864 0.9673196040777199 0.8943043016782372 0.9908697281047129 0.8791829409361672 0.9857220308308168 0.8711658774376164
