0 0.197265625 0.666015625 0.212890625 0.666015625 0.212890625 0.681640625 0.197265625 0.681640625
0 0.376953125 0.66796875 0.392578125 0.66796875 0.392578125 0.68359375 0.376953125 0.68359375
0 0.6953125 0.7109375 0.7109375 0.7109375 0.7109375 0.7265625 0.6953125 0.7265625
0 0.705078125 0.748046875 0.720703125 0.748046875 0.720703125 0.763671875 0.705078125 0.763671875
0 0.72265625 0.65234375 0.73828125 0.65234375 0.73828125 0.66796875 0.72265625 0.66796875
0 0.751953125 0.8828125 0.767578125 0.8828125 0.767578125 0.8984375 0.751953125 0.8984375
0 0.80078125 0.734375 0.81640625 0.734375 0.81640625 0.75 0.80078125 0.75
0 0.802734375 0.51953125 0.818359375 0.51953125 0.818359375 0.53515625 0.802734375 0.53515625
0 0.84765625 0.298828125 0.86328125 0.298828125 0.86328125 0.314453125 0.84765625 0.314453125
0 0.84765625 0.798828125 0.86328125 0.798828125 0.86328125 0.814453125 0.84765625 0.814453125
0 0.85546875 0.330078125 0.87109375 0.330078125 0.87109375 0.345703125 0.85546875 0.345703125
0 0.875 0.283203125 0.890625 0.283203125 0.890625 0.298828125 0.875 0.298828125
0 0.875 0.33203125 0.890625 0.33203125 0.890625 0.34765625 0.875 0.34765625
0 0.892578125 0.318359375 0.908203125 0.318359375 0.908203125 0.333984375 0.892578125 0.333984375
0 0.91015625 0.291015625 0.92578125 0.291015625 0.92578125 0.306640625 0.91015625 0.306640625
0 0.91796875 0.306640625 0.93359375 0.306640625 0.93359375 0.322265625 0.91796875 0.322265625
0 0.92578125 0.453125 0.94140625 0.453125 0.94140625 0.46875 0.92578125 0.46875
0 0.94921875 0.267578125 0.96484375 0.267578125 0.96484375 0.283203125 0.94921875 0.283203125
0 0.96484375 0.224609375 0.98046875 0.224609375 0.98046875 0.240234375 0.96484375 0.240234375
0 0.974609375 0.81640625 0.990234375 0.81640625 0.990234375 0.83203125 0.974609375 0.83203125
1 0.3816831606177621 0.6282507867382995 0.3906047623981356 0.621288521299381 0.37395478312689734 0.5999528675509461 0.36503318134652385 0.6069151329898647
1 0.29856358577908015 0.584760130144274 0.30789258802493435 0.5771171658579639 0.28137577960788274 0.5447507493723276 0.27204677736202854 0.5523937136586377
1 0.6625040511927653 0.9216495651061711 0.7076099820952204 0.9026216843798365 0.7026062269368123 0.8907601934616389 0.6575002960343572 0.9097880741879736
