0 0.47265625 0.701171875 0.48828125 0.701171875 0.48828125 0.716796875 0.47265625 0.716796875
0 0.4765625 0.626953125 0.4921875 0.626953125 0.4921875 0.642578125 0.4765625 0.642578125
0 0.69921875 0.11328125 0.71484375 0.11328125 0.71484375 0.12890625 0.69921875 0.12890625
0 0.75 0.044921875 0.765625 0.044921875 0.765625 0.060546875 0.75 0.060546875
0 0.78515625 0.630859375 0.80078125 0.630859375 0.80078125 0.646484375 0.78515625 0.646484375
1 0.6556773433577704 0.6877873025722255 0.6865695949392326 0.6408956923045096 0.6751347532379938 0.6333624042682896 0.6442425016565315 0.6802540145360055
1 0.6838012711521267 0.431372699312577 0.6875113775817806 0.38550943947366584 0.6749073489192844 0.3844898371177819 0.6711972424896305 0.43035309695669305
1 0.8075473049908474 0.21322727149311593 0.8452616396368889 0.15662370852409674 0.8339227696627781 0.14906874353106925 0.7962084350167365 0.20567230650008844
1 0.9443423625247911 0.06585288657560036 0.9760959818296977 -0.00044078884885209724 0.9601880434734389 -0.008060439068218916 0.9284344241685323 0.058233236356233536
1 0.4895941569376503 0.8612791111349076 0.5221096009651205 0.8152725124027849 0.5064411805104698 0.8041987607599288 0.4739257364829997 0.8502053594920516
1 0.8333807357453328 0.24217904481580022 0.8734046973242827 0.18893138563714734 0.8628308407164592 0.180983475115993 0.8228068791375093 0.23423113429464587
1 0.9224466233109625 0.19572696176913984 1.0143674243097522 0.07122315770319489 0.9939417691374628 0.05614295514675373 0.902020968138673 0.18064675921269868
1 0.3991037412510761 0.9621659378259731 0.44873399166235145 0.9433715640072028 0.4440721468104473 0.9310610433370518 0.394441896399172 0.9498554171558221
1 0.43549697581728014 0.8681349039222247 0.45415971513816183 0.8500884299452197 0.445852230153484 0.8414972543571942 0.4271894908326023 0.8595437283341992
1 0.776911773019495 0.6844161764899779 0.7952190644191619 0.6602499209500083 0.7853223902648068 0.6527526362617921 0.7670150988651399 0.6769188918017617
1 0.28425937028609666 0.9307414577349361 0.3148629229285515 0.9106009246843855 0.3083854999951228 0.9007584764615361 0.277781947352668 0.9208990095120867
1 0.053831254940208934 0.7797817886216551 0.06784733997867673 0.7649434552919563 0.059716539580646016 0.7572632133619874 0.04570045454217822 0.7721015466916863
1 0.07506524173518052 0.8513822372871056 0.08394135138078161 0.8242010285735593 0.07157948466042648 0.8201642219108924 0.06270337501482538 0.8473454306244388
