1 0.4236113782134618 0.5157638683000637 0.49308150607721507 0.48415219839141843 0.4851970319542323 0.46682519772853126 0.415726904090479 0.49843686763717654
1 0.8046829776289313 0.056990822891887984 0.9075154945077568 0.0024280915766810088 0.8968746586320551 -0.01762632850855287 0.7940421417532295 0.036936402806654105
1 0.0917913798747208 0.1727625890416492 0.09896008722829996 0.15489046652833066 0.04805501955173948 0.134471877034248 0.0408863121981603 0.15234399954756656
1 0.17238273894678646 0.1938084137149588 0.27851117121229835 0.14651486127969957 0.26997295343984073 0.12735479357759796 0.16384452117432885 0.1746483460128572
1 0.025913579186091454 0.24712718400507527 0.09646809590710365 0.22572218283578455 0.09134964851509568 0.20885091152638835 0.020795131794083488 0.23025591269567908
1 0.30369104245687834 0.06510162558614409 0.31603808819799856 0.04759517095132672 0.3044048418662418 0.039390412902243974 0.29205779612512156 0.056896867537061344
1 0.3412668281837141 0.07772821349752218 0.3573777244327633 0.04107629271237206 0.342495662565645 0.03453466134416789 0.32638476631659585 0.071186582129318
1 0.2603685686015831 0.11865105540897099 0.2820642930637089 0.10031633356879799 0.27300282171573054 0.08959377190132685 0.2513070972536047 0.10792849374149982
1 0.27821752181125103 0.09326276235547826 0.2961545191605327 0.06811261452668033 0.28480473408627094 0.06001798756155208 0.26686773673698927 0.08516813539035001
1 0.24220384273850665 0.12945502704390077 0.26875310998383267 0.11167881527125034 0.2610118564699366 0.10011703759989873 0.23446258922461052 0.11789324937254915
