0 0.22265625 0.873046875 0.23828125 0.873046875 0.23828125 0.888671875 0.22265625 0.888671875
0 0.228515625 0.900390625 0.244140625 0.900390625 0.244140625 0.916015625 0.228515625 0.916015625
0 0.2421875 0.95703125 0.2578125 0.95703125 0.2578125 0.97265625 0.2421875 0.97265625
0 0.25390625 0.939453125 0.26953125 0.939453125 0.26953125 0.955078125 0.25390625 0.955078125
0 0.25390625 0.958984375 0.26953125 0.958984375 0.26953125 0.974609375 0.25390625 0.974609375
0 0.259765625 0.978515625 0.275390625 0.978515625 0.275390625 0.994140625 0.259765625 0.994140625
0 0.27734375 0.81640625 0.29296875 0.81640625 0.29296875 0.83203125 0.27734375 0.83203125
0 0.28515625 0.98828125 0.30078125 0.98828125 0.30078125 1.00390625 0.28515625 1.00390625
0 0.287109375 0.939453125 0.302734375 0.939453125 0.302734375 0.955078125 0.287109375 0.955078125
0 0.298828125 0.763671875 0.314453125 0.763671875 0.314453125 0.779296875 0.298828125 0.779296875
0 0.302734375 0.904296875 0.318359375 0.904296875 0.318359375 0.919921875 0.302734375 0.919921875
0 0.333984375 0.900390625 0.349609375 0.900390625 0.349609375 0.916015625 0.333984375 0.916015625
0 0.400390625 0.84375 0.416015625 0.84375 0.416015625 0.859375 0.400390625 0.859375
0 0.40625 0.8515625 0.421875 0.8515625 0.421875 0.8671875 0.40625 0.8671875
0 0.419921875 0.865234375 0.435546875 0.865234375 0.435546875 0.880859375 0.419921875 0.880859375
0 0.458984375 0.953125 0.474609375 0.953125 0.474609375 0.96875 0.458984375 0.96875
0 0.50390625 0.732421875 0.51953125 0.732421875 0.51953125 0.748046875 0.50390625 0.748046875
0 0.537109375 0.751953125 0.552734375 0.751953125 0.552734375 0.767578125 0.537109375 0.767578125
0 0.54296875 0.0078125 0.55859375 0.0078125 0.55859375 0.0234375 0.54296875 0.0234375
0 0.544921875 0.0625 0.560546875 0.0625 0.560546875 0.078125 0.544921875 0.078125
0 0.546875 0.21875 0.5625 0.21875 0.5625 0.234375 0.546875 0.234375
0 0.546875 0.033203125 0.5625 0.033203125 0.5625 0.048828125 0.546875 0.048828125
0 0.548828125 0.078125 0.564453125 0.078125 0.564453125 0.09375 0.548828125 0.09375
0 0.548828125 0.935546875 0.564453125 0.935546875 0.564453125 0.951171875 0.548828125 0.951171875
0 0.55859375 0.109375 0.57421875 0.109375 0.57421875 0.125 0.55859375 0.125
0 0.568359375 0.205078125 0.583984375 0.205078125 0.583984375 0.220703125 0.568359375 0.220703125
0 0.568359375 0.025390625 0.583984375 0.025390625 0.583984375 0.041015625 0.568359375 0.041015625
0 0.576171875 0.052734375 0.591796875 0.052734375 0.591796875 0.068359375 0.576171875 0.068359375
0 0.578125 0.21875 0.59375 0.21875 0.59375 0.234375 0.578125 0.234375
0 0.5859375 0.068359375 0.6015625 0.068359375 0.6015625 0.083984375 0.5859375 0.083984375
0 0.58984375 0.201171875 0.60546875 0.201171875 0.60546875 0.216796875 0.58984375 0.216796875
0 0.591796875 0.08984375 0.607421875 0.08984375 0.607421875 0.10546875 0.591796875 0.10546875
0 0.59375 0.111328125 0.609375 0.111328125 0.609375 0.126953125 0.59375 0.126953125
0 0.59375 0.142578125 0.609375 0.142578125 0.609375 0.158203125 0.59375 0.158203125
0 0.595703125 0.208984375 0.611328125 0.208984375 0.611328125 0.224609375 0.595703125 0.224609375
0 0.595703125 0.0 0.611328125 0.0 0.611328125 0.015625 0.595703125 0.015625
0 0.599609375 0.1640625 0.615234375 0.1640625 0.615234375 0.1796875 0.599609375 0.1796875
0 0.60546875 0.197265625 0.62109375 0.197265625 0.62109375 0.212890625 0.60546875 0.212890625
0 0.611328125 0.05078125 0.626953125 0.05078125 0.626953125 0.06640625 0.611328125 0.06640625
0 0.611328125 0.15234375 0.626953125 0.15234375 0.626953125 0.16796875 0.611328125 0.16796875
0 0.61328125 0.208984375 0.62890625 0.208984375 0.62890625 0.224609375 0.61328125 0.224609375
0 0.61328125 0.1171875 0.62890625 0.1171875 0.62890625 0.1328125 0.61328125 0.1328125
0 0.619140625 0.162109375 0.634765625 0.162109375 0.634765625 0.177734375 0.619140625 0.177734375
0 0.623046875 0.021484375 0.638671875 0.021484375 0.638671875 0.037109375 0.623046875 0.037109375
0 0.634765625 0.185546875 0.650390625 0.185546875 0.650390625 0.201171875 0.634765625 0.201171875
0 0.638671875 0.216796875 0.654296875 0.216796875 0.654296875 0.232421875 0.638671875 0.232421875
0 0.64453125 0.083984375 0.66015625 0.083984375 0.66015625 0.099609375 0.64453125 0.099609375
0 0.646484375 0.14453125 0.662109375 0.14453125 0.662109375 0.16015625 0.646484375 0.16015625
0 0.65234375 0.240234375 0.66796875 0.240234375 0.66796875 0.255859375 0.65234375 0.255859375
0 0.65625 0.1796875 0.671875 0.1796875 0.671875 0.1953125 0.65625 0.1953125
0 0.66015625 0.21875 0.67578125 0.21875 0.67578125 0.234375 0.66015625 0.234375
0 0.666015625 0.2265625 0.681640625 0.2265625 0.681640625 0.2421875 0.666015625 0.2421875
0 0.666015625 0.244140625 0.681640625 0.244140625 0.681640625 0.259765625 0.666015625 0.259765625
0 0.671875 0.107421875 0.6875 0.107421875 0.6875 0.123046875 0.671875 0.123046875
0 0.6796875 0.044921875 0.6953125 0.044921875 0.6953125 0.060546875 0.6796875 0.060546875
0 0.6875 0.109375 0.703125 0.109375 0.703125 0.125 0.6875 0.125
0 0.689453125 0.2109375 0.705078125 0.2109375 0.705078125 0.2265625 0.689453125 0.2265625
0 0.69140625 0.23828125 0.70703125 0.23828125 0.70703125 0.25390625 0.69140625 0.25390625
0 0.697265625 0.2578125 0.712890625 0.2578125 0.712890625 0.2734375 0.697265625 0.2734375
0 0.70703125 0.240234375 0.72265625 0.240234375 0.72265625 0.255859375 0.70703125 0.255859375
0 0.708984375 0.19140625 0.724609375 0.19140625 0.724609375 0.20703125 0.708984375 0.20703125
0 0.71875 0.25390625 0.734375 0.25390625 0.734375 0.26953125 0.71875 0.26953125
0 0.724609375 0.23828125 0.740234375 0.23828125 0.740234375 0.25390625 0.724609375 0.25390625
0 0.73046875 0.1875 0.74609375 0.1875 0.74609375 0.203125 0.73046875 0.203125
0 0.74609375 0.21484375 0.76171875 0.21484375 0.76171875 0.23046875 0.74609375 0.23046875
0 0.75 0.240234375 0.765625 0.240234375 0.765625 0.255859375 0.75 0.255859375
0 0.76171875 0.142578125 0.77734375 0.142578125 0.77734375 0.158203125 0.76171875 0.158203125
0 0.763671875 0.052734375 0.779296875 0.052734375 0.779296875 0.068359375 0.763671875 0.068359375
0 0.771484375 0.259765625 0.787109375 0.259765625 0.787109375 0.275390625 0.771484375 0.275390625
0 0.78125 0.234375 0.796875 0.234375 0.796875 0.25 0.78125 0.25
1 0.8934368332476798 0.5335953472462155 0.9477340261905075 0.485234502584715 0.9385133544354257 0.4748819829616092 0.884216161492598 0.5232428276231097
1 0.5941861584213094 0.7981157502224092 0.6221916673007416 0.7822209086687308 0.6168641135666056 0.7728341618488188 0.5888586046871734 0.7887290034024972
1 0.8546368722315059 0.11123137853607729 0.8633257840233246 0.0755407054448381 0.8520064707402959 0.07278501309886382 0.8433175589484772 0.108475686190103
1 0.4031410925418872 0.7213092939108461 0.4642832262968269 0.7109989279184861 0.46190671991996585 0.6969058616906554 0.40076458616502614 0.7072162276830154
1 0.9919729926148597 0.21961359265195848 0.9944457339090154 0.20661018378446136 0.9443445704420861 0.1970828962053108 0.9418718291479304 0.21008630507280793
1 0.5210167232174735 0.6912211443624585 0.5580059175369229 0.6692025970173432 0.5515862640719552 0.6584181521692187 0.5145970697525059 0.680436699514334
1 0.5369715308300669 0.8275340009386049 0.5835273231833531 0.8028943277655091 0.5780517245181387 0.7925483774488463 0.5314959321648525 0.8171880506219421
1 0.5558584715707406 0.9035432514692151 0.5578044237857016 0.8929298439667018 0.5203602526800528 0.8860645118211902 0.5184143004650918 0.8966779193237034
1 0.8075968609443872 0.1760028902308818 0.8164839277156223 0.1713018349390403 0.8004137887367041 0.14092218839956558 0.791526721965469 0.14562324369140708
1 0.8471553558989493 0.4923214956862208 0.868227630024581 0.4703301064278264 0.8614277606324228 0.46381443294460806 0.840355486506791 0.48580582220300245
1 0.4555577122851516 0.8704441414919205 0.4826672806811248 0.8566471521314462 0.4772499716595506 0.8460027350339584 0.45014040326357735 0.8597997243944328
