0 0.21484375 0.55859375 0.23046875 0.55859375 0.23046875 0.57421875 0.21484375 0.57421875
0 0.21875 0.513671875 0.234375 0.513671875 0.234375 0.529296875 0.21875 0.529296875
0 0.28125 0.576171875 0.296875 0.576171875 0.296875 0.591796875 0.28125 0.591796875
0 0.302734375 0.517578125 0.318359375 0.517578125 0.318359375 0.533203125 0.302734375 0.533203125
0 0.322265625 0.513671875 0.337890625 0.513671875 0.337890625 0.529296875 0.322265625 0.529296875
0 0.33984375 0.546875 0.35546875 0.546875 0.35546875 0.5625 0.33984375 0.5625
0 0.349609375 0.51171875 0.365234375 0.51171875 0.365234375 0.52734375 0.349609375 0.52734375
0 0.388671875 0.576171875 0.404296875 0.576171875 0.404296875 0.591796875 0.388671875 0.591796875
0 0.126953125 0.515625 0.142578125 0.515625 0.142578125 0.53125 0.126953125 0.53125
0 0.16796875 0.5625 0.18359375 0.5625 0.18359375 0.578125 0.16796875 0.578125
0 0.1796875 0.6328125 0.1953125 0.6328125 0.1953125 0.6484375 0.1796875 0.6484375
