0 0.2265625 -0.001953125 0.2421875 -0.001953125 0.2421875 0.013671875 0.2265625 0.013671875
0 0.234375 0.03125 0.25 0.03125 0.25 0.046875 0.234375 0.046875
0 0.240234375 0.013671875 0.255859375 0.013671875 0.255859375 0.029296875 0.240234375 0.029296875
0 0.25 -0.001953125 0.265625 -0.001953125 0.265625 0.013671875 0.25 0.013671875
0 0.2578125 0.076171875 0.2734375 0.076171875 0.2734375 0.091796875 0.2578125 0.091796875
0 0.26953125 0.041015625 0.28515625 0.041015625 0.28515625 0.056640625 0.26953125 0.056640625
0 0.283203125 0.015625 0.298828125 0.015625 0.298828125 0.03125 0.283203125 0.03125
0 0.283203125 0.087890625 0.298828125 0.087890625 0.298828125 0.103515625 0.283203125 0.103515625
0 0.298828125 0.06640625 0.314453125 0.06640625 0.314453125 0.08203125 0.298828125 0.08203125
0 0.302734375 0.126953125 0.318359375 0.126953125 0.318359375 0.142578125 0.302734375 0.142578125
0 0.3046875 0.103515625 0.3203125 0.103515625 0.3203125 0.119140625 0.3046875 0.119140625
0 0.318359375 0.138671875 0.333984375 0.138671875 0.333984375 0.154296875 0.318359375 0.154296875
0 0.330078125 0.103515625 0.345703125 0.103515625 0.345703125 0.119140625 0.330078125 0.119140625
0 0.3359375 0.056640625 0.3515625 0.056640625 0.3515625 0.072265625 0.3359375 0.072265625
0 0.390625 0.099609375 0.40625 0.099609375 0.40625 0.115234375 0.390625 0.115234375
0 0.3984375 0.056640625 0.4140625 0.056640625 0.4140625 0.072265625 0.3984375 0.072265625
0 0.408203125 0.203125 0.423828125 0.203125 0.423828125 0.21875 0.408203125 0.21875
0 0.416015625 0.208984375 0.431640625 0.208984375 0.431640625 0.224609375 0.416015625 0.224609375
0 0.41796875 0.240234375 0.43359375 0.240234375 0.43359375 0.255859375 0.41796875 0.255859375
0 0.41796875 0.119140625 0.43359375 0.119140625 0.43359375 0.134765625 0.41796875 0.134765625
0 0.423828125 0.21484375 0.439453125 0.21484375 0.439453125 0.23046875 0.423828125 0.23046875
0 0.427734375 0.189453125 0.443359375 0.189453125 0.443359375 0.205078125 0.427734375 0.205078125
0 0.439453125 0.201171875 0.455078125 0.201171875 0.455078125 0.216796875 0.439453125 0.216796875
0 0.439453125 0.228515625 0.455078125 0.228515625 0.455078125 0.244140625 0.439453125 0.244140625
0 0.44140625 0.251953125 0.45703125 0.251953125 0.45703125 0.267578125 0.44140625 0.267578125
0 0.4609375 0.142578125 0.4765625 0.142578125 0.4765625 0.158203125 0.4609375 0.158203125
0 0.47265625 0.220703125 0.48828125 0.220703125 0.48828125 0.236328125 0.47265625 0.236328125
0 0.490234375 0.236328125 0.505859375 0.236328125 0.505859375 0.251953125 0.490234375 0.251953125
0 0.51171875 0.251953125 0.52734375 0.251953125 0.52734375 0.267578125 0.51171875 0.267578125
0 0.515625 0.158203125 0.53125 0.158203125 0.53125 0.173828125 0.515625 0.173828125
0 0.53515625 0.259765625 0.55078125 0.259765625 0.55078125 0.275390625 0.53515625 0.275390625
0 0.568359375 0.255859375 0.583984375 0.255859375 0.583984375 0.271484375 0.568359375 0.271484375
0 0.609375 0.267578125 0.625 0.267578125 0.625 0.283203125 0.609375 0.283203125
0 0.640625 0.298828125 0.65625 0.298828125 0.65625 0.314453125 0.640625 0.314453125
0 0.654296875 0.271484375 0.669921875 0.271484375 0.669921875 0.287109375 0.654296875 0.287109375
0 0.65625 0.2890625 0.671875 0.2890625 0.671875 0.3046875 0.65625 0.3046875
0 0.666015625 0.30859375 0.681640625 0.30859375 0.681640625 0.32421875 0.666015625 0.32421875
0 0.68359375 0.259765625 0.69921875 0.259765625 0.69921875 0.275390625 0.68359375 0.275390625
0 0.68359375 0.27734375 0.69921875 0.27734375 0.69921875 0.29296875 0.68359375 0.29296875
0 0.892578125 0.33203125 0.908203125 0.33203125 0.908203125 0.34765625 0.892578125 0.34765625
