0 0.01171875 0.572265625 0.02734375 0.572265625 0.02734375 0.587890625 0.01171875 0.587890625
0 0.19140625 0.6796875 0.20703125 0.6796875 0.20703125 0.6953125 0.19140625 0.6953125
0 0.291015625 0.685546875 0.306640625 0.685546875 0.306640625 0.701171875 0.291015625 0.701171875
0 0.33984375 0.7265625 0.35546875 0.7265625 0.35546875 0.7421875 0.33984375 0.7421875
0 0.02734375 0.58203125 0.04296875 0.58203125 0.04296875 0.59765625 0.02734375 0.59765625
0 0.02734375 0.666015625 0.04296875 0.666015625 0.04296875 0.681640625 0.02734375 0.681640625
0 -0.00390625 0.623046875 0.01171875 0.623046875 0.01171875 0.638671875 -0.00390625 0.638671875
0 0.03125 0.59765625 0.046875 0.59765625 0.046875 0.61328125 0.03125 0.61328125
0 0.427734375 0.740234375 0.443359375 0.740234375 0.443359375 0.755859375 0.427734375 0.755859375
0 0.037109375 0.623046875 0.052734375 0.623046875 0.052734375 0.638671875 0.037109375 0.638671875
0 0.04296875 0.67578125 0.05859375 0.67578125 0.05859375 0.69140625 0.04296875 0.69140625
0 0.044921875 0.58203125 0.060546875 0.58203125 0.060546875 0.59765625 0.044921875 0.59765625
0 0.044921875 0.60546875 0.060546875 0.60546875 0.060546875 0.62109375 0.044921875 0.62109375
0 0.048828125 0.634765625 0.064453125 0.634765625 0.064453125 0.650390625 0.048828125 0.650390625
0 0.0546875 0.65625 0.0703125 0.65625 0.0703125 0.671875 0.0546875 0.671875
0 0.05859375 0.625 0.07421875 0.625 0.07421875 0.640625 0.05859375 0.640625
0 0.060546875 0.583984375 0.076171875 0.583984375 0.076171875 0.599609375 0.060546875 0.599609375
0 0.0625 0.595703125 0.078125 0.595703125 0.078125 0.611328125 0.0625 0.611328125
0 0.77734375 0.96484375 0.79296875 0.96484375 0.79296875 0.98046875 0.77734375 0.98046875
0 0.076171875 0.6328125 0.091796875 0.6328125 0.091796875 0.6484375 0.076171875 0.6484375
0 0.080078125 0.740234375 0.095703125 0.740234375 0.095703125 0.755859375 0.080078125 0.755859375
0 0.1015625 0.611328125 0.1171875 0.611328125 0.1171875 0.626953125 0.1015625 0.626953125
0 0.119140625 0.62890625 0.134765625 0.62890625 0.134765625 0.64453125 0.119140625 0.64453125
0 0.126953125 0.65625 0.142578125 0.65625 0.142578125 0.671875 0.126953125 0.671875
0 0.18359375 0.8671875 0.19921875 0.8671875 0.19921875 0.8828125 0.18359375 0.8828125
