0 0.5390625 0.833984375 0.5546875 0.833984375 0.5546875 0.849609375 0.5390625 0.849609375
0 0.55078125 0.802734375 0.56640625 0.802734375 0.56640625 0.818359375 0.55078125 0.818359375
0 0.5859375 0.833984375 0.6015625 0.833984375 0.6015625 0.849609375 0.5859375 0.849609375
0 0.595703125 0.82421875 0.611328125 0.82421875 0.611328125 0.83984375 0.595703125 0.83984375
0 0.60546875 0.83984375 0.62109375 0.83984375 0.62109375 0.85546875 0.60546875 0.85546875
0 0.615234375 0.77734375 0.630859375 0.77734375 0.630859375 0.79296875 0.615234375 0.79296875
0 0.626953125 0.841796875 0.642578125 0.841796875 0.642578125 0.857421875 0.626953125 0.857421875
0 0.65234375 0.779296875 0.66796875 0.779296875 0.66796875 0.794921875 0.65234375 0.794921875
0 0.685546875 0.810546875 0.701171875 0.810546875 0.701171875 0.826171875 0.685546875 0.826171875
0 0.70703125 0.869140625 0.72265625 0.869140625 0.72265625 0.884765625 0.70703125 0.884765625
0 0.712890625 0.7734375 0.728515625 0.7734375 0.728515625 0.7890625 0.712890625 0.7890625
0 0.720703125 0.8046875 0.736328125 0.8046875 0.736328125 0.8203125 0.720703125 0.8203125
0 0.732421875 0.861328125 0.748046875 0.861328125 0.748046875 0.876953125 0.732421875 0.876953125
0 0.828125 0.10546875 0.84375 0.10546875 0.84375 0.12109375 0.828125 0.12109375
0 0.837890625 0.068359375 0.853515625 0.068359375 0.853515625 0.083984375 0.837890625 0.083984375
0 0.859375 0.43359375 0.875 0.43359375 0.875 0.44921875 0.859375 0.44921875
0 0.861328125 0.689453125 0.876953125 0.689453125 0.876953125 0.705078125 0.861328125 0.705078125
0 0.8984375 0.666015625 0.9140625 0.666015625 0.9140625 0.681640625 0.8984375 0.681640625
0 0.916015625 0.658203125 0.931640625 0.658203125 0.931640625 0.673828125 0.916015625 0.673828125
0 0.919921875 0.626953125 0.935546875 0.626953125 0.935546875 0.642578125 0.919921875 0.642578125
0 0.927734375 0.568359375 0.943359375 0.568359375 0.943359375 0.583984375 0.927734375 0.583984375
0 0.935546875 0.40234375 0.951171875 0.40234375 0.951171875 0.41796875 0.935546875 0.41796875
0 0.939453125 0.615234375 0.955078125 0.615234375 0.955078125 0.630859375 0.939453125 0.630859375
0 0.94140625 0.3203125 0.95703125 0.3203125 0.95703125 0.3359375 0.94140625 0.3359375
0 0.951171875 0.29296875 0.966796875 0.29296875 0.966796875 0.30859375 0.951171875 0.30859375
0 0.962890625 0.30078125 0.978515625 0.30078125 0.978515625 0.31640625 0.962890625 0.31640625
0 0.97265625 0.310546875 0.98828125 0.310546875 0.98828125 0.326171875 0.97265625 0.326171875
0 0.97265625 0.337890625 0.98828125 0.337890625 0.98828125 0.353515625 0.97265625 0.353515625
0 0.97265625 0.546875 0.98828125 0.546875 0.98828125 0.5625 0.97265625 0.5625
0 0.986328125 0.30859375 1.001953125 0.30859375 1.001953125 0.32421875 0.986328125 0.32421875
1 0.9160781629902771 0.49207794808605254 0.9262124205687295 0.487428364130168 0.9085393420832703 0.4489080295636362 0.8984050845048178 0.45355761351952073
1 0.49768303325570945 0.20830520197307417 0.5472225857409063 0.1480294352067733 0.5352267176827061 0.13817025021160295 0.48568716519750926 0.19844601697790382
1 0.6203935418903311 0.09689465597935593 0.6283221790197911 0.06862847455329352 0.6190050567806283 0.06601503058604324 0.6110764196511683 0.09428121201210565
1 0.645195218210598 0.4201009943277275 0.6523873671749896 0.4125809120054006 0.6274328507133522 0.3887146041601265 0.6202407017489606 0.3962346864824534
