0 -0.001953125 0.15234375 0.013671875 0.15234375 0.013671875 0.16796875 -0.001953125 0.16796875
0 0.67578125 0.376953125 0.69140625 0.376953125 0.69140625 0.392578125 0.67578125 0.392578125
0 0.080078125 0.45703125 0.095703125 0.45703125 0.095703125 0.47265625 0.080078125 0.47265625
1 0.778893640211801 0.39824479915082683 0.8421975551644849 0.35106788930278304 0.8291433547222811 0.33355122707903156 0.7658394397695971 0.38072813692707536
1 0.7819643137388612 0.6562648836181099 0.8147396237936808 0.6124065668156574 0.7984782340592955 0.6002544340088433 0.7657029240044759 0.6441127508112957
1 0.26358031808914645 0.47208873955307223 0.26607840654426046 0.45014998935063705 0.12438470542846221 0.4340158251136758 0.12188661697334817 0.455954575316111
1 0.6570299944149884 0.7331193654816917 0.7274306355789926 0.6349479479761562 0.7074232021105853 0.6206002266127297 0.6370225609465812 0.7187716441182652
1 0.19487094555245077 0.181749118911881 0.20171656394604354 0.17036026499052204 0.17051109995498026 0.15160326803956553 0.1636654815613875 0.1629921219609245
1 0.1209230063409445 0.3886343690856124 0.17030692930611974 0.38458430467582944 0.16870612521461276 0.3650651124016618 0.11932220224943751 0.36911517681144473
1 0.9403911184964531 0.2561198862150086 0.9855516694495838 0.18492083087347888 0.9696791816057808 0.17485313696118465 0.92451863065265 0.24605219230271436
1 0.3866084630776257 0.43767064400973005 0.4400805781057779 0.43544470578982036 0.43946476623527103 0.42065149954495745 0.38599265120711884 0.42287743776486714
1 0.5083906150668225 0.6662248866091849 0.5745108214483519 0.6257725604030091 0.5657885574490467 0.6115158303250192 0.4996683510675172 0.651968156531195
1 0.314368663053333 0.2761015498656721 0.3281232713850494 0.2684218095473387 0.2832211873723872 0.18800104617886831 0.26946657904067084 0.19568078649720172
1 0.3161186850268797 0.5253899947440367 0.3673780168988804 0.507798370556147 0.36279925940442526 0.4944565638268252 0.31153992753242454 0.5120481880147149
1 0.57085495032732 0.3902437322654005 0.5732669856691647 0.37910216838464256 0.5417966362052727 0.37228915757758657 0.5393846008634281 0.3834307214583445
1 0.3021447568989898 1.0101641298414221 0.365535794904535 0.9621438188516382 0.3547507614039277 0.9479066251634607 0.29135972339838245 0.9959269361532446
1 0.8257004666935986 0.4300737611405271 0.9078670880653187 0.39000455644279974 0.9001312803614551 0.37414137204962794 0.817964658989735 0.4142105767473553
1 0.16900771625386374 0.21181811170522466 0.1749087345034946 0.2011874398969418 0.12307530872477394 0.1724150352006744 0.11717429047514312 0.18304570700895725
1 0.8292999670184696 0.28046668865435354 0.8457907321899737 0.28046668865435354 0.8457907321899737 0.23872443931398418 0.8292999670184696 0.23872443931398418
1 0.6319261213720316 0.3773499340369393 0.6659383245382585 0.3773499340369393 0.6659383245382585 0.38456464379947225 0.6319261213720316 0.38456464379947225
