0 0.380859375 0.29296875 0.396484375 0.29296875 0.396484375 0.30859375 0.380859375 0.30859375
0 0.404296875 0.298828125 0.419921875 0.298828125 0.419921875 0.314453125 0.404296875 0.314453125
0 0.4140625 0.255859375 0.4296875 0.255859375 0.4296875 0.271484375 0.4140625 0.271484375
0 0.41796875 0.69921875 0.43359375 0.69921875 0.43359375 0.71484375 0.41796875 0.71484375
0 0.423828125 0.2890625 0.439453125 0.2890625 0.439453125 0.3046875 0.423828125 0.3046875
0 0.427734375 0.328125 0.443359375 0.328125 0.443359375 0.34375 0.427734375 0.34375
0 0.4453125 0.365234375 0.4609375 0.365234375 0.4609375 0.380859375 0.4453125 0.380859375
0 0.64453125 0.8203125 0.66015625 0.8203125 0.66015625 0.8359375 0.64453125 0.8359375
0 0.650390625 0.685546875 0.666015625 0.685546875 0.666015625 0.701171875 0.650390625 0.701171875
0 0.787109375 0.470703125 0.802734375 0.470703125 0.802734375 0.486328125 0.787109375 0.486328125
0 0.794921875 0.30859375 0.810546875 0.30859375 0.810546875 0.32421875 0.794921875 0.32421875
0 0.80078125 0.37890625 0.81640625 0.37890625 0.81640625 0.39453125 0.80078125 0.39453125
0 0.810546875 0.228515625 0.826171875 0.228515625 0.826171875 0.244140625 0.810546875 0.244140625
0 0.8125 0.412109375 0.828125 0.412109375 0.828125 0.427734375 0.8125 0.427734375
0 0.81640625 0.455078125 0.83203125 0.455078125 0.83203125 0.470703125 0.81640625 0.470703125
0 0.83203125 0.138671875 0.84765625 0.138671875 0.84765625 0.154296875 0.83203125 0.154296875
0 0.103515625 0.900390625 0.119140625 0.900390625 0.119140625 0.916015625 0.103515625 0.916015625
1 0.7583682699330986 0.9554891396632142 0.8234966438693064 0.9265789868474296 0.8168212013117134 0.9115406464467101 0.7516928273755056 0.9404507992624948
1 0.03359350180203118 0.7677857877569095 0.12189139269318142 0.7484022260371811 0.11665369952147803 0.7245429752512081 0.028355808630327793 0.7439265369709366
1 0.5555283141758641 0.7785936810365575 0.6402436935974042 0.7432632729672795 0.6337147640559474 0.7276081822523219 0.5489993846344073 0.7629385903215999
1 0.6564712019238111 0.7848103750973806 0.6891520508430361 0.7735169404296397 0.6855446605410936 0.763077903863801 0.6528638116218687 0.7743713385315419
1 0.7634155010683318 0.8697147860741525 0.8523307350448147 0.8624872423099028 0.850878193427823 0.8446176752829642 0.7619629594513401 0.8518452190472139
1 0.7820111392483359 0.5802281995546175 0.799876509481061 0.5088638604404654 0.7862073303714151 0.5054419140089201 0.7683419601386899 0.5768062531230722
1 0.710408081959792 0.7715872943588582 0.7419595429312795 0.753260242331931 0.7363351679333965 0.7435774385741862 0.704783706961909 0.7619044906011134
1 0.7685415411164532 0.7244034070941376 0.8152249489630333 0.693202217921576 0.8086741304228534 0.6834008436230254 0.7619907225762733 0.7146020327955871
1 0.49476872865559574 0.7275354640385487 0.5189484829986528 0.7109932040758036 0.5134343963444044 0.7029332859614512 0.4892546420013473 0.7194755459241965
1 0.7560656721536351 0.6438078703703703 0.7670503257887518 0.6438078703703703 0.7670503257887518 0.6156764403292181 0.7560656721536351 0.6156764403292181
1 0.7592773251794043 0.6759082685500302 0.7700273178232431 0.6792336309578063 0.7876834087026259 0.6221562890631385 0.7769334160587871 0.6188309266553623
1 0.7731844808899637 0.6713345243846138 0.7799042601082041 0.67825346816258 0.796817233787677 0.6618273411846591 0.7900974545694366 0.6549083974066929
1 0.8377225846262342 0.3652812059238364 0.846537817348378 0.3652812059238364 0.846537817348378 0.392553332157969 0.8377225846262342 0.392553332157969
