0 0.19140625 0.478515625 0.20703125 0.478515625 0.20703125 0.494140625 0.19140625 0.494140625
0 0.1953125 0.572265625 0.2109375 0.572265625 0.2109375 0.587890625 0.1953125 0.587890625
0 0.3515625 0.31640625 0.3671875 0.31640625 0.3671875 0.33203125 0.3515625 0.33203125
0 0.513671875 0.54296875 0.529296875 0.54296875 0.529296875 0.55859375 0.513671875 0.55859375
0 0.552734375 0.34375 0.568359375 0.34375 0.568359375 0.359375 0.552734375 0.359375
0 0.625 0.623046875 0.640625 0.623046875 0.640625 0.638671875 0.625 0.638671875
0 0.65234375 0.58203125 0.66796875 0.58203125 0.66796875 0.59765625 0.65234375 0.59765625
0 0.689453125 0.408203125 0.705078125 0.408203125 0.705078125 0.423828125 0.689453125 0.423828125
0 0.701171875 0.474609375 0.716796875 0.474609375 0.716796875 0.490234375 0.701171875 0.490234375
0 0.748046875 0.603515625 0.763671875 0.603515625 0.763671875 0.619140625 0.748046875 0.619140625
0 0.947265625 0.517578125 0.962890625 0.517578125 0.962890625 0.533203125 0.947265625 0.533203125
0 0.955078125 0.494140625 0.970703125 0.494140625 0.970703125 0.509765625 0.955078125 0.509765625
2 0.09932834975801645 0.7004257229855758 0.10200940053247749 0.6328326829654097 0.08291849918283285 0.6320754500338334 0.08023744840837181 0.6996684900539994
2 0.13869204658786727 0.7785754640071668 0.15490766226100128 0.773381156295289 0.16819897905315845 0.8148740552236028 0.1519833633800245 0.8200683629354807
2 0.318383207359591 0.38136134402234134 0.3337886343174632 0.38861391904850456 0.3152305746916911 0.42803368802894104 0.2998251477338188 0.4207811130027779
2 0.21896716585131526 0.35064003386467124 0.23307291666666663 0.3567708333333333 0.21886809068153465 0.3894533141004667 0.20476233986618336 0.3833225146318047
2 0.4108631438392992 0.23394135854824663 0.47541795462802255 0.24238108137504966 0.4729509587248032 0.26125094914406116 0.40839614793607987 0.252811226317258
