0 0.19140625 0.37109375 0.20703125 0.37109375 0.20703125 0.38671875 0.19140625 0.38671875
0 0.21484375 0.318359375 0.23046875 0.318359375 0.23046875 0.333984375 0.21484375 0.333984375
0 0.22265625 0.359375 0.23828125 0.359375 0.23828125 0.375 0.22265625 0.375
0 0.017578125 0.416015625 0.033203125 0.416015625 0.033203125 0.431640625 0.017578125 0.431640625
0 0.248046875 0.33203125 0.263671875 0.33203125 0.263671875 0.34765625 0.248046875 0.34765625
0 0.275390625 0.24609375 0.291015625 0.24609375 0.291015625 0.26171875 0.275390625 0.26171875
0 0.283203125 0.3203125 0.298828125 0.3203125 0.298828125 0.3359375 0.283203125 0.3359375
0 0.025390625 0.5078125 0.041015625 0.5078125 0.041015625 0.5234375 0.025390625 0.5234375
0 0.32421875 0.23828125 0.33984375 0.23828125 0.33984375 0.25390625 0.32421875 0.25390625
0 0.369140625 0.240234375 0.384765625 0.240234375 0.384765625 0.255859375 0.369140625 0.255859375
0 0.388671875 0.109375 0.404296875 0.109375 0.404296875 0.125 0.388671875 0.125
0 0.033203125 0.568359375 0.048828125 0.568359375 0.048828125 0.583984375 0.033203125 0.583984375
0 0.408203125 0.146484375 0.423828125 0.146484375 0.423828125 0.162109375 0.408203125 0.162109375
0 0.03515625 0.541015625 0.05078125 0.541015625 0.05078125 0.556640625 0.03515625 0.556640625
0 0.42578125 0.123046875 0.44140625 0.123046875 0.44140625 0.138671875 0.42578125 0.138671875
0 0.1484375 0.44921875 0.1640625 0.44921875 0.1640625 0.46484375 0.1484375 0.46484375
0 0.16015625 0.396484375 0.17578125 0.396484375 0.17578125 0.412109375 0.16015625 0.412109375
0 0.177734375 0.4140625 0.193359375 0.4140625 0.193359375 0.4296875 0.177734375 0.4296875
