0 0.24609375 0.3203125 0.26171875 0.3203125 0.26171875 0.3359375 0.24609375 0.3359375
0 0.6796875 0.234375 0.6953125 0.234375 0.6953125 0.25 0.6796875 0.25
0 0.728515625 0.03515625 0.744140625 0.03515625 0.744140625 0.05078125 0.728515625 0.05078125
0 0.822265625 0.640625 0.837890625 0.640625 0.837890625 0.65625 0.822265625 0.65625
0 0.841796875 0.033203125 0.857421875 0.033203125 0.857421875 0.048828125 0.841796875 0.048828125
0 0.865234375 0.416015625 0.880859375 0.416015625 0.880859375 0.431640625 0.865234375 0.431640625
0 0.88671875 0.603515625 0.90234375 0.603515625 0.90234375 0.619140625 0.88671875 0.619140625
0 0.90625 0.578125 0.921875 0.578125 0.921875 0.59375 0.90625 0.59375
0 0.90625 0.126953125 0.921875 0.126953125 0.921875 0.142578125 0.90625 0.142578125
0 0.919921875 0.5546875 0.935546875 0.5546875 0.935546875 0.5703125 0.919921875 0.5703125
0 0.94140625 0.603515625 0.95703125 0.603515625 0.95703125 0.619140625 0.94140625 0.619140625
1 0.8951463539018986 0.16225866457712376 0.8968797132515661 0.15090563686218075 0.8633141677960995 0.14578091123807704 0.8615808084464319 0.15713393895302005
