0 0.6328125 0.0234375 0.6484375 0.0234375 0.6484375 0.0390625 0.6328125 0.0390625
0 0.71875 0.0 0.734375 0.0 0.734375 0.015625 0.71875 0.015625
0 0.736328125 0.03515625 0.751953125 0.03515625 0.751953125 0.05078125 0.736328125 0.05078125
0 0.755859375 -0.00390625 0.771484375 -0.00390625 0.771484375 0.01171875 0.755859375 0.01171875
0 0.76171875 0.0390625 0.77734375 0.0390625 0.77734375 0.0546875 0.76171875 0.0546875
0 0.763671875 0.009765625 0.779296875 0.009765625 0.779296875 0.025390625 0.763671875 0.025390625
0 0.783203125 0.00390625 0.798828125 0.00390625 0.798828125 0.01953125 0.783203125 0.01953125
0 0.78515625 0.02734375 0.80078125 0.02734375 0.80078125 0.04296875 0.78515625 0.04296875
0 0.796875 0.00390625 0.8125 0.00390625 0.8125 0.01953125 0.796875 0.01953125
0 0.798828125 0.02734375 0.814453125 0.02734375 0.814453125 0.04296875 0.798828125 0.04296875
0 0.814453125 0.0 0.830078125 0.0 0.830078125 0.015625 0.814453125 0.015625
0 0.826171875 0.021484375 0.841796875 0.021484375 0.841796875 0.037109375 0.826171875 0.037109375
0 0.830078125 0.013671875 0.845703125 0.013671875 0.845703125 0.029296875 0.830078125 0.029296875
0 0.833984375 -0.001953125 0.849609375 -0.001953125 0.849609375 0.013671875 0.833984375 0.013671875
1 0.6908339106442771 0.93943723879538 0.7092245648349906 0.9213028234837777 0.6082108176348366 0.8188617543152767 0.5898201634441231 0.8369961696268791
1 0.6750300110116236 0.8237662392418038 0.6837523097327782 0.8147612808949948 0.6510908424124486 0.7831250352104057 0.642368543691294 0.7921299935572147
1 0.502381092471855 0.673926801503014 0.5259302268919861 0.6644195451122372 0.47258126123450495 0.5322760631438976 0.44903212681437377 0.5417833195346744
