0 0.365234375 0.765625 0.380859375 0.765625 0.380859375 0.78125 0.365234375 0.78125
0 0.466796875 0.38671875 0.482421875 0.38671875 0.482421875 0.40234375 0.466796875 0.40234375
0 0.529296875 0.169921875 0.544921875 0.169921875 0.544921875 0.185546875 0.529296875 0.185546875
0 0.5703125 0.142578125 0.5859375 0.142578125 0.5859375 0.158203125 0.5703125 0.158203125
0 0.615234375 0.060546875 0.630859375 0.060546875 0.630859375 0.076171875 0.615234375 0.076171875
0 0.072265625 0.751953125 0.087890625 0.751953125 0.087890625 0.767578125 0.072265625 0.767578125
0 0.162109375 0.458984375 0.177734375 0.458984375 0.177734375 0.474609375 0.162109375 0.474609375
1 0.20257485344412904 0.03420383148306213 0.21000475029401708 0.022844331587074003 0.17748143837448974 0.0015718411613146292 0.1700515415246017 0.012931341057302752
1 0.26744070646817886 0.04625894522385597 0.27554081966787924 0.03516444084174791 0.22370857002680103 -0.0026783572705268823 0.21560845682710064 0.00841614711158117
1 0.20282244918183495 0.8320583295247468 0.2044257393771397 0.8185242371863839 0.14006775381728004 0.8109001923182098 0.1384644636219753 0.8244342846565726
1 0.778021364844467 0.17382294378123095 0.7782796737149315 0.15069101122297304 0.7663567965858918 0.15055787124791334 0.7660984877154274 0.17368980380617124
2 0.7092338620964372 0.7789931010862524 0.7211571089149181 0.7828124449920448 0.7089352084163832 0.8209668348111837 0.6970119615979024 0.8171474909053913
