0 0.36328125 0.908203125 0.37890625 0.908203125 0.37890625 0.923828125 0.36328125 0.923828125
0 0.40625 0.498046875 0.421875 0.498046875 0.421875 0.513671875 0.40625 0.513671875
0 0.630859375 0.85546875 0.646484375 0.85546875 0.646484375 0.87109375 0.630859375 0.87109375
0 0.7421875 0.744140625 0.7578125 0.744140625 0.7578125 0.759765625 0.7421875 0.759765625
2 0.4944694509817498 0.5714261927100361 0.5209315062287919 0.568679599929418 0.5076748597694377 0.44095840533752745 0.4812128045223957 0.4437049981181448
2 0.45835088595689305 1.0006307513039172 0.48770600179621265 1.0002347151780533 0.48681898012815944 0.9344866126258313 0.45746386428883984 0.9348826487516952
2 0.3876566622691293 0.24645448548812665 0.4029445995552066 0.24205384543050992 0.38266566591971873 0.1716043059115337 0.36737772863364143 0.17600494596915048
2 -0.0007986722469327967 0.8889103476946476 0.06730769230769229 0.8545673076923077 0.047815533573022456 0.8159120206632737 -0.020290830981602614 0.8502550606656136
2 0.37143302502848 0.2512943643125105 0.3866702756765786 0.2469083144278714 0.3683663733393915 0.18332008468000463 0.3531291226912928 0.1877061345646438
2 0.47118395467463525 0.5119964338795405 0.4869602602600702 0.5104091648479951 0.48033625503888255 0.44457134624753986 0.46455994945344753 0.4461586152790848
