0 0.232421875 0.26171875 0.248046875 0.26171875 0.248046875 0.27734375 0.232421875 0.27734375
0 0.240234375 0.23828125 0.255859375 0.23828125 0.255859375 0.25390625 0.240234375 0.25390625
0 0.54296875 0.421875 0.55859375 0.421875 0.55859375 0.4375 0.54296875 0.4375
0 0.55078125 0.4453125 0.56640625 0.4453125 0.56640625 0.4609375 0.55078125 0.4609375
0 0.55078125 0.46484375 0.56640625 0.46484375 0.56640625 0.48046875 0.55078125 0.48046875
0 0.556640625 0.404296875 0.572265625 0.404296875 0.572265625 0.419921875 0.556640625 0.419921875
0 0.5625 0.421875 0.578125 0.421875 0.578125 0.4375 0.5625 0.4375
0 0.56640625 0.447265625 0.58203125 0.447265625 0.58203125 0.462890625 0.56640625 0.462890625
0 0.568359375 0.46875 0.583984375 0.46875 0.583984375 0.484375 0.568359375 0.484375
0 0.583984375 0.447265625 0.599609375 0.447265625 0.599609375 0.462890625 0.583984375 0.462890625
0 0.591796875 0.408203125 0.607421875 0.408203125 0.607421875 0.423828125 0.591796875 0.423828125
0 0.59375 0.447265625 0.609375 0.447265625 0.609375 0.462890625 0.59375 0.462890625
0 0.59375 0.47265625 0.609375 0.47265625 0.609375 0.48828125 0.59375 0.48828125
0 0.59765625 0.37890625 0.61328125 0.37890625 0.61328125 0.39453125 0.59765625 0.39453125
0 0.599609375 0.423828125 0.615234375 0.423828125 0.615234375 0.439453125 0.599609375 0.439453125
0 0.599609375 0.439453125 0.615234375 0.439453125 0.615234375 0.455078125 0.599609375 0.455078125
0 0.603515625 0.482421875 0.619140625 0.482421875 0.619140625 0.498046875 0.603515625 0.498046875
0 0.61328125 0.470703125 0.62890625 0.470703125 0.62890625 0.486328125 0.61328125 0.486328125
0 0.625 0.443359375 0.640625 0.443359375 0.640625 0.458984375 0.625 0.458984375
0 0.625 0.5 0.640625 0.5 0.640625 0.515625 0.625 0.515625
0 0.626953125 0.427734375 0.642578125 0.427734375 0.642578125 0.443359375 0.626953125 0.443359375
0 0.634765625 0.466796875 0.650390625 0.466796875 0.650390625 0.482421875 0.634765625 0.482421875
0 0.638671875 0.494140625 0.654296875 0.494140625 0.654296875 0.509765625 0.638671875 0.509765625
0 0.638671875 0.5 0.654296875 0.5 0.654296875 0.515625 0.638671875 0.515625
0 0.640625 0.40625 0.65625 0.40625 0.65625 0.421875 0.640625 0.421875
0 0.640625 0.51171875 0.65625 0.51171875 0.65625 0.52734375 0.640625 0.52734375
0 0.642578125 0.3828125 0.658203125 0.3828125 0.658203125 0.3984375 0.642578125 0.3984375
0 0.6484375 0.447265625 0.6640625 0.447265625 0.6640625 0.462890625 0.6484375 0.462890625
0 0.65234375 0.474609375 0.66796875 0.474609375 0.66796875 0.490234375 0.65234375 0.490234375
0 0.66015625 0.505859375 0.67578125 0.505859375 0.67578125 0.521484375 0.66015625 0.521484375
0 0.666015625 0.4140625 0.681640625 0.4140625 0.681640625 0.4296875 0.666015625 0.4296875
0 0.66796875 0.455078125 0.68359375 0.455078125 0.68359375 0.470703125 0.66796875 0.470703125
0 0.66796875 0.4921875 0.68359375 0.4921875 0.68359375 0.5078125 0.66796875 0.5078125
0 0.671875 0.435546875 0.6875 0.435546875 0.6875 0.451171875 0.671875 0.451171875
0 0.6796875 0.470703125 0.6953125 0.470703125 0.6953125 0.486328125 0.6796875 0.486328125
0 0.68359375 0.501953125 0.69921875 0.501953125 0.69921875 0.517578125 0.68359375 0.517578125
0 0.69140625 0.4296875 0.70703125 0.4296875 0.70703125 0.4453125 0.69140625 0.4453125
0 0.69140625 0.482421875 0.70703125 0.482421875 0.70703125 0.498046875 0.69140625 0.498046875
0 0.693359375 0.4609375 0.708984375 0.4609375 0.708984375 0.4765625 0.693359375 0.4765625
0 0.697265625 0.490234375 0.712890625 0.490234375 0.712890625 0.505859375 0.697265625 0.505859375
0 0.708984375 0.42578125 0.724609375 0.42578125 0.724609375 0.44140625 0.708984375 0.44140625
0 0.708984375 0.46875 0.724609375 0.46875 0.724609375 0.484375 0.708984375 0.484375
0 0.751953125 0.19921875 0.767578125 0.19921875 0.767578125 0.21484375 0.751953125 0.21484375
0 0.751953125 0.43359375 0.767578125 0.43359375 0.767578125 0.44921875 0.751953125 0.44921875
0 0.7578125 0.53125 0.7734375 0.53125 0.7734375 0.546875 0.7578125 0.546875
0 0.759765625 0.482421875 0.775390625 0.482421875 0.775390625 0.498046875 0.759765625 0.498046875
0 0.76953125 0.458984375 0.78515625 0.458984375 0.78515625 0.474609375 0.76953125 0.474609375
0 0.76953125 0.498046875 0.78515625 0.498046875 0.78515625 0.513671875 0.76953125 0.513671875
0 0.77734375 0.51171875 0.79296875 0.51171875 0.79296875 0.52734375 0.77734375 0.52734375
0 0.779296875 0.544921875 0.794921875 0.544921875 0.794921875 0.560546875 0.779296875 0.560546875
0 0.783203125 0.525390625 0.798828125 0.525390625 0.798828125 0.541015625 0.783203125 0.541015625
0 0.7890625 0.46875 0.8046875 0.46875 0.8046875 0.484375 0.7890625 0.484375
0 0.796875 0.54296875 0.8125 0.54296875 0.8125 0.55859375 0.796875 0.55859375
0 0.806640625 0.529296875 0.822265625 0.529296875 0.822265625 0.544921875 0.806640625 0.544921875
0 0.810546875 0.50390625 0.826171875 0.50390625 0.826171875 0.51953125 0.810546875 0.51953125
0 0.8125 0.548828125 0.828125 0.548828125 0.828125 0.564453125 0.8125 0.564453125
0 0.8203125 0.490234375 0.8359375 0.490234375 0.8359375 0.505859375 0.8203125 0.505859375
0 0.8203125 0.515625 0.8359375 0.515625 0.8359375 0.53125 0.8203125 0.53125
0 0.826171875 0.552734375 0.841796875 0.552734375 0.841796875 0.568359375 0.826171875 0.568359375
0 0.833984375 0.53125 0.849609375 0.53125 0.849609375 0.546875 0.833984375 0.546875
0 0.83984375 0.55859375 0.85546875 0.55859375 0.85546875 0.57421875 0.83984375 0.57421875
0 0.841796875 0.482421875 0.857421875 0.482421875 0.857421875 0.498046875 0.841796875 0.498046875
0 0.84375 0.517578125 0.859375 0.517578125 0.859375 0.533203125 0.84375 0.533203125
0 0.85546875 0.498046875 0.87109375 0.498046875 0.87109375 0.513671875 0.85546875 0.513671875
0 0.857421875 0.447265625 0.873046875 0.447265625 0.873046875 0.462890625 0.857421875 0.462890625
0 0.857421875 0.533203125 0.873046875 0.533203125 0.873046875 0.548828125 0.857421875 0.548828125
0 0.869140625 0.46875 0.884765625 0.46875 0.884765625 0.484375 0.869140625 0.484375
0 0.875 0.515625 0.890625 0.515625 0.890625 0.53125 0.875 0.53125
0 0.884765625 0.380859375 0.900390625 0.380859375 0.900390625 0.396484375 0.884765625 0.396484375
0 0.890625 0.46484375 0.90625 0.46484375 0.90625 0.48046875 0.890625 0.48046875
0 0.8984375 0.52734375 0.9140625 0.52734375 0.9140625 0.54296875 0.8984375 0.54296875
0 0.900390625 0.51171875 0.916015625 0.51171875 0.916015625 0.52734375 0.900390625 0.52734375
0 0.91015625 0.4453125 0.92578125 0.4453125 0.92578125 0.4609375 0.91015625 0.4609375
0 0.912109375 0.478515625 0.927734375 0.478515625 0.927734375 0.494140625 0.912109375 0.494140625
0 0.919921875 0.48828125 0.935546875 0.48828125 0.935546875 0.50390625 0.919921875 0.50390625
0 0.923828125 0.515625 0.939453125 0.515625 0.939453125 0.53125 0.923828125 0.53125
0 0.9296875 0.361328125 0.9453125 0.361328125 0.9453125 0.376953125 0.9296875 0.376953125
0 0.9375 0.5 0.953125 0.5 0.953125 0.515625 0.9375 0.515625
0 0.94140625 0.48046875 0.95703125 0.48046875 0.95703125 0.49609375 0.94140625 0.49609375
0 0.943359375 0.427734375 0.958984375 0.427734375 0.958984375 0.443359375 0.943359375 0.443359375
0 0.9453125 0.2890625 0.9609375 0.2890625 0.9609375 0.3046875 0.9453125 0.3046875
0 0.947265625 0.40234375 0.962890625 0.40234375 0.962890625 0.41796875 0.947265625 0.41796875
0 0.96875 0.51171875 0.984375 0.51171875 0.984375 0.52734375 0.96875 0.52734375
0 0.97265625 0.451171875 0.98828125 0.451171875 0.98828125 0.466796875 0.97265625 0.466796875
0 0.984375 0.5 1.0 0.5 1.0 0.515625 0.984375 0.515625
0 0.990234375 0.44921875 1.005859375 0.44921875 1.005859375 0.46484375 0.990234375 0.46484375
0 0.177734375 0.1953125 0.193359375 0.1953125 0.193359375 0.2109375 0.177734375 0.2109375
1 0.42938606387798356 0.18673827646306185 0.44170351686249215 0.09908062825332031 0.4195280825453563 0.0959645867533383 0.4072106295608477 0.18362223496307983
1 0.1994930044734161 0.041906983712565724 0.22286696494235708 0.020860466570989795 0.21471701702240298 0.011809251150238693 0.191343056553462 0.03285576829181462
1 0.037209621200149846 0.5279621476407246 0.0700754993587559 0.5085177085405761 0.06324648993294876 0.49697500522182425 0.030380611774342696 0.5164194443219727
