0 0.19140625 0.857421875 0.20703125 0.857421875 0.20703125 0.873046875 0.19140625 0.873046875
0 0.1953125 0.890625 0.2109375 0.890625 0.2109375 0.90625 0.1953125 0.90625
0 0.197265625 0.92578125 0.212890625 0.92578125 0.212890625 0.94140625 0.197265625 0.94140625
0 0.203125 0.853515625 0.21875 0.853515625 0.21875 0.869140625 0.203125 0.869140625
0 0.203125 0.87890625 0.21875 0.87890625 0.21875 0.89453125 0.203125 0.89453125
0 0.013671875 0.107421875 0.029296875 0.107421875 0.029296875 0.123046875 0.013671875 0.123046875
0 0.2109375 0.8828125 0.2265625 0.8828125 0.2265625 0.8984375 0.2109375 0.8984375
0 0.212890625 0.91015625 0.228515625 0.91015625 0.228515625 0.92578125 0.212890625 0.92578125
0 0.22265625 0.873046875 0.23828125 0.873046875 0.23828125 0.888671875 0.22265625 0.888671875
0 0.224609375 0.8828125 0.240234375 0.8828125 0.240234375 0.8984375 0.224609375 0.8984375
0 0.0390625 0.111328125 0.0546875 0.111328125 0.0546875 0.126953125 0.0390625 0.126953125
0 0.560546875 0.703125 0.576171875 0.703125 0.576171875 0.71875 0.560546875 0.71875
0 0.05859375 0.083984375 0.07421875 0.083984375 0.07421875 0.099609375 0.05859375 0.099609375
0 0.072265625 0.0546875 0.087890625 0.0546875 0.087890625 0.0703125 0.072265625 0.0703125
0 0.84375 0.498046875 0.859375 0.498046875 0.859375 0.513671875 0.84375 0.513671875
0 0.849609375 0.490234375 0.865234375 0.490234375 0.865234375 0.505859375 0.849609375 0.505859375
0 0.08203125 0.015625 0.09765625 0.015625 0.09765625 0.03125 0.08203125 0.03125
0 0.9140625 0.251953125 0.9296875 0.251953125 0.9296875 0.267578125 0.9140625 0.267578125
0 0.916015625 0.24609375 0.931640625 0.24609375 0.931640625 0.26171875 0.916015625 0.26171875
0 0.92578125 0.26171875 0.94140625 0.26171875 0.94140625 0.27734375 0.92578125 0.27734375
0 0.9296875 0.251953125 0.9453125 0.251953125 0.9453125 0.267578125 0.9296875 0.267578125
0 0.935546875 0.2265625 0.951171875 0.2265625 0.951171875 0.2421875 0.935546875 0.2421875
0 0.9453125 0.177734375 0.9609375 0.177734375 0.9609375 0.193359375 0.9453125 0.193359375
0 0.94921875 0.26953125 0.96484375 0.26953125 0.96484375 0.28515625 0.94921875 0.28515625
0 0.953125 0.201171875 0.96875 0.201171875 0.96875 0.216796875 0.953125 0.216796875
0 0.953125 0.20703125 0.96875 0.20703125 0.96875 0.22265625 0.953125 0.22265625
0 0.95703125 0.21875 0.97265625 0.21875 0.97265625 0.234375 0.95703125 0.234375
0 0.958984375 0.236328125 0.974609375 0.236328125 0.974609375 0.251953125 0.958984375 0.251953125
0 0.9609375 0.1796875 0.9765625 0.1796875 0.9765625 0.1953125 0.9609375 0.1953125
0 0.962890625 0.1328125 0.978515625 0.1328125 0.978515625 0.1484375 0.962890625 0.1484375
0 0.96484375 0.162109375 0.98046875 0.162109375 0.98046875 0.177734375 0.96484375 0.177734375
0 0.966796875 0.19140625 0.982421875 0.19140625 0.982421875 0.20703125 0.966796875 0.20703125
0 0.966796875 0.125 0.982421875 0.125 0.982421875 0.140625 0.966796875 0.140625
0 0.970703125 0.21875 0.986328125 0.21875 0.986328125 0.234375 0.970703125 0.234375
0 0.97265625 0.142578125 0.98828125 0.142578125 0.98828125 0.158203125 0.97265625 0.158203125
0 0.9765625 0.251953125 0.9921875 0.251953125 0.9921875 0.267578125 0.9765625 0.267578125
0 0.978515625 0.20703125 0.994140625 0.20703125 0.994140625 0.22265625 0.978515625 0.22265625
0 0.978515625 0.283203125 0.994140625 0.283203125 0.994140625 0.298828125 0.978515625 0.298828125
0 0.978515625 0.091796875 0.994140625 0.091796875 0.994140625 0.107421875 0.978515625 0.107421875
0 0.98046875 0.12109375 0.99609375 0.12109375 0.99609375 0.13671875 0.98046875 0.13671875
0 0.982421875 0.193359375 0.998046875 0.193359375 0.998046875 0.208984375 0.982421875 0.208984375
0 0.982421875 0.265625 0.998046875 0.265625 0.998046875 0.28125 0.982421875 0.28125
0 0.984375 0.080078125 1.0 0.080078125 1.0 0.095703125 0.984375 0.095703125
0 0.984375 0.138671875 1.0 0.138671875 1.0 0.154296875 0.984375 0.154296875
0 0.984375 0.171875 1.0 0.171875 1.0 0.1875 0.984375 0.1875
0 0.986328125 0.228515625 1.001953125 0.228515625 1.001953125 0.244140625 0.986328125 0.244140625
0 0.98828125 0.212890625 1.00390625 0.212890625 1.00390625 0.228515625 0.98828125 0.228515625
0 0.98828125 0.28125 1.00390625 0.28125 1.00390625 0.296875 0.98828125 0.296875
0 0.990234375 0.240234375 1.005859375 0.240234375 1.005859375 0.255859375 0.990234375 0.255859375
0 0.990234375 0.158203125 1.005859375 0.158203125 1.005859375 0.173828125 0.990234375 0.173828125
0 0.103515625 0.02734375 0.119140625 0.02734375 0.119140625 0.04296875 0.103515625 0.04296875
0 0.115234375 0.849609375 0.130859375 0.849609375 0.130859375 0.865234375 0.115234375 0.865234375
0 0.1328125 0.853515625 0.1484375 0.853515625 0.1484375 0.869140625 0.1328125 0.869140625
0 0.13671875 0.00390625 0.15234375 0.00390625 0.15234375 0.01953125 0.13671875 0.01953125
0 0.154296875 0.912109375 0.169921875 0.912109375 0.169921875 0.927734375 0.154296875 0.927734375
0 0.15625 0.873046875 0.171875 0.873046875 0.171875 0.888671875 0.15625 0.888671875
0 0.169921875 0.94921875 0.185546875 0.94921875 0.185546875 0.96484375 0.169921875 0.96484375
0 0.173828125 0.8515625 0.189453125 0.8515625 0.189453125 0.8671875 0.173828125 0.8671875
1 0.7538156583785058 0.8902286819143324 0.762904438863724 0.8573305775668041 0.7495714351655005 0.8536470600442858 0.7404826546802823 0.8865451643918141
