0 0.20703125 0.314453125 0.22265625 0.314453125 0.22265625 0.330078125 0.20703125 0.330078125
0 0.291015625 0.263671875 0.306640625 0.263671875 0.306640625 0.279296875 0.291015625 0.279296875
0 0.767578125 0.53515625 0.783203125 0.53515625 0.783203125 0.55078125 0.767578125 0.55078125
0 0.779296875 0.5859375 0.794921875 0.5859375 0.794921875 0.6015625 0.779296875 0.6015625
0 0.79296875 0.576171875 0.80859375 0.576171875 0.80859375 0.591796875 0.79296875 0.591796875
0 0.810546875 0.556640625 0.826171875 0.556640625 0.826171875 0.572265625 0.810546875 0.572265625
0 0.826171875 0.58984375 0.841796875 0.58984375 0.841796875 0.60546875 0.826171875 0.60546875
0 0.826171875 0.634765625 0.841796875 0.634765625 0.841796875 0.650390625 0.826171875 0.650390625
0 0.826171875 0.6640625 0.841796875 0.6640625 0.841796875 0.6796875 0.826171875 0.6796875
0 0.8359375 0.6171875 0.8515625 0.6171875 0.8515625 0.6328125 0.8359375 0.6328125
0 0.84375 0.638671875 0.859375 0.638671875 0.859375 0.654296875 0.84375 0.654296875
0 0.84765625 0.66796875 0.86328125 0.66796875 0.86328125 0.68359375 0.84765625 0.68359375
0 0.849609375 0.595703125 0.865234375 0.595703125 0.865234375 0.611328125 0.849609375 0.611328125
0 0.8515625 0.541015625 0.8671875 0.541015625 0.8671875 0.556640625 0.8515625 0.556640625
0 0.861328125 0.646484375 0.876953125 0.646484375 0.876953125 0.662109375 0.861328125 0.662109375
0 0.873046875 0.6796875 0.888671875 0.6796875 0.888671875 0.6953125 0.873046875 0.6953125
0 0.884765625 0.65234375 0.900390625 0.65234375 0.900390625 0.66796875 0.884765625 0.66796875
0 0.892578125 0.537109375 0.908203125 0.537109375 0.908203125 0.552734375 0.892578125 0.552734375
0 0.8984375 0.642578125 0.9140625 0.642578125 0.9140625 0.658203125 0.8984375 0.658203125
0 0.900390625 0.673828125 0.916015625 0.673828125 0.916015625 0.689453125 0.900390625 0.689453125
0 0.908203125 0.38671875 0.923828125 0.38671875 0.923828125 0.40234375 0.908203125 0.40234375
0 0.908203125 0.701171875 0.923828125 0.701171875 0.923828125 0.716796875 0.908203125 0.716796875
0 0.931640625 0.6796875 0.947265625 0.6796875 0.947265625 0.6953125 0.931640625 0.6953125
0 0.966796875 0.66015625 0.982421875 0.66015625 0.982421875 0.67578125 0.966796875 0.67578125
1 0.6038543821420568 0.42889700231630556 0.6116923572563056 0.4131988708100863 0.5658182262334925 0.3902942151061798 0.5579802511192438 0.405992346612399
1 0.954716810449129 0.5134626248537447 0.9977328151076783 0.4979333514931828 0.9914287240662518 0.4804710528195951 0.9484127194077026 0.4960003261801571
1 0.6713122314805003 0.39898142723944596 0.6848587597867836 0.3847222269898055 0.655503179614125 0.35683383277454694 0.6419566513078417 0.3710930330241874
1 0.029602909029680626 0.3166534701988798 0.08649886563657389 0.2912511853788372 0.0768413529384552 0.26962031920694296 0.019945396331561945 0.29502260402698555
1 0.11052188683780201 0.10967948319626795 0.08344430453759363 0.10130340543902562 0.08709932028620848 0.08948773316257107 0.11417690258641686 0.09786381091981343
