0 0.431640625 0.0390625 0.447265625 0.0390625 0.447265625 0.0546875 0.431640625 0.0546875
0 0.759765625 0.19921875 0.775390625 0.19921875 0.775390625 0.21484375 0.759765625 0.21484375
0 0.896484375 0.13671875 0.912109375 0.13671875 0.912109375 0.15234375 0.896484375 0.15234375
0 0.939453125 0.47265625 0.955078125 0.47265625 0.955078125 0.48828125 0.939453125 0.48828125
0 0.9453125 0.484375 0.9609375 0.484375 0.9609375 0.5 0.9453125 0.5
0 0.94921875 0.494140625 0.96484375 0.494140625 0.96484375 0.509765625 0.94921875 0.509765625
0 0.951171875 0.458984375 0.966796875 0.458984375 0.966796875 0.474609375 0.951171875 0.474609375
0 0.9609375 0.521484375 0.9765625 0.521484375 0.9765625 0.537109375 0.9609375 0.537109375
0 0.962890625 0.474609375 0.978515625 0.474609375 0.978515625 0.490234375 0.962890625 0.490234375
0 0.970703125 0.498046875 0.986328125 0.498046875 0.986328125 0.513671875 0.970703125 0.513671875
0 0.97265625 0.486328125 0.98828125 0.486328125 0.98828125 0.501953125 0.97265625 0.501953125
0 0.974609375 0.478515625 0.990234375 0.478515625 0.990234375 0.494140625 0.974609375 0.494140625
0 0.98046875 0.5234375 0.99609375 0.5234375 0.99609375 0.5390625 0.98046875 0.5390625
1 0.08279041702942658 0.06869895857689409 0.08417284898111643 0.05596019585820587 0.04804863278670503 0.05203993517043562 0.04666620083501516 0.06477869788912384
1 0.8758719765149989 0.2849279479079554 0.8803820619340321 0.26420898950808436 0.7611254848039708 0.23824931821295528 0.7566153993849376 0.2589682766128263
1 0.4613333397902771 0.04472893378251224 0.46537092892998205 0.027531060758543786 0.3724977916680054 0.005726994066303682 0.3684602025283004 0.02292486709027213
1 0.7843228381031245 0.10427197475345673 0.789742504505586 0.09101020723801975 0.748761792863062 0.07426268200962005 0.7433421264606005 0.08752444952505703
1 0.2297898614118043 0.14076874347672733 0.23293978857600078 0.12219906106093484 0.1252383506586608 0.10392994491114348 0.12208842349446429 0.12249962732693596
1 0.23633029463997735 0.018413827870468028 0.23709769021338262 0.002965666775352486 0.21669281121977912 0.001952043618579976 0.21592541564637385 0.01740020471369552
1 0.3409125670790858 0.025847592009311846 0.34282301791012826 0.005918810164565372 0.2687935963272863 -0.001177939204579521 0.2668831454962438 0.01875084264016695
1 0.2475933138060916 0.059128947013827246 0.25092603148122844 0.044204975439295885 0.22277134621855135 0.03791766667941006 0.21943862854341453 0.05284163825394142
1 0.6430206072972756 0.15639087296501664 0.6464905689330464 0.1318974217781455 0.5143498408152122 0.11317718290313217 0.5108798791794414 0.1376706340900033
1 0.14786563199276467 0.14620685158861207 0.1450555797002216 0.1582514710338405 0.1244793548146231 0.15345096503407923 0.12728940710716619 0.1414063455888509
