0 0.314453125 0.900390625 0.330078125 0.900390625 0.330078125 0.916015625 0.314453125 0.916015625
0 0.40234375 0.51953125 0.41796875 0.51953125 0.41796875 0.53515625 0.40234375 0.53515625
0 0.779296875 0.8828125 0.794921875 0.8828125 0.794921875 0.8984375 0.779296875 0.8984375
0 0.142578125 0.73828125 0.158203125 0.73828125 0.158203125 0.75390625 0.142578125 0.75390625
1 0.61640626 0.4488281 0.6310547 0.4439453 0.64843756 0.49609375 0.6337891 0.50097656
1 0.5366586 0.20282449 0.5581129 0.12415863 0.5748046 0.12871091 0.55335027 0.20737678
1 0.72656256 0.07031249 0.74366564 0.06746199 0.7511086 0.112119935 0.7340055 0.11497044
1 0.5957032 0.029296871 0.61367196 -0.0066406294 0.62851566 0.00078124367 0.6105469 0.036718745
1 0.2227225 0.74899614 0.2381362 0.74792075 0.24493533 0.8453752 0.22952163 0.84645057
1 0.69425684 0.37061864 0.7072424 0.3684544 0.7131018 0.40361065 0.7001162 0.4057749
2 0.5314344579177709 0.7318383655784848 0.5441892456870973 0.6864879749443259 0.5631009615384616 0.6918068910256411 0.5503461737691354 0.7371572816598001
