0 0.21875 0.927734375 0.234375 0.927734375 0.234375 0.943359375 0.21875 0.943359375
0 0.6875 0.078125 0.703125 0.078125 0.703125 0.09375 0.6875 0.09375
0 0.806640625 0.578125 0.822265625 0.578125 0.822265625 0.59375 0.806640625 0.59375
0 0.912109375 0.662109375 0.927734375 0.662109375 0.927734375 0.677734375 0.912109375 0.677734375
1 0.8988367375489494 0.8804947544735342 0.9970498183220624 0.8682088285780685 0.9942680540922859 0.8459715436297983 0.8960549733191729 0.858257469525264
1 0.35426753909772546 0.9839941804014801 0.4501373793554795 0.9360071118883074 0.439120112345756 0.9139965231812835 0.34325027208800196 0.9619835916944562
1 0.7483545042049858 0.8467931481943097 0.7951621765352511 0.8312985657531647 0.7901815675723579 0.8162526157751117 0.7433738952420926 0.8317471982162566
1 0.9624051989202573 1.0055800288356709 0.9664959990501318 0.9885933488719079 0.9318867980356142 0.9802586228214336 0.9277959979057397 0.9972453027851966
1 0.2846048015100804 0.8723951061631937 0.36857352162222834 0.8571835055348996 0.36525510373283954 0.838865689430068 0.2812863836206916 0.8540772900583621
1 0.6582136844706993 0.9709359209140624 0.6950303874216369 0.9612344044364327 0.6902512813496132 0.9430979688564454 0.6534345783986756 0.9527994853340751
1 1.0007000145015519 0.982699666783105 1.0011974561904318 0.9667824625905602 0.9558456960621078 0.9653651372940434 0.9553482543732277 0.9812823414865882
1 0.6661095009681357 0.999954227597626 0.6653941126127285 0.984653376629166 0.5863727940681802 0.988348003237335 0.5870881824235874 1.003648854205795
