0 0.234375 0.853515625 0.25 0.853515625 0.25 0.869140625 0.234375 0.869140625
0 0.263671875 0.2890625 0.279296875 0.2890625 0.279296875 0.3046875 0.263671875 0.3046875
0 0.265625 0.80859375 0.28125 0.80859375 0.28125 0.82421875 0.265625 0.82421875
0 0.26953125 0.814453125 0.28515625 0.814453125 0.28515625 0.830078125 0.26953125 0.830078125
0 0.283203125 0.82421875 0.298828125 0.82421875 0.298828125 0.83984375 0.283203125 0.83984375
0 0.33203125 0.951171875 0.34765625 0.951171875 0.34765625 0.966796875 0.33203125 0.966796875
0 0.349609375 0.04296875 0.365234375 0.04296875 0.365234375 0.05859375 0.349609375 0.05859375
0 0.357421875 0.515625 0.373046875 0.515625 0.373046875 0.53125 0.357421875 0.53125
0 0.48046875 0.466796875 0.49609375 0.466796875 0.49609375 0.482421875 0.48046875 0.482421875
0 0.50390625 0.87890625 0.51953125 0.87890625 0.51953125 0.89453125 0.50390625 0.89453125
0 0.66796875 0.9453125 0.68359375 0.9453125 0.68359375 0.9609375 0.66796875 0.9609375
0 0.693359375 0.75 0.708984375 0.75 0.708984375 0.765625 0.693359375 0.765625
0 0.73828125 0.13671875 0.75390625 0.13671875 0.75390625 0.15234375 0.73828125 0.15234375
0 0.80078125 0.73828125 0.81640625 0.73828125 0.81640625 0.75390625 0.80078125 0.75390625
0 0.91796875 0.71484375 0.93359375 0.71484375 0.93359375 0.73046875 0.91796875 0.73046875
1 0.26147983045356865 0.6936380737468084 0.2715651140824173 0.6867554422894273 0.2565418723128498 0.6647415286854426 0.24645658868400114 0.6716241601428237
1 0.7382716284362962 0.5075901289828214 0.7561893259760675 0.44904335617863383 0.739613141003401 0.4439703683011142 0.7216954434636298 0.5025171411053018
1 0.6845449730876783 0.6546489907819242 0.6880616283718033 0.6359411234441212 0.581304736423125 0.6158732460421115 0.5777880811389999 0.6345811133799144
1 0.459400845388159 0.2152461822385185 0.47407816267656194 0.2107374420357805 0.46214024939180925 0.17187591239267658 0.4474629321034063 0.17638465259541458
1 0.15541601581594894 0.5860239331956623 0.16384770070818952 0.5737563316719169 0.04661681456548348 0.49318199204406366 0.03818512967324288 0.505449593567809
1 0.5371956600557771 0.7756317069773327 0.5565090397571978 0.7651763706905251 0.4973908887494596 0.6559717247243274 0.47807750904803903 0.666427061011135
1 0.046319210175308975 0.5303497731498709 0.05271200778541151 0.5192402529363698 0.024122382541949303 0.5027888054915001 0.017729584931846763 0.5138983257050012
