0 0.75390625 0.61328125 0.76953125 0.61328125 0.76953125 0.62890625 0.75390625 0.62890625
2 0.3949101120165066 0.40070236426867867 0.40719969660047256 0.38397920755972303 0.3306640625 0.327734375 0.31837447791603407 0.3444575317089557
2 0.3968380497808108 0.7815257446023159 0.487269631400831 0.7433409594116581 0.4808970170944069 0.7282489381286554 0.3904654354743867 0.7664337233193134
2 0.4253871763124882 0.3164970632141722 0.43239933523409146 0.3055719058097565 0.3732230964216034 0.26759046759558436 0.3662109375 0.278515625
2 0.3865859064161988 0.7560511830502153 0.4719550083682422 0.7210488568781536 0.4664642374179101 0.7076571130623278 0.38109513546586665 0.7426594392343898
2 0.3890625 0.341015625 0.39600210881964165 0.3302035028665329 0.3474418464216034 0.29903578009558435 0.34050223760196174 0.3098479022290514
2 0.6496520323550757 0.2516554917346849 0.6577198554807497 0.24148496239418732 0.6026310681229181 0.19778550706287668 0.5945632449972441 0.2079560364033741
2 0.37742992302671974 0.8804633944434235 0.4377461533404477 0.8557025715490831 0.43228330105864615 0.8423953136358443 0.3719670707449182 0.867156136530185
2 0.11915212750294465 0.2861684702591284 0.1263003369619574 0.2764414834635395 0.05460859282979978 0.22375634938162542 0.04746038337078706 0.23348333617721434
2 0.9203175844264155 0.1567383979560279 0.9274785074845322 0.1618506454232113 0.9590228852484688 0.1176652135688783 0.951861962190352 0.11255296610169492
2 0.902855345640094 0.14445834721296597 0.9085482190229938 0.14852254079478883 0.9300532058470459 0.11839967272132745 0.9243603324641461 0.11433547913950456
2 0.890076910865965 0.13505159288255764 0.8959840485536327 0.13926875168135988 0.9193177472052686 0.10658433611301342 0.913410609517601 0.10236717731421122
2 0.8826056347903457 0.13038140872349632 0.8885127724780134 0.13459856752229857 0.9118464711296493 0.10191415195395215 0.9059393334419817 0.09769699315514993
2 0.8769964146023468 0.12452126792698827 0.881918070124619 0.12803488213201256 0.8995369453799753 0.10335544106738108 0.8946152898577031 0.09984182686235672
2 0.8718169410039113 0.1208696626466754 0.8767385965261835 0.12438327685169971 0.8943574717815398 0.09970383578706818 0.8894358162592676 0.09619022158204382
2 0.8587434810951758 0.1100880052151239 0.863665136617448 0.11360161942014821 0.8812840118728044 0.08892217835551668 0.8763623563505322 0.08540856415049232
2 0.8538186522164275 0.10669104465449808 0.8587403077386997 0.1102046588595224 0.876359182994056 0.08552521779489086 0.8714375274717838 0.0820116035898665
2 0.9075648109180595 0.2008223459393371 0.9312357398956975 0.21772123533246415 0.935765032394663 0.21137687987999476 0.912094103417025 0.19447799048686779
