0 0.232421875 0.029296875 0.248046875 0.029296875 0.248046875 0.044921875 0.232421875 0.044921875
0 0.244140625 -0.00390625 0.259765625 -0.00390625 0.259765625 0.01171875 0.244140625 0.01171875
0 0.244140625 0.0078125 0.259765625 0.0078125 0.259765625 0.0234375 0.244140625 0.0234375
0 0.24609375 0.021484375 0.26171875 0.021484375 0.26171875 0.037109375 0.24609375 0.037109375
0 0.25390625 0.03515625 0.26953125 0.03515625 0.26953125 0.05078125 0.25390625 0.05078125
0 0.2734375 0.009765625 0.2890625 0.009765625 0.2890625 0.025390625 0.2734375 0.025390625
0 0.275390625 0.025390625 0.291015625 0.025390625 0.291015625 0.041015625 0.275390625 0.041015625
0 0.28125 0.0390625 0.296875 0.0390625 0.296875 0.0546875 0.28125 0.0546875
0 0.287109375 0.07421875 0.302734375 0.07421875 0.302734375 0.08984375 0.287109375 0.08984375
0 0.306640625 0.025390625 0.322265625 0.025390625 0.322265625 0.041015625 0.306640625 0.041015625
0 0.314453125 -0.0078125 0.330078125 -0.0078125 0.330078125 0.0078125 0.314453125 0.0078125
0 0.5625 0.0234375 0.578125 0.0234375 0.578125 0.0390625 0.5625 0.0390625
1 0.768900542005004 0.05016436842980879 0.7762823507899378 0.03416706851049667 0.6817959263482675 -0.009432834067969487 0.6744141175633337 0.006564465851342629
