0 0.265625 0.357421875 0.28125 0.357421875 0.28125 0.373046875 0.265625 0.373046875
0 0.271484375 0.373046875 0.287109375 0.373046875 0.287109375 0.388671875 0.271484375 0.388671875
0 0.38671875 0.115234375 0.40234375 0.115234375 0.40234375 0.130859375 0.38671875 0.130859375
0 0.388671875 0.220703125 0.404296875 0.220703125 0.404296875 0.236328125 0.388671875 0.236328125
0 0.392578125 0.134765625 0.408203125 0.134765625 0.408203125 0.150390625 0.392578125 0.150390625
0 0.404296875 0.03125 0.419921875 0.03125 0.419921875 0.046875 0.404296875 0.046875
0 0.41015625 0.064453125 0.42578125 0.064453125 0.42578125 0.080078125 0.41015625 0.080078125
0 0.4140625 0.095703125 0.4296875 0.095703125 0.4296875 0.111328125 0.4140625 0.111328125
0 0.4140625 0.1328125 0.4296875 0.1328125 0.4296875 0.1484375 0.4140625 0.1484375
0 0.423828125 0.10546875 0.439453125 0.10546875 0.439453125 0.12109375 0.423828125 0.12109375
0 0.44921875 0.470703125 0.46484375 0.470703125 0.46484375 0.486328125 0.44921875 0.486328125
0 0.603515625 0.498046875 0.619140625 0.498046875 0.619140625 0.513671875 0.603515625 0.513671875
0 0.60546875 0.46875 0.62109375 0.46875 0.62109375 0.484375 0.60546875 0.484375
0 0.625 0.43359375 0.640625 0.43359375 0.640625 0.44921875 0.625 0.44921875
0 0.671875 0.513671875 0.6875 0.513671875 0.6875 0.529296875 0.671875 0.529296875
0 0.693359375 0.498046875 0.708984375 0.498046875 0.708984375 0.513671875 0.693359375 0.513671875
0 0.693359375 0.724609375 0.708984375 0.724609375 0.708984375 0.740234375 0.693359375 0.740234375
0 0.720703125 0.552734375 0.736328125 0.552734375 0.736328125 0.568359375 0.720703125 0.568359375
0 0.72265625 0.697265625 0.73828125 0.697265625 0.73828125 0.712890625 0.72265625 0.712890625
0 0.728515625 0.42578125 0.744140625 0.42578125 0.744140625 0.44140625 0.728515625 0.44140625
0 0.740234375 0.64453125 0.755859375 0.64453125 0.755859375 0.66015625 0.740234375 0.66015625
0 0.7421875 0.935546875 0.7578125 0.935546875 0.7578125 0.951171875 0.7421875 0.951171875
0 0.748046875 0.697265625 0.763671875 0.697265625 0.763671875 0.712890625 0.748046875 0.712890625
0 0.75 0.68359375 0.765625 0.68359375 0.765625 0.69921875 0.75 0.69921875
1 0.3111401144770455 0.5393278858612954 0.3201992053345598 0.5295528613805708 0.29344672519885784 0.5047597625304282 0.2843876343413435 0.5145347870111528
1 0.32107684479785054 0.48218741264444065 0.32773002510201027 0.4713455249691939 0.2972018970386973 0.45261178169149685 0.2905487167345376 0.4634536693667436
1 0.3246840222539852 0.38008374781293186 0.3263582836627624 0.35798168862389823 0.31404709976292156 0.3570490994961807 0.3123728383541443 0.3791511586852143
