0 0.373046875 0.939453125 0.388671875 0.939453125 0.388671875 0.955078125 0.373046875 0.955078125
0 0.40625 0.91015625 0.421875 0.91015625 0.421875 0.92578125 0.40625 0.92578125
0 0.4609375 0.958984375 0.4765625 0.958984375 0.4765625 0.974609375 0.4609375 0.974609375
0 0.462890625 0.951171875 0.478515625 0.951171875 0.478515625 0.966796875 0.462890625 0.966796875
0 0.46875 0.826171875 0.484375 0.826171875 0.484375 0.841796875 0.46875 0.841796875
0 0.4921875 0.9140625 0.5078125 0.9140625 0.5078125 0.9296875 0.4921875 0.9296875
0 0.505859375 0.6328125 0.521484375 0.6328125 0.521484375 0.6484375 0.505859375 0.6484375
0 0.515625 0.8046875 0.53125 0.8046875 0.53125 0.8203125 0.515625 0.8203125
0 0.5234375 0.935546875 0.5390625 0.935546875 0.5390625 0.951171875 0.5234375 0.951171875
0 0.525390625 0.970703125 0.541015625 0.970703125 0.541015625 0.986328125 0.525390625 0.986328125
0 0.533203125 0.896484375 0.548828125 0.896484375 0.548828125 0.912109375 0.533203125 0.912109375
0 0.560546875 0.49609375 0.576171875 0.49609375 0.576171875 0.51171875 0.560546875 0.51171875
0 0.572265625 0.505859375 0.587890625 0.505859375 0.587890625 0.521484375 0.572265625 0.521484375
0 0.572265625 0.525390625 0.587890625 0.525390625 0.587890625 0.541015625 0.572265625 0.541015625
0 0.57421875 0.83984375 0.58984375 0.83984375 0.58984375 0.85546875 0.57421875 0.85546875
0 0.576171875 0.4921875 0.591796875 0.4921875 0.591796875 0.5078125 0.576171875 0.5078125
0 0.578125 0.9765625 0.59375 0.9765625 0.59375 0.9921875 0.578125 0.9921875
0 0.595703125 0.578125 0.611328125 0.578125 0.611328125 0.59375 0.595703125 0.59375
0 0.599609375 0.962890625 0.615234375 0.962890625 0.615234375 0.978515625 0.599609375 0.978515625
0 0.609375 0.91015625 0.625 0.91015625 0.625 0.92578125 0.609375 0.92578125
0 0.6171875 0.462890625 0.6328125 0.462890625 0.6328125 0.478515625 0.6171875 0.478515625
0 0.619140625 0.81640625 0.634765625 0.81640625 0.634765625 0.83203125 0.619140625 0.83203125
0 0.619140625 0.884765625 0.634765625 0.884765625 0.634765625 0.900390625 0.619140625 0.900390625
0 0.623046875 0.46875 0.638671875 0.46875 0.638671875 0.484375 0.623046875 0.484375
0 0.634765625 0.705078125 0.650390625 0.705078125 0.650390625 0.720703125 0.634765625 0.720703125
0 0.63671875 0.466796875 0.65234375 0.466796875 0.65234375 0.482421875 0.63671875 0.482421875
0 0.7109375 0.984375 0.7265625 0.984375 0.7265625 1.0 0.7109375 1.0
0 0.76171875 0.791015625 0.77734375 0.791015625 0.77734375 0.806640625 0.76171875 0.806640625
0 0.771484375 0.84375 0.787109375 0.84375 0.787109375 0.859375 0.771484375 0.859375
0 0.791015625 0.556640625 0.806640625 0.556640625 0.806640625 0.572265625 0.791015625 0.572265625
0 0.791015625 0.974609375 0.806640625 0.974609375 0.806640625 0.990234375 0.791015625 0.990234375
0 0.826171875 0.8828125 0.841796875 0.8828125 0.841796875 0.8984375 0.826171875 0.8984375
0 0.830078125 0.89453125 0.845703125 0.89453125 0.845703125 0.91015625 0.830078125 0.91015625
