0 0.525390625 -0.005859375 0.541015625 -0.005859375 0.541015625 0.009765625 0.525390625 0.009765625
0 0.55859375 0.55859375 0.57421875 0.55859375 0.57421875 0.57421875 0.55859375 0.57421875
0 0.625 0.58203125 0.640625 0.58203125 0.640625 0.59765625 0.625 0.59765625
0 0.828125 0.876953125 0.84375 0.876953125 0.84375 0.892578125 0.828125 0.892578125
0 0.87109375 0.8984375 0.88671875 0.8984375 0.88671875 0.9140625 0.87109375 0.9140625
0 0.888671875 0.310546875 0.904296875 0.310546875 0.904296875 0.326171875 0.888671875 0.326171875
0 0.912109375 0.943359375 0.927734375 0.943359375 0.927734375 0.958984375 0.912109375 0.958984375
0 0.92578125 0.916015625 0.94140625 0.916015625 0.94140625 0.931640625 0.92578125 0.931640625
1 0.6979197792447472 0.17507150912140465 0.7016026119385171 0.16414392528011038 0.6685393519960975 0.15300088977958107 0.6648565193023276 0.16392847362087534
1 0.6191891925548076 0.2118481017574682 0.657457490837662 0.18806285512253157 0.6510745985294819 0.17779336199909307 0.6128063002466275 0.2015786086340297
1 0.6536130177123867 0.1441540888169784 0.6599719848653103 0.13730011206845344 0.6481905711548008 0.12636957851853187 0.6418316040018772 0.13322355526705681
1 0.551432155170857 0.342017758529581 0.5426624647433368 0.3393049753824946 0.5499350323291431 0.3157947414704191 0.5587047227566634 0.3185075246175057
1 0.8446303863580319 0.16010088983773463 0.8697725893868683 0.1565578029424708 0.8709445335137632 0.16487407009816285 0.8458023304849268 0.1684171569934267
1 0.9178839601783061 0.3350012606159616 0.934852841746108 0.34427140286631625 0.9303582273216937 0.3524987393840384 0.9133893457538917 0.34322859713368375
1 0.894140625 0.3376953125 0.909226866853785 0.34593696398710827 0.9057488523216938 0.35230342688403843 0.890662610467909 0.3440617753969302
2 0.6476615250690804 0.055165436777725424 0.7063301282051282 0.0022035256410256297 0.6889809028091958 -0.017015093884327672 0.6303122996731478 0.03594681725237199
2 0.6671901730257803 0.42833769158445106 0.6801411657334244 0.42126253202231667 0.7132715055281568 0.48190721223273725 0.7003205128205128 0.4889823717948718
2 0.7514022435897436 0.7799479166666667 0.7649238782051282 0.7799479166666667 0.7649238782051282 0.8220152243589745 0.7514022435897436 0.8220152243589745
2 0.7839543269230769 0.7879607371794872 0.79296875 0.7879607371794872 0.79296875 0.8215144230769231 0.7839543269230769 0.8215144230769231
2 0.8119991987179487 0.7919671474358975 0.8240184294871795 0.7919671474358975 0.8240184294871795 0.8185096153846154 0.8119991987179487 0.8185096153846154
2 0.8475186136925958 0.7551152154562303 0.8839791672113866 0.7484805057038717 0.8816480529740709 0.7356700409540261 0.8451874994552802 0.7423047507063848
2 0.8501227803592626 0.782759446225461 0.8865833338780533 0.7761247364731024 0.8842522196407376 0.7633142717232568 0.8477916661219469 0.7699489814756155
2 0.8423101421319603 0.7012551112171349 0.8706578531088225 0.6960966916013076 0.8683917814896828 0.6836436637175062 0.8400440705128205 0.6888020833333334
2 0.8445512820512822 0.6832932692307693 0.8658405790384682 0.6794192658844144 0.8639847302076314 0.6692205867944293 0.8426954332204457 0.6730945901407844
