0 0.51953125 0.4375 0.53515625 0.4375 0.53515625 0.453125 0.51953125 0.453125
0 0.5546875 0.015625 0.5703125 0.015625 0.5703125 0.03125 0.5546875 0.03125
0 0.701171875 0.037109375 0.716796875 0.037109375 0.716796875 0.052734375 0.701171875 0.052734375
0 0.705078125 -0.00390625 0.720703125 -0.00390625 0.720703125 0.01171875 0.705078125 0.01171875
0 0.728515625 0.3828125 0.744140625 0.3828125 0.744140625 0.3984375 0.728515625 0.3984375
0 0.73046875 0.0 0.74609375 0.0 0.74609375 0.015625 0.73046875 0.015625
0 0.75 0.013671875 0.765625 0.013671875 0.765625 0.029296875 0.75 0.029296875
0 0.75390625 0.8046875 0.76953125 0.8046875 0.76953125 0.8203125 0.75390625 0.8203125
0 0.833984375 0.421875 0.849609375 0.421875 0.849609375 0.4375 0.833984375 0.4375
0 0.962890625 0.5625 0.978515625 0.5625 0.978515625 0.578125 0.962890625 0.578125
1 0.7983821474991086 0.9046362208719222 0.7990796684018813 0.8793622915763123 0.7832006371536013 0.878924055159572 0.7825031162508287 0.9041979844551818
1 0.7218516675333416 0.3286994532742152 0.7281288970278982 0.3176093621259645 0.6801925095220173 0.2904763384662023 0.6739152800274607 0.30156642961445296
1 0.8775256021891539 0.611923762529605 0.8901934242079129 0.6102062960425927 0.8860681907261904 0.5797790801827973 0.8734003687074313 0.5814965466698097
1 0.9454960364692768 0.48411803374079926 0.9539445153544175 0.47603440786884216 0.9378300171501079 0.45919258465977447 0.9293815382649673 0.4672762105317316
1 0.8322997680987767 0.1590220431190038 0.8409655405255454 0.1512743236922558 0.8242450364742824 0.13257255159802195 0.8155792640475137 0.14032027102476996
1 0.940559570518129 0.7729811913426187 0.9504339848040798 0.7717635882322739 0.9456911638110946 0.7333006613795493 0.9358167495251438 0.7345182644898941
