0 0.046875 0.77734375 0.0625 0.77734375 0.0625 0.79296875 0.046875 0.79296875
0 0.736328125 0.052734375 0.751953125 0.052734375 0.751953125 0.068359375 0.736328125 0.068359375
0 0.767578125 0.21484375 0.783203125 0.21484375 0.783203125 0.23046875 0.767578125 0.23046875
0 0.7734375 0.12109375 0.7890625 0.12109375 0.7890625 0.13671875 0.7734375 0.13671875
0 0.80078125 0.443359375 0.81640625 0.443359375 0.81640625 0.458984375 0.80078125 0.458984375
0 0.822265625 0.236328125 0.837890625 0.236328125 0.837890625 0.251953125 0.822265625 0.251953125
0 0.83984375 0.681640625 0.85546875 0.681640625 0.85546875 0.697265625 0.83984375 0.697265625
0 0.845703125 0.583984375 0.861328125 0.583984375 0.861328125 0.599609375 0.845703125 0.599609375
0 0.8671875 0.37109375 0.8828125 0.37109375 0.8828125 0.38671875 0.8671875 0.38671875
0 0.91796875 0.19921875 0.93359375 0.19921875 0.93359375 0.21484375 0.91796875 0.21484375
0 0.13671875 0.8359375 0.15234375 0.8359375 0.15234375 0.8515625 0.13671875 0.8515625
