0 -0.0078125 0.931640625 0.0078125 0.931640625 0.0078125 0.947265625 -0.0078125 0.947265625
0 0.189453125 0.87890625 0.205078125 0.87890625 0.205078125 0.89453125 0.189453125 0.89453125
0 0.19140625 0.91796875 0.20703125 0.91796875 0.20703125 0.93359375 0.19140625 0.93359375
0 0.193359375 0.900390625 0.208984375 0.900390625 0.208984375 0.916015625 0.193359375 0.916015625
0 0.19921875 0.88671875 0.21484375 0.88671875 0.21484375 0.90234375 0.19921875 0.90234375
0 0.19921875 0.89453125 0.21484375 0.89453125 0.21484375 0.91015625 0.19921875 0.91015625
0 0.015625 0.90234375 0.03125 0.90234375 0.03125 0.91796875 0.015625 0.91796875
0 0.01953125 0.931640625 0.03515625 0.931640625 0.03515625 0.947265625 0.01953125 0.947265625
0 0.0234375 0.875 0.0390625 0.875 0.0390625 0.890625 0.0234375 0.890625
0 0.025390625 0.96484375 0.041015625 0.96484375 0.041015625 0.98046875 0.025390625 0.98046875
0 0.36328125 0.654296875 0.37890625 0.654296875 0.37890625 0.669921875 0.36328125 0.669921875
0 0.376953125 0.63671875 0.392578125 0.63671875 0.392578125 0.65234375 0.376953125 0.65234375
0 0.404296875 0.60546875 0.419921875 0.60546875 0.419921875 0.62109375 0.404296875 0.62109375
0 0.41015625 0.634765625 0.42578125 0.634765625 0.42578125 0.650390625 0.41015625 0.650390625
0 0.4140625 0.62109375 0.4296875 0.62109375 0.4296875 0.63671875 0.4140625 0.63671875
0 0.423828125 0.634765625 0.439453125 0.634765625 0.439453125 0.650390625 0.423828125 0.650390625
0 0.427734375 0.65625 0.443359375 0.65625 0.443359375 0.671875 0.427734375 0.671875
0 0.44140625 0.666015625 0.45703125 0.666015625 0.45703125 0.681640625 0.44140625 0.681640625
0 0.447265625 0.76171875 0.462890625 0.76171875 0.462890625 0.77734375 0.447265625 0.77734375
0 0.455078125 0.646484375 0.470703125 0.646484375 0.470703125 0.662109375 0.455078125 0.662109375
0 0.041015625 0.875 0.056640625 0.875 0.056640625 0.890625 0.041015625 0.890625
0 0.041015625 0.9140625 0.056640625 0.9140625 0.056640625 0.9296875 0.041015625 0.9296875
0 0.046875 0.89453125 0.0625 0.89453125 0.0625 0.91015625 0.046875 0.91015625
0 0.048828125 0.943359375 0.064453125 0.943359375 0.064453125 0.958984375 0.048828125 0.958984375
0 0.560546875 0.5625 0.576171875 0.5625 0.576171875 0.578125 0.560546875 0.578125
0 -0.001953125 0.96875 0.013671875 0.96875 0.013671875 0.984375 -0.001953125 0.984375
0 0.056640625 0.873046875 0.072265625 0.873046875 0.072265625 0.888671875 0.056640625 0.888671875
0 0.0625 0.908203125 0.078125 0.908203125 0.078125 0.923828125 0.0625 0.923828125
0 0.064453125 0.8828125 0.080078125 0.8828125 0.080078125 0.8984375 0.064453125 0.8984375
0 -4.783776767910812e-19 0.875 0.015625 0.875 0.015625 0.890625 0.0 0.890625
0 0.0703125 0.93359375 0.0859375 0.93359375 0.0859375 0.94921875 0.0703125 0.94921875
0 0.0703125 0.990234375 0.0859375 0.990234375 0.0859375 1.005859375 0.0703125 1.005859375
0 0.072265625 0.96484375 0.087890625 0.96484375 0.087890625 0.98046875 0.072265625 0.98046875
0 0.078125 0.841796875 0.09375 0.841796875 0.09375 0.857421875 0.078125 0.857421875
0 0.080078125 0.857421875 0.095703125 0.857421875 0.095703125 0.873046875 0.080078125 0.873046875
0 0.080078125 0.89453125 0.095703125 0.89453125 0.095703125 0.91015625 0.080078125 0.91015625
0 0.896484375 0.83203125 0.912109375 0.83203125 0.912109375 0.84765625 0.896484375 0.84765625
0 0.083984375 0.869140625 0.099609375 0.869140625 0.099609375 0.884765625 0.083984375 0.884765625
0 0.09375 0.916015625 0.109375 0.916015625 0.109375 0.931640625 0.09375 0.931640625
0 0.099609375 0.8515625 0.115234375 0.8515625 0.115234375 0.8671875 0.099609375 0.8671875
0 0.099609375 0.89453125 0.115234375 0.89453125 0.115234375 0.91015625 0.099609375 0.91015625
0 0.103515625 0.955078125 0.119140625 0.955078125 0.119140625 0.970703125 0.103515625 0.970703125
0 0.10546875 0.828125 0.12109375 0.828125 0.12109375 0.84375 0.10546875 0.84375
0 0.10546875 0.841796875 0.12109375 0.841796875 0.12109375 0.857421875 0.10546875 0.857421875
0 0.10546875 0.873046875 0.12109375 0.873046875 0.12109375 0.888671875 0.10546875 0.888671875
0 0.109375 0.8515625 0.125 0.8515625 0.125 0.8671875 0.109375 0.8671875
0 0.11328125 0.916015625 0.12890625 0.916015625 0.12890625 0.931640625 0.11328125 0.931640625
0 0.115234375 0.931640625 0.130859375 0.931640625 0.130859375 0.947265625 0.115234375 0.947265625
0 0.115234375 0.986328125 0.130859375 0.986328125 0.130859375 1.001953125 0.115234375 1.001953125
0 0.1171875 0.90234375 0.1328125 0.90234375 0.1328125 0.91796875 0.1171875 0.91796875
0 0.1171875 0.947265625 0.1328125 0.947265625 0.1328125 0.962890625 0.1171875 0.962890625
0 0.12109375 0.828125 0.13671875 0.828125 0.13671875 0.84375 0.12109375 0.84375
0 0.12109375 0.869140625 0.13671875 0.869140625 0.13671875 0.884765625 0.12109375 0.884765625
0 0.123046875 0.841796875 0.138671875 0.841796875 0.138671875 0.857421875 0.123046875 0.857421875
0 0.123046875 0.859375 0.138671875 0.859375 0.138671875 0.875 0.123046875 0.875
0 0.123046875 0.892578125 0.138671875 0.892578125 0.138671875 0.908203125 0.123046875 0.908203125
0 0.125 0.919921875 0.140625 0.919921875 0.140625 0.935546875 0.125 0.935546875
0 0.12890625 0.8203125 0.14453125 0.8203125 0.14453125 0.8359375 0.12890625 0.8359375
0 0.130859375 0.892578125 0.146484375 0.892578125 0.146484375 0.908203125 0.130859375 0.908203125
0 0.1328125 0.841796875 0.1484375 0.841796875 0.1484375 0.857421875 0.1328125 0.857421875
0 0.1328125 0.9609375 0.1484375 0.9609375 0.1484375 0.9765625 0.1328125 0.9765625
0 0.138671875 0.826171875 0.154296875 0.826171875 0.154296875 0.841796875 0.138671875 0.841796875
0 0.138671875 0.853515625 0.154296875 0.853515625 0.154296875 0.869140625 0.138671875 0.869140625
0 0.140625 0.818359375 0.15625 0.818359375 0.15625 0.833984375 0.140625 0.833984375
0 0.140625 0.87109375 0.15625 0.87109375 0.15625 0.88671875 0.140625 0.88671875
0 0.142578125 0.93359375 0.158203125 0.93359375 0.158203125 0.94921875 0.142578125 0.94921875
0 0.146484375 0.876953125 0.162109375 0.876953125 0.162109375 0.892578125 0.146484375 0.892578125
0 0.150390625 0.86328125 0.166015625 0.86328125 0.166015625 0.87890625 0.150390625 0.87890625
0 0.150390625 0.9140625 0.166015625 0.9140625 0.166015625 0.9296875 0.150390625 0.9296875
0 0.150390625 0.95703125 0.166015625 0.95703125 0.166015625 0.97265625 0.150390625 0.97265625
0 0.154296875 0.853515625 0.169921875 0.853515625 0.169921875 0.869140625 0.154296875 0.869140625
0 0.15625 0.890625 0.171875 0.890625 0.171875 0.90625 0.15625 0.90625
0 0.158203125 0.873046875 0.173828125 0.873046875 0.173828125 0.888671875 0.158203125 0.888671875
0 0.158203125 0.93359375 0.173828125 0.93359375 0.173828125 0.94921875 0.158203125 0.94921875
0 0.16015625 0.947265625 0.17578125 0.947265625 0.17578125 0.962890625 0.16015625 0.962890625
0 0.162109375 0.9140625 0.177734375 0.9140625 0.177734375 0.9296875 0.162109375 0.9296875
0 0.166015625 0.875 0.181640625 0.875 0.181640625 0.890625 0.166015625 0.890625
0 0.166015625 0.92578125 0.181640625 0.92578125 0.181640625 0.94140625 0.166015625 0.94140625
0 0.166015625 0.9375 0.181640625 0.9375 0.181640625 0.953125 0.166015625 0.953125
0 0.16796875 0.8984375 0.18359375 0.8984375 0.18359375 0.9140625 0.16796875 0.9140625
0 0.169921875 0.859375 0.185546875 0.859375 0.185546875 0.875 0.169921875 0.875
0 0.177734375 0.892578125 0.193359375 0.892578125 0.193359375 0.908203125 0.177734375 0.908203125
0 0.181640625 0.86328125 0.197265625 0.86328125 0.197265625 0.87890625 0.181640625 0.87890625
0 0.181640625 0.87890625 0.197265625 0.87890625 0.197265625 0.89453125 0.181640625 0.89453125
0 0.181640625 0.908203125 0.197265625 0.908203125 0.197265625 0.923828125 0.181640625 0.923828125
0 0.18359375 0.873046875 0.19921875 0.873046875 0.19921875 0.888671875 0.18359375 0.888671875
0 0.18359375 0.919921875 0.19921875 0.919921875 0.19921875 0.935546875 0.18359375 0.935546875
0 0.185546875 0.904296875 0.201171875 0.904296875 0.201171875 0.919921875 0.185546875 0.919921875
1 0.6616712878442281 0.2734907252900157 0.6709506298067737 0.27844021630143095 0.6523311160019254 0.31334821701767646 0.6430517740393799 0.3083987260062612
