0 0.595703125 0.91015625 0.611328125 0.91015625 0.611328125 0.92578125 0.595703125 0.92578125
0 0.615234375 0.9296875 0.630859375 0.9296875 0.630859375 0.9453125 0.615234375 0.9453125
0 0.62109375 0.96875 0.63671875 0.96875 0.63671875 0.984375 0.62109375 0.984375
0 0.62890625 0.94921875 0.64453125 0.94921875 0.64453125 0.96484375 0.62890625 0.96484375
0 0.630859375 0.8984375 0.646484375 0.8984375 0.646484375 0.9140625 0.630859375 0.9140625
0 0.634765625 0.921875 0.650390625 0.921875 0.650390625 0.9375 0.634765625 0.9375
0 0.646484375 0.97265625 0.662109375 0.97265625 0.662109375 0.98828125 0.646484375 0.98828125
0 0.654296875 0.953125 0.669921875 0.953125 0.669921875 0.96875 0.654296875 0.96875
0 0.65625 0.8984375 0.671875 0.8984375 0.671875 0.9140625 0.65625 0.9140625
0 0.701171875 0.341796875 0.716796875 0.341796875 0.716796875 0.357421875 0.701171875 0.357421875
0 0.71484375 0.6484375 0.73046875 0.6484375 0.73046875 0.6640625 0.71484375 0.6640625
0 0.716796875 0.341796875 0.732421875 0.341796875 0.732421875 0.357421875 0.716796875 0.357421875
0 0.73046875 0.57421875 0.74609375 0.57421875 0.74609375 0.58984375 0.73046875 0.58984375
0 0.73046875 0.646484375 0.74609375 0.646484375 0.74609375 0.662109375 0.73046875 0.662109375
0 0.73046875 0.6796875 0.74609375 0.6796875 0.74609375 0.6953125 0.73046875 0.6953125
0 0.734375 0.529296875 0.75 0.529296875 0.75 0.544921875 0.734375 0.544921875
0 0.740234375 0.611328125 0.755859375 0.611328125 0.755859375 0.626953125 0.740234375 0.626953125
0 0.7421875 0.5703125 0.7578125 0.5703125 0.7578125 0.5859375 0.7421875 0.5859375
0 0.75 0.568359375 0.765625 0.568359375 0.765625 0.583984375 0.75 0.583984375
0 0.751953125 0.787109375 0.767578125 0.787109375 0.767578125 0.802734375 0.751953125 0.802734375
0 0.7578125 0.53125 0.7734375 0.53125 0.7734375 0.546875 0.7578125 0.546875
0 0.771484375 0.44140625 0.787109375 0.44140625 0.787109375 0.45703125 0.771484375 0.45703125
0 0.798828125 0.509765625 0.814453125 0.509765625 0.814453125 0.525390625 0.798828125 0.525390625
0 0.822265625 0.50390625 0.837890625 0.50390625 0.837890625 0.51953125 0.822265625 0.51953125
0 0.87890625 0.576171875 0.89453125 0.576171875 0.89453125 0.591796875 0.87890625 0.591796875
0 0.89453125 0.5078125 0.91015625 0.5078125 0.91015625 0.5234375 0.89453125 0.5234375
