0 0.306640625 0.482421875 0.322265625 0.482421875 0.322265625 0.498046875 0.306640625 0.498046875
0 0.390625 0.599609375 0.40625 0.599609375 0.40625 0.615234375 0.390625 0.615234375
0 0.033203125 0.66015625 0.048828125 0.66015625 0.048828125 0.67578125 0.033203125 0.67578125
0 0.40234375 0.84765625 0.41796875 0.84765625 0.41796875 0.86328125 0.40234375 0.86328125
0 0.421875 0.8515625 0.4375 0.8515625 0.4375 0.8671875 0.421875 0.8671875
0 0.43359375 0.572265625 0.44921875 0.572265625 0.44921875 0.587890625 0.43359375 0.587890625
0 0.4375 0.86328125 0.453125 0.86328125 0.453125 0.87890625 0.4375 0.87890625
0 0.46875 0.869140625 0.484375 0.869140625 0.484375 0.884765625 0.46875 0.884765625
0 0.47265625 0.626953125 0.48828125 0.626953125 0.48828125 0.642578125 0.47265625 0.642578125
0 0.474609375 0.8515625 0.490234375 0.8515625 0.490234375 0.8671875 0.474609375 0.8671875
0 0.53515625 0.794921875 0.55078125 0.794921875 0.55078125 0.810546875 0.53515625 0.810546875
0 0.55078125 0.77734375 0.56640625 0.77734375 0.56640625 0.79296875 0.55078125 0.79296875
0 0.064453125 0.68359375 0.080078125 0.68359375 0.080078125 0.69921875 0.064453125 0.69921875
0 0.89453125 0.771484375 0.91015625 0.771484375 0.91015625 0.787109375 0.89453125 0.787109375
0 0.9375 0.72265625 0.953125 0.72265625 0.953125 0.73828125 0.9375 0.73828125
0 0.001953125 0.671875 0.017578125 0.671875 0.017578125 0.6875 0.001953125 0.6875
0 0.978515625 0.8359375 0.994140625 0.8359375 0.994140625 0.8515625 0.978515625 0.8515625
0 0.978515625 0.876953125 0.994140625 0.876953125 0.994140625 0.892578125 0.978515625 0.892578125
1 0.998445205882929 0.6331178875717408 1.0091006488854035 0.6133561693134436 0.9449338386498469 0.5787576703277343 0.9342783956473724 0.5985193885860315
1 0.9720296089732583 0.5725395205868501 0.9781421119069591 0.5538718982669156 0.8539185101902549 0.51319627729523 0.8478060072565541 0.5318638996151644
1 0.7059578203169783 0.682976938322917 0.745583276584258 0.6758148538112008 0.7421651578934709 0.6569035281382647 0.7025397016261912 0.6640656126499809
1 0.7841778247100296 0.5487677405530432 0.7860077407425782 0.5339891935687043 0.7240595371979294 0.5263186146563074 0.7222296211653808 0.5410971616406463
1 0.40898941544696277 0.22469795416041113 0.5552035368060324 0.20379937547374202 0.5511067053873878 0.17513644029454492 0.4048925840283182 0.19603501898121403
1 0.6913641699290768 0.5063486594648535 0.7313589796942167 0.4873027101068187 0.63765105976514 0.2905243631419653 0.59765625 0.3095703125
