0 0.189453125 0.283203125 0.205078125 0.283203125 0.205078125 0.298828125 0.189453125 0.298828125
0 0.373046875 0.16796875 0.388671875 0.16796875 0.388671875 0.18359375 0.373046875 0.18359375
0 0.4375 0.375 0.453125 0.375 0.453125 0.390625 0.4375 0.390625
0 0.056640625 0.263671875 0.072265625 0.263671875 0.072265625 0.279296875 0.056640625 0.279296875
0 0.060546875 0.275390625 0.076171875 0.275390625 0.076171875 0.291015625 0.060546875 0.291015625
0 0.07421875 0.267578125 0.08984375 0.267578125 0.08984375 0.283203125 0.07421875 0.283203125
0 0.080078125 0.275390625 0.095703125 0.275390625 0.095703125 0.291015625 0.080078125 0.291015625
0 0.080078125 0.287109375 0.095703125 0.287109375 0.095703125 0.302734375 0.080078125 0.302734375
0 0.083984375 0.296875 0.099609375 0.296875 0.099609375 0.3125 0.083984375 0.3125
0 0.0859375 0.21484375 0.1015625 0.21484375 0.1015625 0.23046875 0.0859375 0.23046875
0 0.0859375 0.234375 0.1015625 0.234375 0.1015625 0.25 0.0859375 0.25
0 0.08984375 0.26171875 0.10546875 0.26171875 0.10546875 0.27734375 0.08984375 0.27734375
0 0.09375 0.396484375 0.109375 0.396484375 0.109375 0.412109375 0.09375 0.412109375
0 0.095703125 0.298828125 0.111328125 0.298828125 0.111328125 0.314453125 0.095703125 0.314453125
0 0.099609375 0.248046875 0.115234375 0.248046875 0.115234375 0.263671875 0.099609375 0.263671875
0 0.099609375 0.275390625 0.115234375 0.275390625 0.115234375 0.291015625 0.099609375 0.291015625
0 0.099609375 0.291015625 0.115234375 0.291015625 0.115234375 0.306640625 0.099609375 0.306640625
0 0.103515625 0.30078125 0.119140625 0.30078125 0.119140625 0.31640625 0.103515625 0.31640625
0 0.103515625 0.373046875 0.119140625 0.373046875 0.119140625 0.388671875 0.103515625 0.388671875
0 0.107421875 0.3046875 0.123046875 0.3046875 0.123046875 0.3203125 0.107421875 0.3203125
0 0.109375 0.26953125 0.125 0.26953125 0.125 0.28515625 0.109375 0.28515625
0 0.111328125 0.380859375 0.126953125 0.380859375 0.126953125 0.396484375 0.111328125 0.396484375
0 0.11328125 0.283203125 0.12890625 0.283203125 0.12890625 0.298828125 0.11328125 0.298828125
0 0.119140625 0.25390625 0.134765625 0.25390625 0.134765625 0.26953125 0.119140625 0.26953125
0 0.123046875 0.30078125 0.138671875 0.30078125 0.138671875 0.31640625 0.123046875 0.31640625
0 0.126953125 0.287109375 0.142578125 0.287109375 0.142578125 0.302734375 0.126953125 0.302734375
0 0.12890625 0.30859375 0.14453125 0.30859375 0.14453125 0.32421875 0.12890625 0.32421875
0 0.1328125 0.234375 0.1484375 0.234375 0.1484375 0.25 0.1328125 0.25
0 0.13671875 0.298828125 0.15234375 0.298828125 0.15234375 0.314453125 0.13671875 0.314453125
0 0.140625 0.259765625 0.15625 0.259765625 0.15625 0.275390625 0.140625 0.275390625
0 0.140625 0.287109375 0.15625 0.287109375 0.15625 0.302734375 0.140625 0.302734375
0 0.14453125 0.2734375 0.16015625 0.2734375 0.16015625 0.2890625 0.14453125 0.2890625
0 0.14453125 0.31640625 0.16015625 0.31640625 0.16015625 0.33203125 0.14453125 0.33203125
0 0.146484375 0.392578125 0.162109375 0.392578125 0.162109375 0.408203125 0.146484375 0.408203125
0 0.150390625 0.24609375 0.166015625 0.24609375 0.166015625 0.26171875 0.150390625 0.26171875
0 0.150390625 0.265625 0.166015625 0.265625 0.166015625 0.28125 0.150390625 0.28125
0 0.15234375 0.283203125 0.16796875 0.283203125 0.16796875 0.298828125 0.15234375 0.298828125
0 0.15625 0.30078125 0.171875 0.30078125 0.171875 0.31640625 0.15625 0.31640625
0 0.162109375 0.296875 0.177734375 0.296875 0.177734375 0.3125 0.162109375 0.3125
0 0.16796875 0.2109375 0.18359375 0.2109375 0.18359375 0.2265625 0.16796875 0.2265625
0 0.16796875 0.2578125 0.18359375 0.2578125 0.18359375 0.2734375 0.16796875 0.2734375
0 0.173828125 0.287109375 0.189453125 0.287109375 0.189453125 0.302734375 0.173828125 0.302734375
0 0.17578125 0.37109375 0.19140625 0.37109375 0.19140625 0.38671875 0.17578125 0.38671875
0 0.18359375 0.267578125 0.19921875 0.267578125 0.19921875 0.283203125 0.18359375 0.283203125
0 0.185546875 0.3125 0.201171875 0.3125 0.201171875 0.328125 0.185546875 0.328125
1 0.894387942542695 0.4459505362638609 0.9063678042276655 0.43037471797956334 0.8324777066806326 0.37354347275408345 0.8204978449956621 0.389119291038381
1 0.37569619235928453 0.13426836303869055 0.4167167453844697 0.09456955587707357 0.40743093671862685 0.08497458227476314 0.3664103836934417 0.12467338943638011
1 0.4828846424277064 0.19117778749270953 0.49532995527501095 0.15398491381632168 0.4844988018815282 0.15036064176754438 0.47205348903422367 0.18755351544393223
