0 0.28515625 0.19140625 0.30078125 0.19140625 0.30078125 0.20703125 0.28515625 0.20703125
0 0.28515625 0.169921875 0.30078125 0.169921875 0.30078125 0.185546875 0.28515625 0.185546875
0 0.29296875 0.166015625 0.30859375 0.166015625 0.30859375 0.181640625 0.29296875 0.181640625
0 0.294921875 0.21875 0.310546875 0.21875 0.310546875 0.234375 0.294921875 0.234375
0 0.31640625 0.146484375 0.33203125 0.146484375 0.33203125 0.162109375 0.31640625 0.162109375
0 0.322265625 0.138671875 0.337890625 0.138671875 0.337890625 0.154296875 0.322265625 0.154296875
0 0.328125 0.09765625 0.34375 0.09765625 0.34375 0.11328125 0.328125 0.11328125
0 0.328125 0.130859375 0.34375 0.130859375 0.34375 0.146484375 0.328125 0.146484375
0 0.3359375 0.072265625 0.3515625 0.072265625 0.3515625 0.087890625 0.3359375 0.087890625
0 0.3359375 0.115234375 0.3515625 0.115234375 0.3515625 0.130859375 0.3359375 0.130859375
0 0.3359375 0.142578125 0.3515625 0.142578125 0.3515625 0.158203125 0.3359375 0.158203125
0 0.3359375 0.15234375 0.3515625 0.15234375 0.3515625 0.16796875 0.3359375 0.16796875
0 0.33984375 0.0546875 0.35546875 0.0546875 0.35546875 0.0703125 0.33984375 0.0703125
0 0.341796875 0.080078125 0.357421875 0.080078125 0.357421875 0.095703125 0.341796875 0.095703125
0 0.34375 0.03125 0.359375 0.03125 0.359375 0.046875 0.34375 0.046875
0 0.34765625 0.060546875 0.36328125 0.060546875 0.36328125 0.076171875 0.34765625 0.076171875
0 0.349609375 0.0234375 0.365234375 0.0234375 0.365234375 0.0390625 0.349609375 0.0390625
0 0.349609375 0.044921875 0.365234375 0.044921875 0.365234375 0.060546875 0.349609375 0.060546875
0 0.35546875 0.01171875 0.37109375 0.01171875 0.37109375 0.02734375 0.35546875 0.02734375
0 0.35546875 0.0703125 0.37109375 0.0703125 0.37109375 0.0859375 0.35546875 0.0859375
0 0.375 0.03125 0.390625 0.03125 0.390625 0.046875 0.375 0.046875
0 0.390625 -0.005859375 0.40625 -0.005859375 0.40625 0.009765625 0.390625 0.009765625
0 0.396484375 0.0234375 0.412109375 0.0234375 0.412109375 0.0390625 0.396484375 0.0390625
0 0.423828125 0.00390625 0.439453125 0.00390625 0.439453125 0.01953125 0.423828125 0.01953125
0 0.888671875 0.935546875 0.904296875 0.935546875 0.904296875 0.951171875 0.888671875 0.951171875
0 0.970703125 0.900390625 0.986328125 0.900390625 0.986328125 0.916015625 0.970703125 0.916015625
0 0.09375 0.009765625 0.109375 0.009765625 0.109375 0.025390625 0.09375 0.025390625
0 0.16796875 0.0234375 0.18359375 0.0234375 0.18359375 0.0390625 0.16796875 0.0390625
1 0.5211072138061968 0.6578821632908117 0.5232741148237176 0.6380896463063569 0.43451951234431585 0.6283727195216883 0.43235261132679514 0.6481652365061431
1 0.46431065722482284 0.02643695800396495 0.4689448783659452 0.004915915765109148 0.45848475769979874 0.0026634917518228995 0.4538505365586764 0.024184533990678703
