0 0.19921875 0.904296875 0.21484375 0.904296875 0.21484375 0.919921875 0.19921875 0.919921875
0 0.4921875 0.71875 0.5078125 0.71875 0.5078125 0.734375 0.4921875 0.734375
0 0.580078125 0.8671875 0.595703125 0.8671875 0.595703125 0.8828125 0.580078125 0.8828125
0 0.63671875 0.51171875 0.65234375 0.51171875 0.65234375 0.52734375 0.63671875 0.52734375
0 0.63671875 0.552734375 0.65234375 0.552734375 0.65234375 0.568359375 0.63671875 0.568359375
0 0.638671875 0.599609375 0.654296875 0.599609375 0.654296875 0.615234375 0.638671875 0.615234375
0 0.66015625 0.494140625 0.67578125 0.494140625 0.67578125 0.509765625 0.66015625 0.509765625
0 0.732421875 0.97265625 0.748046875 0.97265625 0.748046875 0.98828125 0.732421875 0.98828125
1 0.5651787002596319 0.8003848483552772 0.5703757227986422 0.783662954410472 0.5274189035382807 0.7703123400221031 0.5222218809992704 0.7870342339669084
1 0.4650189772754584 0.9440669315895018 0.47962624645890317 0.9166009813438492 0.4678183897823419 0.9103211862007203 0.4532111205988971 0.937787136446373
1 0.6675372600875544 0.9994477156987975 0.668911136245153 0.9796394019742527 0.6565241336502385 0.9787802572855164 0.65515025749264 0.9985885710100613
