0 0.2265625 0.212890625 0.2421875 0.212890625 0.2421875 0.228515625 0.2265625 0.228515625
0 0.53515625 0.7421875 0.55078125 0.7421875 0.55078125 0.7578125 0.53515625 0.7578125
0 0.763671875 0.931640625 0.779296875 0.931640625 0.779296875 0.947265625 0.763671875 0.947265625
0 0.837890625 0.703125 0.853515625 0.703125 0.853515625 0.71875 0.837890625 0.71875
0 0.875 0.5859375 0.890625 0.5859375 0.890625 0.6015625 0.875 0.6015625
0 0.921875 0.482421875 0.9375 0.482421875 0.9375 0.498046875 0.921875 0.498046875
0 0.921875 0.044921875 0.9375 0.044921875 0.9375 0.060546875 0.921875 0.060546875
0 0.005859375 0.17578125 0.021484375 0.17578125 0.021484375 0.19140625 0.005859375 0.19140625
1 0.32673978622435695 0.8754710725964758 0.3418673191945023 0.8683444727379188 0.31051933948517674 0.8018025584994104 0.2953918065150314 0.8089291583579674
1 0.635593458792925 0.5671259908396271 0.6455511631027934 0.5542394845092165 0.5811229499366283 0.5044542999547454 0.5711652456267599 0.5173408062851561
1 0.7330853770391126 0.6219739464653332 0.7434644878675438 0.6071567493297488 0.6958443095072131 0.5737998934852283 0.6854651986787819 0.5886170906208127
1 0.8767996214429828 0.5501594153241173 0.8862642975853986 0.42903743676436196 0.86388512625294 0.4272886904879554 0.8544204501105243 0.5484106690477107
1 0.14006944087027098 0.5559427160093682 0.16109435057101348 0.5515113015286315 0.13970519515992616 0.4500301462342842 0.11868028545918367 0.4544615607150209
1 0.7923474762610868 0.5365582024334788 0.7988763563018774 0.5239958939679711 0.7532196786232516 0.5002672160388112 0.746690798582461 0.512829524504319
1 0.031244381230941035 0.2044768000656023 0.04513979716420574 0.1968593296815581 0.018640783715376637 0.14852112879220106 0.004745367782111934 0.15613859917624526
1 0.21941791503852884 0.8420537715135576 0.24497609725947275 0.8364976498234378 0.2205275145249935 0.7240340704740522 0.1949693323040496 0.7295901921641721
1 0.8968314330947842 0.6758111018688766 0.9060898512766071 0.6343416759736038 0.8916667301284824 0.6311215858905228 0.8824083119466595 0.6725910117857956
1 0.9438226613070002 0.6235486311019434 0.9617514912140692 0.6220980575798059 0.9585203734372625 0.5821620183884131 0.9405915435301935 0.5836125919105506
