0 0.1875 0.099609375 0.203125 0.099609375 0.203125 0.115234375 0.1875 0.115234375
0 0.19921875 0.08984375 0.21484375 0.08984375 0.21484375 0.10546875 0.19921875 0.10546875
0 0.203125 0.109375 0.21875 0.109375 0.21875 0.125 0.203125 0.125
0 0.23828125 0.1484375 0.25390625 0.1484375 0.25390625 0.1640625 0.23828125 0.1640625
0 0.240234375 0.111328125 0.255859375 0.111328125 0.255859375 0.126953125 0.240234375 0.126953125
0 0.240234375 0.171875 0.255859375 0.171875 0.255859375 0.1875 0.240234375 0.1875
0 0.24609375 0.140625 0.26171875 0.140625 0.26171875 0.15625 0.24609375 0.15625
0 0.259765625 0.126953125 0.275390625 0.126953125 0.275390625 0.142578125 0.259765625 0.142578125
0 0.26171875 0.16796875 0.27734375 0.16796875 0.27734375 0.18359375 0.26171875 0.18359375
0 0.265625 0.083984375 0.28125 0.083984375 0.28125 0.099609375 0.265625 0.099609375
0 0.26953125 0.193359375 0.28515625 0.193359375 0.28515625 0.208984375 0.26953125 0.208984375
0 0.28515625 0.103515625 0.30078125 0.103515625 0.30078125 0.119140625 0.28515625 0.119140625
0 0.291015625 0.052734375 0.306640625 0.052734375 0.306640625 0.068359375 0.291015625 0.068359375
0 0.298828125 0.07421875 0.314453125 0.07421875 0.314453125 0.08984375 0.298828125 0.08984375
0 0.3125 0.146484375 0.328125 0.146484375 0.328125 0.162109375 0.3125 0.162109375
0 0.34375 0.173828125 0.359375 0.173828125 0.359375 0.189453125 0.34375 0.189453125
0 0.353515625 0.083984375 0.369140625 0.083984375 0.369140625 0.099609375 0.353515625 0.099609375
0 0.35546875 0.01171875 0.37109375 0.01171875 0.37109375 0.02734375 0.35546875 0.02734375
0 0.36328125 0.126953125 0.37890625 0.126953125 0.37890625 0.142578125 0.36328125 0.142578125
0 0.369140625 0.033203125 0.384765625 0.033203125 0.384765625 0.048828125 0.369140625 0.048828125
0 0.37109375 0.001953125 0.38671875 0.001953125 0.38671875 0.017578125 0.37109375 0.017578125
0 0.373046875 0.150390625 0.388671875 0.150390625 0.388671875 0.166015625 0.373046875 0.166015625
0 0.37890625 0.103515625 0.39453125 0.103515625 0.39453125 0.119140625 0.37890625 0.119140625
0 0.38671875 0.0234375 0.40234375 0.0234375 0.40234375 0.0390625 0.38671875 0.0390625
0 0.388671875 0.046875 0.404296875 0.046875 0.404296875 0.0625 0.388671875 0.0625
0 0.404296875 0.181640625 0.419921875 0.181640625 0.419921875 0.197265625 0.404296875 0.197265625
0 0.41015625 0.0078125 0.42578125 0.0078125 0.42578125 0.0234375 0.41015625 0.0234375
0 0.4140625 0.08203125 0.4296875 0.08203125 0.4296875 0.09765625 0.4140625 0.09765625
0 0.41796875 0.19921875 0.43359375 0.19921875 0.43359375 0.21484375 0.41796875 0.21484375
0 0.427734375 0.09765625 0.443359375 0.09765625 0.443359375 0.11328125 0.427734375 0.11328125
0 0.43359375 0.1875 0.44921875 0.1875 0.44921875 0.203125 0.43359375 0.203125
0 0.43359375 0.220703125 0.44921875 0.220703125 0.44921875 0.236328125 0.43359375 0.236328125
0 0.037109375 0.173828125 0.052734375 0.173828125 0.052734375 0.189453125 0.037109375 0.189453125
0 0.44140625 0.123046875 0.45703125 0.123046875 0.45703125 0.138671875 0.44140625 0.138671875
0 0.44921875 0.013671875 0.46484375 0.013671875 0.46484375 0.029296875 0.44921875 0.029296875
0 0.48828125 0.193359375 0.50390625 0.193359375 0.50390625 0.208984375 0.48828125 0.208984375
0 0.4921875 0.0390625 0.5078125 0.0390625 0.5078125 0.0546875 0.4921875 0.0546875
0 0.04296875 0.1484375 0.05859375 0.1484375 0.05859375 0.1640625 0.04296875 0.1640625
0 0.5 0.146484375 0.515625 0.146484375 0.515625 0.162109375 0.5 0.162109375
0 0.501953125 0.205078125 0.517578125 0.205078125 0.517578125 0.220703125 0.501953125 0.220703125
0 0.505859375 0.0078125 0.521484375 0.0078125 0.521484375 0.0234375 0.505859375 0.0234375
0 0.51953125 0.103515625 0.53515625 0.103515625 0.53515625 0.119140625 0.51953125 0.119140625
0 0.5234375 0.02734375 0.5390625 0.02734375 0.5390625 0.04296875 0.5234375 0.04296875
0 0.53515625 0.005859375 0.55078125 0.005859375 0.55078125 0.021484375 0.53515625 0.021484375
0 0.546875 0.240234375 0.5625 0.240234375 0.5625 0.255859375 0.546875 0.255859375
0 0.546875 0.005859375 0.5625 0.005859375 0.5625 0.021484375 0.546875 0.021484375
0 0.55859375 0.216796875 0.57421875 0.216796875 0.57421875 0.232421875 0.55859375 0.232421875
0 0.05078125 0.18359375 0.06640625 0.18359375 0.06640625 0.19921875 0.05078125 0.19921875
0 0.587890625 0.0859375 0.603515625 0.0859375 0.603515625 0.1015625 0.587890625 0.1015625
0 0.052734375 0.2109375 0.068359375 0.2109375 0.068359375 0.2265625 0.052734375 0.2265625
0 0.6015625 0.115234375 0.6171875 0.115234375 0.6171875 0.130859375 0.6015625 0.130859375
0 0.625 0.201171875 0.640625 0.201171875 0.640625 0.216796875 0.625 0.216796875
0 0.7265625 0.1953125 0.7421875 0.1953125 0.7421875 0.2109375 0.7265625 0.2109375
0 0.06640625 0.193359375 0.08203125 0.193359375 0.08203125 0.208984375 0.06640625 0.208984375
0 0.06640625 0.166015625 0.08203125 0.166015625 0.08203125 0.181640625 0.06640625 0.181640625
0 0.79296875 0.236328125 0.80859375 0.236328125 0.80859375 0.251953125 0.79296875 0.251953125
0 0.078125 0.177734375 0.09375 0.177734375 0.09375 0.193359375 0.078125 0.193359375
0 0.90625 0.29296875 0.921875 0.29296875 0.921875 0.30859375 0.90625 0.30859375
0 0.923828125 0.23046875 0.939453125 0.23046875 0.939453125 0.24609375 0.923828125 0.24609375
0 0.0859375 0.27734375 0.1015625 0.27734375 0.1015625 0.29296875 0.0859375 0.29296875
0 0.0859375 0.16796875 0.1015625 0.16796875 0.1015625 0.18359375 0.0859375 0.18359375
0 0.96484375 0.451171875 0.98046875 0.451171875 0.98046875 0.466796875 0.96484375 0.466796875
0 0.974609375 0.27734375 0.990234375 0.27734375 0.990234375 0.29296875 0.974609375 0.29296875
0 0.09375 0.294921875 0.109375 0.294921875 0.109375 0.310546875 0.09375 0.310546875
0 0.09765625 0.189453125 0.11328125 0.189453125 0.11328125 0.205078125 0.09765625 0.205078125
0 0.10546875 0.28515625 0.12109375 0.28515625 0.12109375 0.30078125 0.10546875 0.30078125
0 0.1171875 0.16796875 0.1328125 0.16796875 0.1328125 0.18359375 0.1171875 0.18359375
0 0.12109375 0.134765625 0.13671875 0.134765625 0.13671875 0.150390625 0.12109375 0.150390625
0 0.126953125 0.283203125 0.142578125 0.283203125 0.142578125 0.298828125 0.126953125 0.298828125
0 0.15234375 0.11328125 0.16796875 0.11328125 0.16796875 0.12890625 0.15234375 0.12890625
0 0.177734375 0.150390625 0.193359375 0.150390625 0.193359375 0.166015625 0.177734375 0.166015625
1 0.7366983893658684 0.11330768769249212 0.7431940222441925 0.10492474160692276 0.7206305262301399 0.08744112844005335 0.7141348933518158 0.09582407452562271
1 0.9526031371335223 0.19986646578890746 0.9585298968448605 0.19010939489311687 0.9276827219744489 0.17137182547467286 0.9217559622631107 0.18112889637046345
1 0.7214964299978848 0.03851632482022849 0.774022798296639 0.030216232154123116 0.7720992893395786 0.018043483732036684 0.7195729210408244 0.02634357639814205
