0 0.1875 0.57421875 0.203125 0.57421875 0.203125 0.58984375 0.1875 0.58984375
0 0.19921875 0.595703125 0.21484375 0.595703125 0.21484375 0.611328125 0.19921875 0.611328125
0 0.216796875 0.60546875 0.232421875 0.60546875 0.232421875 0.62109375 0.216796875 0.62109375
0 0.228515625 0.576171875 0.244140625 0.576171875 0.244140625 0.591796875 0.228515625 0.591796875
0 0.24609375 0.564453125 0.26171875 0.564453125 0.26171875 0.580078125 0.24609375 0.580078125
0 0.25 0.5703125 0.265625 0.5703125 0.265625 0.5859375 0.25 0.5859375
0 0.34765625 0.837890625 0.36328125 0.837890625 0.36328125 0.853515625 0.34765625 0.853515625
0 0.66015625 0.4453125 0.67578125 0.4453125 0.67578125 0.4609375 0.66015625 0.4609375
0 0.775390625 0.419921875 0.791015625 0.419921875 0.791015625 0.435546875 0.775390625 0.435546875
0 0.8046875 0.34375 0.8203125 0.34375 0.8203125 0.359375 0.8046875 0.359375
0 0.80859375 0.283203125 0.82421875 0.283203125 0.82421875 0.298828125 0.80859375 0.298828125
0 0.8125 0.26953125 0.828125 0.26953125 0.828125 0.28515625 0.8125 0.28515625
0 0.82421875 0.318359375 0.83984375 0.318359375 0.83984375 0.333984375 0.82421875 0.333984375
0 0.828125 0.40234375 0.84375 0.40234375 0.84375 0.41796875 0.828125 0.41796875
0 0.837890625 0.287109375 0.853515625 0.287109375 0.853515625 0.302734375 0.837890625 0.302734375
0 0.841796875 0.26953125 0.857421875 0.26953125 0.857421875 0.28515625 0.841796875 0.28515625
0 0.84375 0.25 0.859375 0.25 0.859375 0.265625 0.84375 0.265625
0 0.84765625 0.330078125 0.86328125 0.330078125 0.86328125 0.345703125 0.84765625 0.345703125
0 0.84765625 0.380859375 0.86328125 0.380859375 0.86328125 0.396484375 0.84765625 0.396484375
0 0.861328125 0.298828125 0.876953125 0.298828125 0.876953125 0.314453125 0.861328125 0.314453125
0 0.86328125 0.228515625 0.87890625 0.228515625 0.87890625 0.244140625 0.86328125 0.244140625
0 0.865234375 0.275390625 0.880859375 0.275390625 0.880859375 0.291015625 0.865234375 0.291015625
0 0.87109375 0.2265625 0.88671875 0.2265625 0.88671875 0.2421875 0.87109375 0.2421875
0 0.880859375 0.2578125 0.896484375 0.2578125 0.896484375 0.2734375 0.880859375 0.2734375
0 0.89453125 0.224609375 0.91015625 0.224609375 0.91015625 0.240234375 0.89453125 0.240234375
0 0.8984375 0.263671875 0.9140625 0.263671875 0.9140625 0.279296875 0.8984375 0.279296875
0 0.947265625 0.203125 0.962890625 0.203125 0.962890625 0.21875 0.947265625 0.21875
0 0.115234375 0.806640625 0.130859375 0.806640625 0.130859375 0.822265625 0.115234375 0.822265625
0 0.130859375 0.75 0.146484375 0.75 0.146484375 0.765625 0.130859375 0.765625
0 0.16015625 0.572265625 0.17578125 0.572265625 0.17578125 0.587890625 0.16015625 0.587890625
0 0.16015625 0.580078125 0.17578125 0.580078125 0.17578125 0.595703125 0.16015625 0.595703125
0 0.16796875 0.5625 0.18359375 0.5625 0.18359375 0.578125 0.16796875 0.578125
0 0.169921875 0.580078125 0.185546875 0.580078125 0.185546875 0.595703125 0.169921875 0.595703125
0 0.177734375 0.6015625 0.193359375 0.6015625 0.193359375 0.6171875 0.177734375 0.6171875
1 0.5282131020394383 0.8219679097224277 0.6038559440975448 0.7811440448719502 0.596616190257925 0.7677294512700039 0.5209733481998184 0.8085533161204814
1 0.29208457135456967 0.6773627969966397 0.31958272620601413 0.6710009881012201 0.31639135218363834 0.6572066571964755 0.2888931973321939 0.6635684660918951
1 0.25956326143360225 0.7466088411836254 0.2675599248304182 0.7259415257333641 0.25737250430965336 0.7219997765989674 0.2493758409128374 0.7426670920492286
1 0.8746352531025623 0.6657428983928376 0.8958366655625032 0.6493076409202506 0.8891614340235974 0.6406966205356902 0.8679600215636565 0.6571318780082772
2 0.3511668137128138 0.7668193947409484 0.3630969854482893 0.7550167553179897 0.33210833211652646 0.7236932570011726 0.32017816038105096 0.7354958964241313
