0 0.21875 0.556640625 0.234375 0.556640625 0.234375 0.572265625 0.21875 0.572265625
0 0.220703125 0.58203125 0.236328125 0.58203125 0.236328125 0.59765625 0.220703125 0.59765625
0 0.240234375 0.62109375 0.255859375 0.62109375 0.255859375 0.63671875 0.240234375 0.63671875
0 0.2421875 0.59375 0.2578125 0.59375 0.2578125 0.609375 0.2421875 0.609375
0 0.24609375 0.57421875 0.26171875 0.57421875 0.26171875 0.58984375 0.24609375 0.58984375
0 0.251953125 0.5625 0.267578125 0.5625 0.267578125 0.578125 0.251953125 0.578125
0 0.255859375 0.634765625 0.271484375 0.634765625 0.271484375 0.650390625 0.255859375 0.650390625
0 0.2578125 0.66015625 0.2734375 0.66015625 0.2734375 0.67578125 0.2578125 0.67578125
0 0.259765625 0.529296875 0.275390625 0.529296875 0.275390625 0.544921875 0.259765625 0.544921875
0 0.259765625 0.548828125 0.275390625 0.548828125 0.275390625 0.564453125 0.259765625 0.564453125
0 0.26171875 0.5859375 0.27734375 0.5859375 0.27734375 0.6015625 0.26171875 0.6015625
0 0.265625 0.625 0.28125 0.625 0.28125 0.640625 0.265625 0.640625
0 0.26953125 0.619140625 0.28515625 0.619140625 0.28515625 0.634765625 0.26953125 0.634765625
0 0.271484375 0.666015625 0.287109375 0.666015625 0.287109375 0.681640625 0.271484375 0.681640625
0 0.275390625 0.640625 0.291015625 0.640625 0.291015625 0.65625 0.275390625 0.65625
0 0.28125 0.57421875 0.296875 0.57421875 0.296875 0.58984375 0.28125 0.58984375
0 0.283203125 0.529296875 0.298828125 0.529296875 0.298828125 0.544921875 0.283203125 0.544921875
0 0.287109375 0.609375 0.302734375 0.609375 0.302734375 0.625 0.287109375 0.625
0 0.2890625 0.5390625 0.3046875 0.5390625 0.3046875 0.5546875 0.2890625 0.5546875
0 0.296875 0.57421875 0.3125 0.57421875 0.3125 0.58984375 0.296875 0.58984375
0 0.298828125 0.587890625 0.314453125 0.587890625 0.314453125 0.603515625 0.298828125 0.603515625
0 0.302734375 0.548828125 0.318359375 0.548828125 0.318359375 0.564453125 0.302734375 0.564453125
0 0.318359375 0.681640625 0.333984375 0.681640625 0.333984375 0.697265625 0.318359375 0.697265625
0 0.322265625 0.66796875 0.337890625 0.66796875 0.337890625 0.68359375 0.322265625 0.68359375
0 0.33203125 0.6328125 0.34765625 0.6328125 0.34765625 0.6484375 0.33203125 0.6484375
0 0.33984375 0.564453125 0.35546875 0.564453125 0.35546875 0.580078125 0.33984375 0.580078125
0 0.02734375 0.875 0.04296875 0.875 0.04296875 0.890625 0.02734375 0.890625
0 0.353515625 0.59375 0.369140625 0.59375 0.369140625 0.609375 0.353515625 0.609375
0 0.443359375 0.4765625 0.458984375 0.4765625 0.458984375 0.4921875 0.443359375 0.4921875
0 0.484375 0.390625 0.5 0.390625 0.5 0.40625 0.484375 0.40625
0 0.48828125 0.43359375 0.50390625 0.43359375 0.50390625 0.44921875 0.48828125 0.44921875
0 0.04296875 0.921875 0.05859375 0.921875 0.05859375 0.9375 0.04296875 0.9375
0 0.5078125 0.423828125 0.5234375 0.423828125 0.5234375 0.439453125 0.5078125 0.439453125
0 0.515625 0.37109375 0.53125 0.37109375 0.53125 0.38671875 0.515625 0.38671875
0 0.5234375 0.39453125 0.5390625 0.39453125 0.5390625 0.41015625 0.5234375 0.41015625
0 0.529296875 0.44921875 0.544921875 0.44921875 0.544921875 0.46484375 0.529296875 0.46484375
0 0.537109375 0.38671875 0.552734375 0.38671875 0.552734375 0.40234375 0.537109375 0.40234375
0 0.537109375 0.427734375 0.552734375 0.427734375 0.552734375 0.443359375 0.537109375 0.443359375
0 0.544921875 0.40234375 0.560546875 0.40234375 0.560546875 0.41796875 0.544921875 0.41796875
0 0.5546875 0.341796875 0.5703125 0.341796875 0.5703125 0.357421875 0.5546875 0.357421875
0 0.5546875 0.365234375 0.5703125 0.365234375 0.5703125 0.380859375 0.5546875 0.380859375
0 0.5546875 0.490234375 0.5703125 0.490234375 0.5703125 0.505859375 0.5546875 0.505859375
0 0.564453125 0.357421875 0.580078125 0.357421875 0.580078125 0.373046875 0.564453125 0.373046875
0 0.564453125 0.384765625 0.580078125 0.384765625 0.580078125 0.400390625 0.564453125 0.400390625
0 0.572265625 0.353515625 0.587890625 0.353515625 0.587890625 0.369140625 0.572265625 0.369140625
0 0.5859375 0.3828125 0.6015625 0.3828125 0.6015625 0.3984375 0.5859375 0.3984375
0 0.07421875 0.947265625 0.08984375 0.947265625 0.08984375 0.962890625 0.07421875 0.962890625
0 0.005859375 0.83984375 0.021484375 0.83984375 0.021484375 0.85546875 0.005859375 0.85546875
1 0.624309690138615 0.9015583746900858 0.6551508977882906 0.8736260511135746 0.6419090913326374 0.8590052372941671 0.6110678836829618 0.8869375608706783
1 0.9634296872066305 0.8019820907763506 1.0109528032352282 0.7623009500022104 0.9987332842899516 0.7476665517636274 0.9512101682613537 0.7873476925377676
1 0.8911302953630298 0.23216750827561106 0.9103434181774674 0.181626098884819 0.8922474712461621 0.17474699410666739 0.8730343484317244 0.22528840349745943
1 0.6817240068488298 0.9826868881377642 0.8217733624726301 0.9158246768426168 0.8117634704537214 0.8948579917755659 0.6717141148299212 0.9617202030707133
1 0.8321065721296211 0.44438621587116106 0.8583188590960497 0.40734683281360257 0.8459549131609062 0.3985970299784483 0.8197426261944777 0.4356364130360068
1 0.499136343784141 0.8608638357707702 0.5536905256870672 0.7792996271468645 0.5374665109445578 0.7684482026508607 0.48291232904163156 0.8500124112747663
1 0.8808487554203557 0.05090282642778044 0.8877289032053797 0.0019515557412916953 0.8713301519740535 -0.00035330438550596616 0.8644500041890295 0.04859796630098278
1 0.8830308638443027 0.3406825416802445 0.8943070567500615 0.2987910609346599 0.8815299548278774 0.2953517681837997 0.8702537619221187 0.3372432489293843
1 0.9086617744063326 0.07587813324538259 0.8973243733509235 0.07587813324538259 0.8973243733509235 0.044957948548812667 0.9086617744063326 0.044957948548812667
1 0.33739999197810355 0.9677776286034154 0.3456578736955058 0.9762802620192143 0.3652508985232158 0.9572512302356347 0.35699301680581363 0.9487485968198361
1 0.8336334713331394 0.2787405198103222 0.8440759092186437 0.28315551173540804 0.834242518112771 0.30641366884403143 0.8238000802272666 0.3019986769189456
