0 0.51171875 0.94921875 0.52734375 0.94921875 0.52734375 0.96484375 0.51171875 0.96484375
0 0.515625 0.611328125 0.53125 0.611328125 0.53125 0.626953125 0.515625 0.626953125
0 0.515625 0.86328125 0.53125 0.86328125 0.53125 0.87890625 0.515625 0.87890625
0 0.517578125 0.833984375 0.533203125 0.833984375 0.533203125 0.849609375 0.517578125 0.849609375
0 0.517578125 0.935546875 0.533203125 0.935546875 0.533203125 0.951171875 0.517578125 0.951171875
0 0.525390625 0.88671875 0.541015625 0.88671875 0.541015625 0.90234375 0.525390625 0.90234375
0 0.544921875 0.9140625 0.560546875 0.9140625 0.560546875 0.9296875 0.544921875 0.9296875
0 0.548828125 0.93359375 0.564453125 0.93359375 0.564453125 0.94921875 0.548828125 0.94921875
0 0.548828125 0.97265625 0.564453125 0.97265625 0.564453125 0.98828125 0.548828125 0.98828125
0 0.55078125 0.962890625 0.56640625 0.962890625 0.56640625 0.978515625 0.55078125 0.978515625
0 0.552734375 0.6171875 0.568359375 0.6171875 0.568359375 0.6328125 0.552734375 0.6328125
0 0.572265625 0.599609375 0.587890625 0.599609375 0.587890625 0.615234375 0.572265625 0.615234375
0 0.57421875 0.8203125 0.58984375 0.8203125 0.58984375 0.8359375 0.57421875 0.8359375
0 0.61328125 0.595703125 0.62890625 0.595703125 0.62890625 0.611328125 0.61328125 0.611328125
0 0.634765625 0.2109375 0.650390625 0.2109375 0.650390625 0.2265625 0.634765625 0.2265625
0 0.6484375 0.736328125 0.6640625 0.736328125 0.6640625 0.751953125 0.6484375 0.751953125
0 0.66796875 0.75 0.68359375 0.75 0.68359375 0.765625 0.66796875 0.765625
0 0.685546875 0.599609375 0.701171875 0.599609375 0.701171875 0.615234375 0.685546875 0.615234375
0 0.748046875 0.6875 0.763671875 0.6875 0.763671875 0.703125 0.748046875 0.703125
0 0.751953125 0.515625 0.767578125 0.515625 0.767578125 0.53125 0.751953125 0.53125
0 0.751953125 0.623046875 0.767578125 0.623046875 0.767578125 0.638671875 0.751953125 0.638671875
0 0.75390625 0.6484375 0.76953125 0.6484375 0.76953125 0.6640625 0.75390625 0.6640625
0 0.76171875 0.478515625 0.77734375 0.478515625 0.77734375 0.494140625 0.76171875 0.494140625
0 0.76171875 0.689453125 0.77734375 0.689453125 0.77734375 0.705078125 0.76171875 0.705078125
0 0.765625 0.4140625 0.78125 0.4140625 0.78125 0.4296875 0.765625 0.4296875
0 0.771484375 0.66796875 0.787109375 0.66796875 0.787109375 0.68359375 0.771484375 0.68359375
0 0.775390625 0.509765625 0.791015625 0.509765625 0.791015625 0.525390625 0.775390625 0.525390625
0 0.775390625 0.609375 0.791015625 0.609375 0.791015625 0.625 0.775390625 0.625
0 0.779296875 0.689453125 0.794921875 0.689453125 0.794921875 0.705078125 0.779296875 0.705078125
0 0.779296875 0.71484375 0.794921875 0.71484375 0.794921875 0.73046875 0.779296875 0.73046875
0 0.78125 0.587890625 0.796875 0.587890625 0.796875 0.603515625 0.78125 0.603515625
0 0.787109375 0.626953125 0.802734375 0.626953125 0.802734375 0.642578125 0.787109375 0.642578125
0 0.7890625 0.6640625 0.8046875 0.6640625 0.8046875 0.6796875 0.7890625 0.6796875
0 0.796875 0.7109375 0.8125 0.7109375 0.8125 0.7265625 0.796875 0.7265625
0 0.80078125 0.544921875 0.81640625 0.544921875 0.81640625 0.560546875 0.80078125 0.560546875
0 0.80078125 0.626953125 0.81640625 0.626953125 0.81640625 0.642578125 0.80078125 0.642578125
0 0.8046875 0.421875 0.8203125 0.421875 0.8203125 0.4375 0.8046875 0.4375
0 0.806640625 0.505859375 0.822265625 0.505859375 0.822265625 0.521484375 0.806640625 0.521484375
0 0.806640625 0.6015625 0.822265625 0.6015625 0.822265625 0.6171875 0.806640625 0.6171875
0 0.806640625 0.662109375 0.822265625 0.662109375 0.822265625 0.677734375 0.806640625 0.677734375
0 0.810546875 0.544921875 0.826171875 0.544921875 0.826171875 0.560546875 0.810546875 0.560546875
0 0.8125 0.4609375 0.828125 0.4609375 0.828125 0.4765625 0.8125 0.4765625
0 0.818359375 0.5859375 0.833984375 0.5859375 0.833984375 0.6015625 0.818359375 0.6015625
0 0.8203125 0.560546875 0.8359375 0.560546875 0.8359375 0.576171875 0.8203125 0.576171875
0 0.83203125 0.326171875 0.84765625 0.326171875 0.84765625 0.341796875 0.83203125 0.341796875
0 0.83203125 0.501953125 0.84765625 0.501953125 0.84765625 0.517578125 0.83203125 0.517578125
0 0.837890625 0.5234375 0.853515625 0.5234375 0.853515625 0.5390625 0.837890625 0.5390625
0 0.8515625 0.29296875 0.8671875 0.29296875 0.8671875 0.30859375 0.8515625 0.30859375
0 0.859375 0.384765625 0.875 0.384765625 0.875 0.400390625 0.859375 0.400390625
0 0.86328125 0.443359375 0.87890625 0.443359375 0.87890625 0.458984375 0.86328125 0.458984375
0 0.89453125 0.369140625 0.91015625 0.369140625 0.91015625 0.384765625 0.89453125 0.384765625
0 0.91015625 0.267578125 0.92578125 0.267578125 0.92578125 0.283203125 0.91015625 0.283203125
0 0.91796875 0.314453125 0.93359375 0.314453125 0.93359375 0.330078125 0.91796875 0.330078125
0 0.970703125 0.248046875 0.986328125 0.248046875 0.986328125 0.263671875 0.970703125 0.263671875
1 0.19150388917490122 0.8553604675998515 0.21168582915510478 0.8004379316760845 0.1963807872815502 0.7948139117489034 0.17619884730134663 0.8497364476726704
1 0.2631447909190254 0.7178293196585127 0.29149055956125486 0.6770433371366485 0.2786824705288811 0.6681418688867143 0.25033670188665164 0.7089278514085785
1 0.3431244643402804 0.11735061795656229 0.42007676757657136 0.08447990036244385 0.4115149227904569 0.06443611292894338 0.33456261955416594 0.09730683052306183
1 0.7062755563446772 0.9849456756086472 0.7108079699773251 0.9701315009276119 0.6676788589766729 0.9569361002473709 0.663146445344025 0.9717502749284062
1 0.025709867394954827 0.9004894578838211 0.079776944607389 0.8169528736372792 0.06034682699343476 0.8043771898365158 0.006279749781000581 0.8879137740830577
1 0.711082105143389 0.5548047664627238 0.7417565200323198 0.47858298311705116 0.7241487460300119 0.4714969751373128 0.693474331141081 0.5477187584829855
1 0.9735048276817032 0.9820199013548772 0.9780339057196589 0.9676513157350304 0.9339627760017685 0.9537597893876155 0.9294336979638128 0.9681283750074623
1 0.634894951368864 0.8078027321432746 0.6459278049485802 0.7789205478589065 0.6333770909056111 0.7741262362862908 0.622344237325895 0.8030084205706589
1 0.07584262252951988 1.0052688499897644 0.09292246955268509 0.9800901106445365 0.08024330078457466 0.9714892724543884 0.06316345376140946 0.9966680117996163
1 0.8052687517295062 0.2976891270662925 0.8126444211786611 0.2711566407303814 0.7967081197609723 0.26672656621678853 0.7893324503118174 0.29325905255269963
1 0.9478037502724346 1.009137915467201 0.9586166929620197 0.9924657559219061 0.9408008906882588 0.9809110890875474 0.9299879479986737 0.9975832486328424
