0 0.615234375 0.4375 0.630859375 0.4375 0.630859375 0.453125 0.615234375 0.453125
0 0.626953125 0.41796875 0.642578125 0.41796875 0.642578125 0.43359375 0.626953125 0.43359375
0 0.65234375 0.44921875 0.66796875 0.44921875 0.66796875 0.46484375 0.65234375 0.46484375
0 0.666015625 0.43359375 0.681640625 0.43359375 0.681640625 0.44921875 0.666015625 0.44921875
0 0.6953125 0.138671875 0.7109375 0.138671875 0.7109375 0.154296875 0.6953125 0.154296875
0 0.701171875 0.46875 0.716796875 0.46875 0.716796875 0.484375 0.701171875 0.484375
0 0.703125 0.240234375 0.71875 0.240234375 0.71875 0.255859375 0.703125 0.255859375
0 0.72265625 0.400390625 0.73828125 0.400390625 0.73828125 0.416015625 0.72265625 0.416015625
0 0.728515625 0.294921875 0.744140625 0.294921875 0.744140625 0.310546875 0.728515625 0.310546875
0 0.740234375 0.353515625 0.755859375 0.353515625 0.755859375 0.369140625 0.740234375 0.369140625
0 0.7421875 0.224609375 0.7578125 0.224609375 0.7578125 0.240234375 0.7421875 0.240234375
0 0.748046875 0.453125 0.763671875 0.453125 0.763671875 0.46875 0.748046875 0.46875
0 0.755859375 0.07421875 0.771484375 0.07421875 0.771484375 0.08984375 0.755859375 0.08984375
0 0.759765625 0.390625 0.775390625 0.390625 0.775390625 0.40625 0.759765625 0.40625
0 0.78515625 0.29296875 0.80078125 0.29296875 0.80078125 0.30859375 0.78515625 0.30859375
0 0.787109375 0.23046875 0.802734375 0.23046875 0.802734375 0.24609375 0.787109375 0.24609375
0 0.798828125 0.076171875 0.814453125 0.076171875 0.814453125 0.091796875 0.798828125 0.091796875
0 0.80078125 0.173828125 0.81640625 0.173828125 0.81640625 0.189453125 0.80078125 0.189453125
0 0.806640625 0.119140625 0.822265625 0.119140625 0.822265625 0.134765625 0.806640625 0.134765625
0 0.822265625 0.189453125 0.837890625 0.189453125 0.837890625 0.205078125 0.822265625 0.205078125
0 0.873046875 0.185546875 0.888671875 0.185546875 0.888671875 0.201171875 0.873046875 0.201171875
0 0.888671875 0.291015625 0.904296875 0.291015625 0.904296875 0.306640625 0.888671875 0.306640625
0 0.935546875 0.126953125 0.951171875 0.126953125 0.951171875 0.142578125 0.935546875 0.142578125
1 0.18832247637505914 0.12014140458589194 0.1901183940441579 0.10908054162248622 0.14975375748877143 0.10252666203493478 0.14795783981967267 0.1135875249983405
