0 0.28125 0.8515625 0.296875 0.8515625 0.296875 0.8671875 0.28125 0.8671875
0 0.298828125 0.90234375 0.314453125 0.90234375 0.314453125 0.91796875 0.298828125 0.91796875
2 0.5781446524418162 0.8687022001172119 0.5886266493475211 0.8355012683136543 0.37513067047230736 0.7680976121996826 0.3646486735666025 0.8012985440032402
2 0.5678796113716542 0.7501255998956778 0.5781432815659716 0.71879379488801 0.36953850993790716 0.6504590603769477 0.35927483974358976 0.6817908653846154
2 0.679159433676095 0.5133477969535883 0.7024428142232223 0.499362195620899 0.6117559363113928 0.34838569923552903 0.5884725557642655 0.36237130056821837
2 0.34525240384615385 0.6552483974358975 0.40644628074846667 0.559796631610411 0.3862309228672438 0.5468366186549519 0.32503704596493094 0.6422883844804383
2 0.5715051348363553 0.4577297340989848 0.583219013792081 0.4459392517961332 0.5482317750299777 0.4111793268560628 0.536517896074252 0.4229698091589144
2 0.34893684819177184 0.7930812890936171 0.3522636217948718 0.7789463141025642 0.2852860464348999 0.7631826335974178 0.2819592728317999 0.7773176085884705
2 0.9612379807692308 0.4424078525641026 0.9646629015897226 0.3037203447008058 0.9357630769833654 0.3030066566943817 0.9323381561628736 0.4416941645576785
2 0.8606496971646724 0.3947503805056524 0.8633802399250687 0.295197265294422 0.8432055789431157 0.29464391470995427 0.8404750361827193 0.3941970299211847
2 0.5814624089249723 0.395207815518502 0.5941395060385224 0.3865460009877893 0.5764075261107333 0.3605941602085793 0.5637304289971832 0.369255974739292
2 0.7824761084201813 0.32572024824187495 0.7825482617201135 0.2795100416480226 0.767114598405075 0.27948594329788945 0.7670424451051429 0.3256961498917418
