0 0.611328125 0.916015625 0.626953125 0.916015625 0.626953125 0.931640625 0.611328125 0.931640625
0 0.646484375 0.990234375 0.662109375 0.990234375 0.662109375 1.005859375 0.646484375 1.005859375
0 0.7578125 0.720703125 0.7734375 0.720703125 0.7734375 0.736328125 0.7578125 0.736328125
0 0.837890625 0.759765625 0.853515625 0.759765625 0.853515625 0.775390625 0.837890625 0.775390625
0 0.083984375 0.375 0.099609375 0.375 0.099609375 0.390625 0.083984375 0.390625
0 0.91796875 0.625 0.93359375 0.625 0.93359375 0.640625 0.91796875 0.640625
1 0.9472814812442795 0.12083991438392401 0.9606613092663671 0.11123312627875191 0.9353301511028275 0.07595322459694147 0.9219503230807399 0.08556001270211357
1 0.7282602983315551 0.7409364096768746 0.7428287829043754 0.7132919391003928 0.7335451645056641 0.7083995230547538 0.7189766799328439 0.7360439936312356
1 0.7688534556965455 0.5805493635570095 0.8017891052557632 0.5364401803575892 0.790673464622058 0.5281403022373631 0.7577378150628403 0.5722494854367833
1 0.6700758521078416 0.5887905147453928 0.7093221499637326 0.5383180467457515 0.6949936564447097 0.5271765205481863 0.6557473585888187 0.5776489885478276
