0 0.25390625 0.06640625 0.26953125 0.06640625 0.26953125 0.08203125 0.25390625 0.08203125
0 0.265625 0.13671875 0.28125 0.13671875 0.28125 0.15234375 0.265625 0.15234375
0 0.30859375 0.119140625 0.32421875 0.119140625 0.32421875 0.134765625 0.30859375 0.134765625
0 0.3984375 0.1875 0.4140625 0.1875 0.4140625 0.203125 0.3984375 0.203125
0 0.583984375 0.20703125 0.599609375 0.20703125 0.599609375 0.22265625 0.583984375 0.22265625
0 0.630859375 0.25 0.646484375 0.25 0.646484375 0.265625 0.630859375 0.265625
0 0.65234375 0.275390625 0.66796875 0.275390625 0.66796875 0.291015625 0.65234375 0.291015625
0 0.7578125 0.34375 0.7734375 0.34375 0.7734375 0.359375 0.7578125 0.359375
0 0.1015625 0.0546875 0.1171875 0.0546875 0.1171875 0.0703125 0.1015625 0.0703125
0 0.1640625 0.05859375 0.1796875 0.05859375 0.1796875 0.07421875 0.1640625 0.07421875
1 0.358395160820327 0.9181157729933562 0.363010382849754 0.9043561846858794 0.32800096115843275 0.8926133730103669 0.32338573912900576 0.9063729613178437
1 0.4697799254631772 0.23922345778945012 0.47276641648513323 0.23039281678505372 0.42561344611885404 0.21444585182663875 0.422626955096898 0.22327649283103515
1 0.5451778145249233 0.23024310911918977 0.5493336899472805 0.21992310258802067 0.5235661296431675 0.2095464841005673 0.5194102542208103 0.2198664906317364
