0 0.19140625 0.4765625 0.20703125 0.4765625 0.20703125 0.4921875 0.19140625 0.4921875
0 0.21484375 0.416015625 0.23046875 0.416015625 0.23046875 0.431640625 0.21484375 0.431640625
0 0.224609375 0.36328125 0.240234375 0.36328125 0.240234375 0.37890625 0.224609375 0.37890625
0 0.2265625 0.333984375 0.2421875 0.333984375 0.2421875 0.349609375 0.2265625 0.349609375
0 0.25 0.4296875 0.265625 0.4296875 0.265625 0.4453125 0.25 0.4453125
0 0.25390625 0.353515625 0.26953125 0.353515625 0.26953125 0.369140625 0.25390625 0.369140625
0 0.255859375 0.310546875 0.271484375 0.310546875 0.271484375 0.326171875 0.255859375 0.326171875
0 0.255859375 0.388671875 0.271484375 0.388671875 0.271484375 0.404296875 0.255859375 0.404296875
0 0.26953125 0.419921875 0.28515625 0.419921875 0.28515625 0.435546875 0.26953125 0.435546875
0 0.283203125 0.203125 0.298828125 0.203125 0.298828125 0.21875 0.283203125 0.21875
0 0.3046875 0.1875 0.3203125 0.1875 0.3203125 0.203125 0.3046875 0.203125
0 0.306640625 0.154296875 0.322265625 0.154296875 0.322265625 0.169921875 0.306640625 0.169921875
0 0.3203125 0.14453125 0.3359375 0.14453125 0.3359375 0.16015625 0.3203125 0.16015625
0 0.33203125 0.26171875 0.34765625 0.26171875 0.34765625 0.27734375 0.33203125 0.27734375
0 0.3359375 0.314453125 0.3515625 0.314453125 0.3515625 0.330078125 0.3359375 0.330078125
0 0.345703125 0.083984375 0.361328125 0.083984375 0.361328125 0.099609375 0.345703125 0.099609375
0 0.3671875 0.12109375 0.3828125 0.12109375 0.3828125 0.13671875 0.3671875 0.13671875
0 0.38671875 0.1796875 0.40234375 0.1796875 0.40234375 0.1953125 0.38671875 0.1953125
0 0.40234375 0.25 0.41796875 0.25 0.41796875 0.265625 0.40234375 0.265625
0 0.404296875 0.033203125 0.419921875 0.033203125 0.419921875 0.048828125 0.404296875 0.048828125
0 0.408203125 0.2109375 0.423828125 0.2109375 0.423828125 0.2265625 0.408203125 0.2265625
0 0.416015625 0.1171875 0.431640625 0.1171875 0.431640625 0.1328125 0.416015625 0.1328125
0 0.416015625 0.16015625 0.431640625 0.16015625 0.431640625 0.17578125 0.416015625 0.17578125
0 0.439453125 0.177734375 0.455078125 0.177734375 0.455078125 0.193359375 0.439453125 0.193359375
0 0.5859375 0.1875 0.6015625 0.1875 0.6015625 0.203125 0.5859375 0.203125
0 0.61328125 0.015625 0.62890625 0.015625 0.62890625 0.03125 0.61328125 0.03125
0 0.646484375 0.33203125 0.662109375 0.33203125 0.662109375 0.34765625 0.646484375 0.34765625
0 0.14453125 0.50390625 0.16015625 0.50390625 0.16015625 0.51953125 0.14453125 0.51953125
0 0.150390625 0.3359375 0.166015625 0.3359375 0.166015625 0.3515625 0.150390625 0.3515625
0 0.1796875 0.427734375 0.1953125 0.427734375 0.1953125 0.443359375 0.1796875 0.443359375
1 0.9928919778919238 0.8156516343495495 1.0128231047114926 0.7345853174034986 0.9940889371776561 0.7299792975046986 0.9741578103580874 0.8110456144507494
1 0.43888104721063276 0.2605966913848908 0.4907237011464715 0.21974076580173754 0.48162352279669146 0.2081934225410431 0.4297808688608527 0.2490493481241963
1 0.9392981142174128 0.6429841482103177 0.9539906762460242 0.6395402246644041 0.9440983920920965 0.5973374879896335 0.9294058300634851 0.6007814115355471
1 0.8787655200058742 1.0044118154641293 0.9010707559423263 0.9825045434890933 0.8919056092208104 0.9731729041937687 0.8696003732843582 0.9950801761688046
2 0.5984387787706593 0.41558501392900066 0.6384258277301595 0.36465061942862936 0.6267168131940624 0.3554582270950167 0.5867297642345621 0.40639262159538797
