0 0.359375 0.115234375 0.375 0.115234375 0.375 0.130859375 0.359375 0.130859375
0 0.44921875 0.0078125 0.46484375 0.0078125 0.46484375 0.0234375 0.44921875 0.0234375
0 0.501953125 0.13671875 0.517578125 0.13671875 0.517578125 0.15234375 0.501953125 0.15234375
0 0.52734375 0.109375 0.54296875 0.109375 0.54296875 0.125 0.52734375 0.125
0 0.845703125 0.5703125 0.861328125 0.5703125 0.861328125 0.5859375 0.845703125 0.5859375
0 0.927734375 0.84765625 0.943359375 0.84765625 0.943359375 0.86328125 0.927734375 0.86328125
1 0.9447128313032466 0.8520947895161264 0.9559908796284519 0.8473007899065776 0.9427696926149053 0.8161974944957144 0.9314916442897 0.8209914941052632
1 0.8912267392468021 0.8676733025840959 0.8999814324237718 0.8594061290847157 0.8781751686740353 0.8363139382072249 0.8694204754970656 0.8445811117066051
1 0.31756222064520157 0.2228084226045347 0.31659539129953185 0.18494931936600345 0.30056715195153916 0.18535864158537618 0.3015339812972089 0.22321774482390744
1 0.08050650106135014 0.28243583076170337 0.08697882254584936 0.2725170197017041 0.05834324909982081 0.2538314498169099 0.0518709276153216 0.26375026087690917
1 0.8147919010882955 0.6247992444086553 0.8275824720909731 0.6189914135025157 0.8148755002254863 0.5910068821858881 0.8020849292228086 0.5968147130920277
