0 0.48828125 0.001953125 0.50390625 0.001953125 0.50390625 0.017578125 0.48828125 0.017578125
0 0.515625 -0.0078125 0.53125 -0.0078125 0.53125 0.0078125 0.515625 0.0078125
0 0.556640625 -0.0078125 0.572265625 -0.0078125 0.572265625 0.0078125 0.556640625 0.0078125
0 0.576171875 0.005859375 0.591796875 0.005859375 0.591796875 0.021484375 0.576171875 0.021484375
0 0.59765625 0.001953125 0.61328125 0.001953125 0.61328125 0.017578125 0.59765625 0.017578125
0 0.62109375 -0.0078125 0.63671875 -0.0078125 0.63671875 0.0078125 0.62109375 0.0078125
0 0.623046875 0.125 0.638671875 0.125 0.638671875 0.140625 0.623046875 0.140625
0 0.625 0.080078125 0.640625 0.080078125 0.640625 0.095703125 0.625 0.095703125
0 0.62890625 0.013671875 0.64453125 0.013671875 0.64453125 0.029296875 0.62890625 0.029296875
0 0.650390625 0.046875 0.666015625 0.046875 0.666015625 0.0625 0.650390625 0.0625
0 0.650390625 0.09375 0.666015625 0.09375 0.666015625 0.109375 0.650390625 0.109375
0 0.654296875 0.005859375 0.669921875 0.005859375 0.669921875 0.021484375 0.654296875 0.021484375
0 0.671875 0.119140625 0.6875 0.119140625 0.6875 0.134765625 0.671875 0.134765625
0 0.673828125 0.05859375 0.689453125 0.05859375 0.689453125 0.07421875 0.673828125 0.07421875
0 0.685546875 0.03125 0.701171875 0.03125 0.701171875 0.046875 0.685546875 0.046875
0 0.689453125 0.080078125 0.705078125 0.080078125 0.705078125 0.095703125 0.689453125 0.095703125
0 0.6953125 0.1328125 0.7109375 0.1328125 0.7109375 0.1484375 0.6953125 0.1484375
0 0.71484375 0.103515625 0.73046875 0.103515625 0.73046875 0.119140625 0.71484375 0.119140625
0 0.724609375 0.060546875 0.740234375 0.060546875 0.740234375 0.076171875 0.724609375 0.076171875
0 0.890625 0.08203125 0.90625 0.08203125 0.90625 0.09765625 0.890625 0.09765625
1 0.9748575096062163 0.16630853467306822 0.985955498869952 0.1623126273855266 0.9777439231940767 0.13950629777589113 0.9666459339303409 0.14350220506343275
1 0.9592829719546996 0.1380329124257794 0.960732922355316 0.12616441109291823 0.9332492574688234 0.12280678827307315 0.9317993070682069 0.1346752896059343
1 0.9778090976460757 0.09454532169724646 0.9836118740000362 0.08196623655574085 0.9540384746805844 0.06832392311667261 0.9482356983266239 0.08090300825817821
