0 0.40625 0.42578125 0.421875 0.42578125 0.421875 0.44140625 0.40625 0.44140625
0 0.41796875 0.455078125 0.43359375 0.455078125 0.43359375 0.470703125 0.41796875 0.470703125
0 0.509765625 0.5703125 0.525390625 0.5703125 0.525390625 0.5859375 0.509765625 0.5859375
0 0.880859375 0.416015625 0.896484375 0.416015625 0.896484375 0.431640625 0.880859375 0.431640625
0 0.177734375 0.345703125 0.193359375 0.345703125 0.193359375 0.361328125 0.177734375 0.361328125
1 0.10936660395240451 0.6365284367706117 0.11129237217435865 0.6157325879406799 0.040654069918635835 0.609191234478778 0.03872830169668168 0.6299870833087098
1 0.7419229564393224 0.6181284962328594 0.8326096464041617 0.6043399934881192 0.8293222370421229 0.5827187718716939 0.7386355470772836 0.596507274616434
1 0.4914907682919853 0.6239864586131918 0.49407856805763056 0.5973904772032477 0.3642447124933846 0.5847575904590738 0.3616569127277393 0.611353571869018
1 0.5190674472295514 0.5381348944591029 0.5654477242744064 0.5381348944591029 0.5654477242744064 0.5474109498680739 0.5190674472295514 0.5474109498680739
1 0.3274206873614901 0.5133471383053466 0.35499058933988403 0.5048187682252453 0.35925477437993464 0.5186037192144424 0.33168487240154076 0.5271320892945437
1 0.8693819972388067 0.2119660125378471 0.8893835436338874 0.18676089948437205 0.8776450160520726 0.1774457774478442 0.857643469656992 0.20265089050131926
