0 -0.0078125 0.24609375 0.0078125 0.24609375 0.0078125 0.26171875 -0.0078125 0.26171875
0 0.01171875 0.283203125 0.02734375 0.283203125 0.02734375 0.298828125 0.01171875 0.298828125
0 0.029296875 0.21875 0.044921875 0.21875 0.044921875 0.234375 0.029296875 0.234375
0 0.03125 0.021484375 0.046875 0.021484375 0.046875 0.037109375 0.03125 0.037109375
0 0.03515625 0.3359375 0.05078125 0.3359375 0.05078125 0.3515625 0.03515625 0.3515625
0 0.041015625 -0.001953125 0.056640625 -0.001953125 0.056640625 0.013671875 0.041015625 0.013671875
0 0.509765625 0.634765625 0.525390625 0.634765625 0.525390625 0.650390625 0.509765625 0.650390625
0 0.576171875 0.720703125 0.591796875 0.720703125 0.591796875 0.736328125 0.576171875 0.736328125
0 0.001953125 0.228515625 0.017578125 0.228515625 0.017578125 0.244140625 0.001953125 0.244140625
0 0.1015625 0.171875 0.1171875 0.171875 0.1171875 0.1875 0.1015625 0.1875
0 0.123046875 0.154296875 0.138671875 0.154296875 0.138671875 0.169921875 0.123046875 0.169921875
0 0.140625 0.28515625 0.15625 0.28515625 0.15625 0.30078125 0.140625 0.30078125
0 0.0078125 0.009765625 0.0234375 0.009765625 0.0234375 0.025390625 0.0078125 0.025390625
1 0.07255608244119562 0.519500264992477 0.08176115240768846 0.5119699613745748 0.049018297062531344 0.4719449783661351 0.0398132270960385 0.47947528198403727
1 0.11381273082468106 0.08486484461187577 0.12179275879851977 0.039056323235061335 0.1092369545343201 0.03686905182243133 0.1012569265604814 0.08267757319924576
1 0.025652768948065122 0.777223817179577 0.03286694606172682 0.7332282621772394 0.020268541834367434 0.7311624371310309 0.013054364720705734 0.7751579921333686
1 0.2177551996450483 0.32212140274271345 0.2228110706168679 0.27358086812691745 0.21196418883990653 0.27245108175054217 0.20690831786808694 0.32099161636633816
