0 0.208984375 0.54296875 0.224609375 0.54296875 0.224609375 0.55859375 0.208984375 0.55859375
0 0.2109375 0.513671875 0.2265625 0.513671875 0.2265625 0.529296875 0.2109375 0.529296875
0 0.212890625 0.5546875 0.228515625 0.5546875 0.228515625 0.5703125 0.212890625 0.5703125
0 0.21484375 0.52734375 0.23046875 0.52734375 0.23046875 0.54296875 0.21484375 0.54296875
0 0.216796875 0.544921875 0.232421875 0.544921875 0.232421875 0.560546875 0.216796875 0.560546875
0 0.21875 0.5703125 0.234375 0.5703125 0.234375 0.5859375 0.21875 0.5859375
0 0.220703125 0.55078125 0.236328125 0.55078125 0.236328125 0.56640625 0.220703125 0.56640625
0 0.2265625 0.517578125 0.2421875 0.517578125 0.2421875 0.533203125 0.2265625 0.533203125
0 0.2265625 0.55859375 0.2421875 0.55859375 0.2421875 0.57421875 0.2265625 0.57421875
0 0.228515625 0.546875 0.244140625 0.546875 0.244140625 0.5625 0.228515625 0.5625
0 0.236328125 0.515625 0.251953125 0.515625 0.251953125 0.53125 0.236328125 0.53125
0 0.236328125 0.548828125 0.251953125 0.548828125 0.251953125 0.564453125 0.236328125 0.564453125
0 0.23828125 0.51953125 0.25390625 0.51953125 0.25390625 0.53515625 0.23828125 0.53515625
0 0.244140625 0.599609375 0.259765625 0.599609375 0.259765625 0.615234375 0.244140625 0.615234375
0 0.25 0.5625 0.265625 0.5625 0.265625 0.578125 0.25 0.578125
0 0.263671875 0.603515625 0.279296875 0.603515625 0.279296875 0.619140625 0.263671875 0.619140625
0 0.265625 0.572265625 0.28125 0.572265625 0.28125 0.587890625 0.265625 0.587890625
0 0.27734375 0.583984375 0.29296875 0.583984375 0.29296875 0.599609375 0.27734375 0.599609375
0 0.27734375 0.611328125 0.29296875 0.611328125 0.29296875 0.626953125 0.27734375 0.626953125
0 0.49609375 0.583984375 0.51171875 0.583984375 0.51171875 0.599609375 0.49609375 0.599609375
0 0.6640625 0.701171875 0.6796875 0.701171875 0.6796875 0.716796875 0.6640625 0.716796875
0 0.705078125 0.572265625 0.720703125 0.572265625 0.720703125 0.587890625 0.705078125 0.587890625
0 0.75390625 0.412109375 0.76953125 0.412109375 0.76953125 0.427734375 0.75390625 0.427734375
0 0.765625 0.525390625 0.78125 0.525390625 0.78125 0.541015625 0.765625 0.541015625
0 0.794921875 0.552734375 0.810546875 0.552734375 0.810546875 0.568359375 0.794921875 0.568359375
0 0.826171875 0.552734375 0.841796875 0.552734375 0.841796875 0.568359375 0.826171875 0.568359375
0 0.828125 0.603515625 0.84375 0.603515625 0.84375 0.619140625 0.828125 0.619140625
