2 0.2810997 0.26832935 0.35218659159301396 0.22093812808784868 0.36227964743589747 0.23607772435897434 0.29119275584288357 0.28346894627112573
2 0.5 0.3359375 0.5 0.31640625 0.55859375 0.31640625 0.55859375 0.3359375
2 0.6656345 0.30321074 0.7005764 0.29932833 0.7024343 0.31604898 0.6674924 0.3199314
2 0.7395189 0.2955794 0.77278006 0.2922533 0.7745011 0.309464 0.7412399 0.31279013
2 0.8312922 0.05912163 0.838788 0.014146961 0.8571579 0.017208613 0.8496621 0.062183283
2 0.40234375 0.33203125 0.44140625 0.33203125 0.44140625 0.34765625 0.40234375 0.34765625
2 0.45507812 0.34179688 0.45507812 0.33007812 0.48242188 0.33007812 0.48242188 0.34179688
2 0.3423477564102565 0.3401442307692308 0.3858173076923077 0.3401442307692308 0.3858173076923077 0.35526842948717946 0.3423477564102565 0.35526842948717946
2 0.4511526143535323 0.1552946132924372 0.5125431621058344 0.11436761526733585 0.5233296503164047 0.13054736094925773 0.46193910256410253 0.17147435897435898
2 0.43622873614840413 0.043716087651411564 0.5134060855591853 -0.007735436118371865 0.5240384615384616 0.008213141025641016 0.4468611121276804 0.0596646647954244
