0 0.26171875 0.12109375 0.27734375 0.12109375 0.27734375 0.13671875 0.26171875 0.13671875
0 0.275390625 0.62109375 0.291015625 0.62109375 0.291015625 0.63671875 0.275390625 0.63671875
0 0.296875 0.06640625 0.3125 0.06640625 0.3125 0.08203125 0.296875 0.08203125
0 0.34375 0.0234375 0.359375 0.0234375 0.359375 0.0390625 0.34375 0.0390625
0 0.34375 0.0078125 0.359375 0.0078125 0.359375 0.0234375 0.34375 0.0234375
0 0.353515625 0.037109375 0.369140625 0.037109375 0.369140625 0.052734375 0.353515625 0.052734375
0 0.376953125 0.78515625 0.392578125 0.78515625 0.392578125 0.80078125 0.376953125 0.80078125
0 0.38671875 0.013671875 0.40234375 0.013671875 0.40234375 0.029296875 0.38671875 0.029296875
0 0.640625 0.708984375 0.65625 0.708984375 0.65625 0.724609375 0.640625 0.724609375
0 0.072265625 0.1796875 0.087890625 0.1796875 0.087890625 0.1953125 0.072265625 0.1953125
0 0.82421875 0.07421875 0.83984375 0.07421875 0.83984375 0.08984375 0.82421875 0.08984375
0 0.84765625 0.720703125 0.86328125 0.720703125 0.86328125 0.736328125 0.84765625 0.736328125
0 0.984375 0.92578125 1.0 0.92578125 1.0 0.94140625 0.984375 0.94140625
0 0.13671875 0.1484375 0.15234375 0.1484375 0.15234375 0.1640625 0.13671875 0.1640625
1 0.5774331480818964 0.9390235308532229 0.5940559851966454 0.9260002628268853 0.519355496708753 0.83065291606145 0.502732659594004 0.8436761840877876
1 0.21985188749665713 0.5778400336587124 0.25900619402721053 0.534497785774968 0.24696736904745603 0.5236222113287754 0.20781306251690262 0.5669644592125198
