0 0.365234375 0.3671875 0.380859375 0.3671875 0.380859375 0.3828125 0.365234375 0.3828125
0 0.37890625 0.888671875 0.39453125 0.888671875 0.39453125 0.904296875 0.37890625 0.904296875
0 0.009765625 0.619140625 0.025390625 0.619140625 0.025390625 0.634765625 0.009765625 0.634765625
1 0.41992188 0.64453125 0.41992188 0.5449219 0.44921875 0.5449219 0.44921875 0.64453125
1 0.40234375 0.5175781 0.40234375 0.4296875 0.41796875 0.4296875 0.41796875 0.5175781
1 0.43554688 0.19335938 0.453125 0.19335938 0.453125 0.30078125 0.43554688 0.30078125
1 0.4798045 0.27687776 0.488192 0.15945232 0.5070689 0.16080067 0.4986814 0.2782261
1 0.5078125 0.0 0.5253906 0.0 0.5253906 0.07421875 0.5078125 0.07421875
1 0.89750934 0.52001476 0.9174273 0.518023 0.92471766 0.59092677 0.9047997 0.5929185
1 0.84540266 0.7065806 0.85629505 0.6521184 0.87507504 0.65587443 0.86418265 0.7103366
1 0.9359698 0.77721936 0.9585862 0.73575586 0.9725442 0.7433693 0.9499278 0.7848328
1 0.48105472 0.8927735 0.48632818 0.87695324 0.5326173 0.892383 0.5273438 0.90820324
1 0.72753906 0.24511719 0.73535156 0.23730469 0.7578125 0.25976562 0.75 0.26757812
1 0.7744142 0.2978516 0.7812501 0.29101565 0.79589856 0.3056641 0.7890626 0.31250003
1 0.75578827 0.24595352 0.7662036 0.2274899 0.8708307 0.28651035 0.8604154 0.30497396
1 0.63143307 0.13735564 0.64924914 0.11622502 0.7664748 0.21506236 0.7486587 0.23619299
1 0.7092847 0.027794491 0.7232571 0.018479586 0.7758413 0.09735577 0.7618689 0.10667068
1 0.9470917 0.28827322 0.9547838 0.27135062 1.0054045 0.29436004 0.9977124 0.31128263
