0 0.328125 0.646484375 0.34375 0.646484375 0.34375 0.662109375 0.328125 0.662109375
0 0.365234375 0.716796875 0.380859375 0.716796875 0.380859375 0.732421875 0.365234375 0.732421875
0 0.40234375 0.712890625 0.41796875 0.712890625 0.41796875 0.728515625 0.40234375 0.728515625
0 0.455078125 0.728515625 0.470703125 0.728515625 0.470703125 0.744140625 0.455078125 0.744140625
0 0.482421875 0.82421875 0.498046875 0.82421875 0.498046875 0.83984375 0.482421875 0.83984375
0 0.525390625 0.64453125 0.541015625 0.64453125 0.541015625 0.66015625 0.525390625 0.66015625
0 0.603515625 0.0703125 0.619140625 0.0703125 0.619140625 0.0859375 0.603515625 0.0859375
0 0.619140625 0.125 0.634765625 0.125 0.634765625 0.140625 0.619140625 0.140625
0 0.638671875 0.146484375 0.654296875 0.146484375 0.654296875 0.162109375 0.638671875 0.162109375
0 0.646484375 0.109375 0.662109375 0.109375 0.662109375 0.125 0.646484375 0.125
0 0.701171875 0.056640625 0.716796875 0.056640625 0.716796875 0.072265625 0.701171875 0.072265625
0 0.748046875 -0.001953125 0.763671875 -0.001953125 0.763671875 0.013671875 0.748046875 0.013671875
1 0.9417850781002476 0.9419429043260452 0.9538016201447387 0.9391960615572945 0.9436528872928188 0.8947986623319748 0.9316363452483277 0.8975455051007255
1 0.9783649462961828 0.29060684656877256 0.9837500031841138 0.27955337196194285 0.9517520647740687 0.263964543583205 0.9463670078861377 0.2750180181900347
