0 0.259765625 0.759765625 0.275390625 0.759765625 0.275390625 0.775390625 0.259765625 0.775390625
0 0.783203125 0.7734375 0.798828125 0.7734375 0.798828125 0.7890625 0.783203125 0.7890625
0 0.833984375 0.935546875 0.849609375 0.935546875 0.849609375 0.951171875 0.833984375 0.951171875
0 0.005859375 0.201171875 0.021484375 0.201171875 0.021484375 0.216796875 0.005859375 0.216796875
1 0.1907010196312475 0.5091623855249694 0.20214161258698496 0.49447790499255256 0.1579409719840479 0.46004144424035054 0.14650037902831045 0.4747259247727673
1 1.000478499207723 0.4414390887106005 1.0019481735906672 0.4274056806169742 0.9775470564029339 0.42485022889727914 0.9760773820199894 0.43888363699090543
1 0.872179066111419 0.5965205786081765 0.8907742865040693 0.548588633025669 0.879391635487702 0.5441727283147361 0.8607964150950518 0.5921046738972436
1 0.8182673077383044 0.5964187415623016 0.8445464628971427 0.5422521928236234 0.8342210431299207 0.5372427669978791 0.8079418879710824 0.5914093157365573
1 0.7598753539921873 0.7712739680633434 0.7737851740103551 0.7148294189314377 0.7625137003062136 0.7120517517700307 0.7486038802880458 0.7684963009019363
1 0.8532266608464687 0.7340654904943398 0.8637847438170081 0.6784866341468301 0.851502061725858 0.6761533443826744 0.8409439787553186 0.7317322007301841
