0 0.283203125 0.607421875 0.298828125 0.607421875 0.298828125 0.623046875 0.283203125 0.623046875
0 0.359375 0.6171875 0.375 0.6171875 0.375 0.6328125 0.359375 0.6328125
0 0.494140625 0.640625 0.509765625 0.640625 0.509765625 0.65625 0.494140625 0.65625
0 0.595703125 0.97265625 0.611328125 0.97265625 0.611328125 0.98828125 0.595703125 0.98828125
0 0.599609375 0.939453125 0.615234375 0.939453125 0.615234375 0.955078125 0.599609375 0.955078125
0 0.630859375 0.908203125 0.646484375 0.908203125 0.646484375 0.923828125 0.630859375 0.923828125
0 0.646484375 0.927734375 0.662109375 0.927734375 0.662109375 0.943359375 0.646484375 0.943359375
0 0.6484375 0.8828125 0.6640625 0.8828125 0.6640625 0.8984375 0.6484375 0.8984375
0 0.66015625 0.748046875 0.67578125 0.748046875 0.67578125 0.763671875 0.66015625 0.763671875
0 0.66015625 0.900390625 0.67578125 0.900390625 0.67578125 0.916015625 0.66015625 0.916015625
0 0.66015625 0.986328125 0.67578125 0.986328125 0.67578125 1.001953125 0.66015625 1.001953125
0 0.671875 0.685546875 0.6875 0.685546875 0.6875 0.701171875 0.671875 0.701171875
0 0.6796875 0.662109375 0.6953125 0.662109375 0.6953125 0.677734375 0.6796875 0.677734375
0 0.6796875 0.716796875 0.6953125 0.716796875 0.6953125 0.732421875 0.6796875 0.732421875
0 0.6875 0.79296875 0.703125 0.79296875 0.703125 0.80859375 0.6875 0.80859375
0 0.6875 0.845703125 0.703125 0.845703125 0.703125 0.861328125 0.6875 0.861328125
0 0.697265625 0.919921875 0.712890625 0.919921875 0.712890625 0.935546875 0.697265625 0.935546875
0 0.7109375 0.673828125 0.7265625 0.673828125 0.7265625 0.689453125 0.7109375 0.689453125
0 0.7109375 0.822265625 0.7265625 0.822265625 0.7265625 0.837890625 0.7109375 0.837890625
0 0.73046875 0.609375 0.74609375 0.609375 0.74609375 0.625 0.73046875 0.625
0 0.736328125 0.8046875 0.751953125 0.8046875 0.751953125 0.8203125 0.736328125 0.8203125
0 0.73828125 0.869140625 0.75390625 0.869140625 0.75390625 0.884765625 0.73828125 0.884765625
0 0.740234375 0.720703125 0.755859375 0.720703125 0.755859375 0.736328125 0.740234375 0.736328125
0 0.744140625 0.865234375 0.759765625 0.865234375 0.759765625 0.880859375 0.744140625 0.880859375
0 0.748046875 0.626953125 0.763671875 0.626953125 0.763671875 0.642578125 0.748046875 0.642578125
0 0.75 0.75 0.765625 0.75 0.765625 0.765625 0.75 0.765625
0 0.7578125 0.6640625 0.7734375 0.6640625 0.7734375 0.6796875 0.7578125 0.6796875
0 0.771484375 0.580078125 0.787109375 0.580078125 0.787109375 0.595703125 0.771484375 0.595703125
0 0.7734375 0.5546875 0.7890625 0.5546875 0.7890625 0.5703125 0.7734375 0.5703125
0 0.79296875 0.5 0.80859375 0.5 0.80859375 0.515625 0.79296875 0.515625
0 0.818359375 0.486328125 0.833984375 0.486328125 0.833984375 0.501953125 0.818359375 0.501953125
0 0.822265625 0.439453125 0.837890625 0.439453125 0.837890625 0.455078125 0.822265625 0.455078125
0 0.828125 0.408203125 0.84375 0.408203125 0.84375 0.423828125 0.828125 0.423828125
0 0.84375 0.419921875 0.859375 0.419921875 0.859375 0.435546875 0.84375 0.435546875
0 0.8515625 0.3203125 0.8671875 0.3203125 0.8671875 0.3359375 0.8515625 0.3359375
0 0.876953125 0.189453125 0.892578125 0.189453125 0.892578125 0.205078125 0.876953125 0.205078125
0 0.87890625 0.35546875 0.89453125 0.35546875 0.89453125 0.37109375 0.87890625 0.37109375
0 0.890625 0.22265625 0.90625 0.22265625 0.90625 0.23828125 0.890625 0.23828125
0 0.89453125 0.3671875 0.91015625 0.3671875 0.91015625 0.3828125 0.89453125 0.3828125
0 0.8984375 0.3515625 0.9140625 0.3515625 0.9140625 0.3671875 0.8984375 0.3671875
0 0.90625 0.158203125 0.921875 0.158203125 0.921875 0.173828125 0.90625 0.173828125
0 0.91796875 0.408203125 0.93359375 0.408203125 0.93359375 0.423828125 0.91796875 0.423828125
0 0.93359375 0.205078125 0.94921875 0.205078125 0.94921875 0.220703125 0.93359375 0.220703125
0 0.95703125 0.3125 0.97265625 0.3125 0.97265625 0.328125 0.95703125 0.328125
1 0.771188121529369 0.28159069875834014 0.785138628605188 0.28060137899300047 0.782370228080006 0.24156385799291105 0.768419721004187 0.24255317775825078
1 0.24602623783619026 0.9991141525243458 0.2933201578935999 0.9231556345377042 0.28112373746364494 0.9155617984796826 0.23382981740623532 0.9915203164663241
1 0.8067103283526409 0.36267262951621954 0.8116612686649809 0.3439578013612831 0.8014382464764607 0.34125333770027216 0.7964873061641207 0.3599681658552086
