0 0.197265625 0.60546875 0.212890625 0.60546875 0.212890625 0.62109375 0.197265625 0.62109375
0 0.26171875 0.419921875 0.27734375 0.419921875 0.27734375 0.435546875 0.26171875 0.435546875
0 0.267578125 0.392578125 0.283203125 0.392578125 0.283203125 0.408203125 0.267578125 0.408203125
0 0.28125 0.560546875 0.296875 0.560546875 0.296875 0.576171875 0.28125 0.576171875
0 0.3359375 0.80859375 0.3515625 0.80859375 0.3515625 0.82421875 0.3359375 0.82421875
0 0.365234375 0.95703125 0.380859375 0.95703125 0.380859375 0.97265625 0.365234375 0.97265625
0 0.556640625 0.765625 0.572265625 0.765625 0.572265625 0.78125 0.556640625 0.78125
0 0.55859375 0.169921875 0.57421875 0.169921875 0.57421875 0.185546875 0.55859375 0.185546875
0 0.58203125 0.03125 0.59765625 0.03125 0.59765625 0.046875 0.58203125 0.046875
0 0.591796875 0.037109375 0.607421875 0.037109375 0.607421875 0.052734375 0.591796875 0.052734375
0 0.70703125 0.69921875 0.72265625 0.69921875 0.72265625 0.71484375 0.70703125 0.71484375
0 0.109375 0.521484375 0.125 0.521484375 0.125 0.537109375 0.109375 0.537109375
0 0.123046875 0.654296875 0.138671875 0.654296875 0.138671875 0.669921875 0.123046875 0.669921875
0 0.150390625 0.044921875 0.166015625 0.044921875 0.166015625 0.060546875 0.150390625 0.060546875
