0 0.33984375 0.935546875 0.35546875 0.935546875 0.35546875 0.951171875 0.33984375 0.951171875
0 0.376953125 0.0 0.392578125 0.0 0.392578125 0.015625 0.376953125 0.015625
0 0.44140625 0.4453125 0.45703125 0.4453125 0.45703125 0.4609375 0.44140625 0.4609375
0 0.44921875 0.28515625 0.46484375 0.28515625 0.46484375 0.30078125 0.44921875 0.30078125
0 0.59375 0.5546875 0.609375 0.5546875 0.609375 0.5703125 0.59375 0.5703125
0 0.6640625 0.330078125 0.6796875 0.330078125 0.6796875 0.345703125 0.6640625 0.345703125
0 0.71484375 0.701171875 0.73046875 0.701171875 0.73046875 0.716796875 0.71484375 0.716796875
0 0.796875 0.98046875 0.8125 0.98046875 0.8125 0.99609375 0.796875 0.99609375
0 0.9375 0.67578125 0.953125 0.67578125 0.953125 0.69140625 0.9375 0.69140625
1 0.083736524 0.6312956 0.095256984 0.6304727 0.098756745 0.6794694 0.087236285 0.6802923
