0 0.193359375 0.87890625 0.208984375 0.87890625 0.208984375 0.89453125 0.193359375 0.89453125
0 0.216796875 0.94140625 0.232421875 0.94140625 0.232421875 0.95703125 0.216796875 0.95703125
0 0.263671875 0.75390625 0.279296875 0.75390625 0.279296875 0.76953125 0.263671875 0.76953125
0 0.298828125 0.85546875 0.314453125 0.85546875 0.314453125 0.87109375 0.298828125 0.87109375
0 0.3046875 0.7265625 0.3203125 0.7265625 0.3203125 0.7421875 0.3046875 0.7421875
0 0.33984375 0.724609375 0.35546875 0.724609375 0.35546875 0.740234375 0.33984375 0.740234375
0 0.02734375 0.884765625 0.04296875 0.884765625 0.04296875 0.900390625 0.02734375 0.900390625
0 0.369140625 0.712890625 0.384765625 0.712890625 0.384765625 0.728515625 0.369140625 0.728515625
0 0.396484375 0.7109375 0.412109375 0.7109375 0.412109375 0.7265625 0.396484375 0.7265625
0 0.41796875 0.71484375 0.43359375 0.71484375 0.43359375 0.73046875 0.41796875 0.73046875
0 0.41796875 0.78125 0.43359375 0.78125 0.43359375 0.796875 0.41796875 0.796875
0 0.439453125 0.716796875 0.455078125 0.716796875 0.455078125 0.732421875 0.439453125 0.732421875
0 0.455078125 0.703125 0.470703125 0.703125 0.470703125 0.71875 0.455078125 0.71875
0 0.45703125 0.767578125 0.47265625 0.767578125 0.47265625 0.783203125 0.45703125 0.783203125
0 0.478515625 0.7578125 0.494140625 0.7578125 0.494140625 0.7734375 0.478515625 0.7734375
0 0.005859375 0.896484375 0.021484375 0.896484375 0.021484375 0.912109375 0.005859375 0.912109375
