0 0.236328125 0.572265625 0.251953125 0.572265625 0.251953125 0.587890625 0.236328125 0.587890625
0 0.248046875 0.966796875 0.263671875 0.966796875 0.263671875 0.982421875 0.248046875 0.982421875
0 0.287109375 0.951171875 0.302734375 0.951171875 0.302734375 0.966796875 0.287109375 0.966796875
0 0.384765625 0.642578125 0.400390625 0.642578125 0.400390625 0.658203125 0.384765625 0.658203125
0 0.44140625 0.568359375 0.45703125 0.568359375 0.45703125 0.583984375 0.44140625 0.583984375
0 0.5 0.51953125 0.515625 0.51953125 0.515625 0.53515625 0.5 0.53515625
0 0.544921875 0.462890625 0.560546875 0.462890625 0.560546875 0.478515625 0.544921875 0.478515625
0 0.55078125 0.90625 0.56640625 0.90625 0.56640625 0.921875 0.55078125 0.921875
0 0.5546875 0.96875 0.5703125 0.96875 0.5703125 0.984375 0.5546875 0.984375
0 0.611328125 0.310546875 0.626953125 0.310546875 0.626953125 0.326171875 0.611328125 0.326171875
0 0.685546875 0.32421875 0.701171875 0.32421875 0.701171875 0.33984375 0.685546875 0.33984375
0 0.140625 0.771484375 0.15625 0.771484375 0.15625 0.787109375 0.140625 0.787109375
1 0.014855636059758003 0.6104650814008779 0.10776588607138679 0.5951274045780557 0.10504511207390135 0.5786459129381114 0.01213486206227258 0.5939835897609336
1 0.9418119794257376 0.34481725884368314 0.9724644660189605 0.31348205517347766 0.9588853710762766 0.3001988153369199 0.9282328844830536 0.33153401900712537
2 0.8350386934252398 0.7358116424181993 0.9191621266078407 0.645280350806654 0.9016536159543378 0.6290111029049819 0.817530182771737 0.7195423945165271
2 0.6852014119394813 1.0145982307097658 0.7617908970976254 0.9287598944591029 0.7435584825196215 0.9124919737757222 0.6669689973614775 0.9983303100263853
2 0.5595501545070342 0.6138933541596241 0.643673587689635 0.5233620625480788 0.6261650770361321 0.5070928146464067 0.5420416438535313 0.5976241062579519
2 0.7102572559366754 0.45207371372031663 0.7869478692683769 0.36954141544463787 0.7726129617414247 0.35622114116094983 0.6959223484097231 0.4387534394366284
2 0.8393739187711103 0.5921841704858698 0.926820478107427 0.49807662322827906 0.9146851807083481 0.48680026936510057 0.8272386213720316 0.5809078166226913
