0 0.513671875 0.345703125 0.529296875 0.345703125 0.529296875 0.361328125 0.513671875 0.361328125
0 0.8359375 0.06640625 0.8515625 0.06640625 0.8515625 0.08203125 0.8359375 0.08203125
1 0.610408 0.6004778 0.6312129 0.47044715 0.6535321 0.47401822 0.6327272 0.60404885
1 0.77734375 0.5292969 0.7988281 0.5292969 0.7988281 0.671875 0.77734375 0.671875
1 0.49453133 0.84687513 0.5308594 0.77421886 0.5480469 0.78281265 0.5117188 0.8554689
1 0.6165814 0.95171064 0.63678616 0.9011988 0.6499192 0.906452 0.6297144 0.95696384
1 0.7753906 0.4140625 0.7753906 0.33789062 0.7949219 0.33789062 0.7949219 0.4140625
1 0.6396165 0.38804752 0.6462923 0.31461322 0.6702421 0.31679046 0.66356623 0.39022475
1 0.5683594 0.49804688 0.5683594 0.43945312 0.5878906 0.43945312 0.5878906 0.49804688
1 0.54703563 0.11175622 0.56244653 0.1059771 0.5986462 0.20250963 0.5832353 0.20828874
