0 0.251953125 0.986328125 0.267578125 0.986328125 0.267578125 1.001953125 0.251953125 1.001953125
0 0.359375 0.97265625 0.375 0.97265625 0.375 0.98828125 0.359375 0.98828125
0 0.4296875 0.791015625 0.4453125 0.791015625 0.4453125 0.806640625 0.4296875 0.806640625
0 0.50390625 0.869140625 0.51953125 0.869140625 0.51953125 0.884765625 0.50390625 0.884765625
0 0.05859375 0.79296875 0.07421875 0.79296875 0.07421875 0.80859375 0.05859375 0.80859375
0 0.083984375 0.85546875 0.099609375 0.85546875 0.099609375 0.87109375 0.083984375 0.87109375
0 0.1015625 0.58203125 0.1171875 0.58203125 0.1171875 0.59765625 0.1015625 0.59765625
0 0.005859375 0.564453125 0.021484375 0.564453125 0.021484375 0.580078125 0.005859375 0.580078125
0 0.15625 0.96875 0.171875 0.96875 0.171875 0.984375 0.15625 0.984375
1 0.4973921 0.73081887 0.55539316 0.68828475 0.5648935 0.7012397 0.5068924 0.7437738
1 0.3076454 0.7496951 0.35079482 0.7430567 0.3527818 0.7559722 0.3096324 0.7626106
1 0.089880705 0.59420997 0.09765267 0.58584017 0.12680063 0.61290616 0.11902866 0.62127596
