0 0.029296875 0.431640625 0.044921875 0.431640625 0.044921875 0.447265625 0.029296875 0.447265625
0 0.541015625 0.921875 0.556640625 0.921875 0.556640625 0.9375 0.541015625 0.9375
0 0.72265625 0.853515625 0.73828125 0.853515625 0.73828125 0.869140625 0.72265625 0.869140625
0 0.7890625 0.06640625 0.8046875 0.06640625 0.8046875 0.08203125 0.7890625 0.08203125
1 0.6108929553409982 0.22942149795013334 0.7079658730468691 0.17807649623897448 0.6993718704799247 0.16182866536659335 0.6022989527740538 0.2131736670777522
1 0.432339259886989 0.2594293193510098 0.5276124791387262 0.21189983911435872 0.5178115279433637 0.1922537548849063 0.4225383086916266 0.23978323512155741
1 0.42841919695758024 0.3891302381311367 0.556698032878896 0.34687185033982737 0.5480941292104801 0.3207539881910374 0.41981529328916434 0.3630123759823467
1 0.9391123563833524 0.031865108991389696 0.9675869003775198 0.019064167505037533 0.9620878189019869 0.006831954931492385 0.9336132749078195 0.019632896417844548
1 0.645665689671775 0.5205388556128931 0.7549271091251237 0.4612750732903398 0.7437535083644189 0.4406749119156408 0.6344920889110701 0.49993869423819415
1 0.4609445924104809 0.5180273376732892 0.4617208633664269 0.49841212772918764 0.34731525236948735 0.49388453137578303 0.34653898141354134 0.5134997413198846
1 0.3613235365328573 0.4205115882689775 0.41467131317790984 0.3968061513183857 0.408669113022349 0.38329853135992875 0.35532133637729646 0.40700396831052055
1 0.9710723168043941 0.7245292110913684 0.9890193885523783 0.7117683209421375 0.9828244441361577 0.703055675459535 0.9648773723881735 0.7158165656087658
1 0.8023027986461209 0.3811384736376752 0.8502588894719163 0.35084745454261473 0.8420070797031833 0.3377833665532122 0.7940509888773879 0.3680743856482727
1 0.8545830513288459 0.7423693846768233 0.9358299478633838 0.6699276947257258 0.923620793695263 0.6562345314913895 0.8423738971607251 0.7286762214424871
1 0.2585743952374582 0.3337552088026638 0.3332705780551276 0.2973611686105068 0.32532176488827425 0.2810467941041355 0.2506255820706048 0.3174408342962925
1 0.29137411754818393 0.2389248069894978 0.37265481800867134 0.20556720382459437 0.3668129738023715 0.19133269222848925 0.2855322733418841 0.2246902953933927
1 0.46743156932931645 0.44150994565624035 0.5893946696376038 0.42109216513670555 0.5859948155965258 0.4007835552440282 0.46403171528823844 0.421201335763563
1 0.23390482691540032 1.0205573716970817 0.3079153458234291 0.9831300548749295 0.2966321227191517 0.9608180841592415 0.2226216038111229 0.9982454009813937
1 0.8931282267904505 0.034696176821154084 0.8988258688881062 0.011168373016450524 0.7776688828134314 -0.01817177067117068 0.7719712407157756 0.005356033133532882
1 0.6422332027103378 0.03314971866642616 0.6702727181071484 0.017831661591135212 0.6752140268411133 0.026876666557848306 0.6471745114443026 0.042194723633139225
1 0.026037369597804713 0.30555334535255047 0.032816252926332584 0.3188722218376374 0.06542453673464907 0.3022756454126209 0.058645653406121184 0.28895676892753397
1 -0.004666373805889204 0.3361746349303869 0.002112509522638667 0.34949351141547386 0.03472079333095515 0.33289693499045736 0.027941910002427267 0.3195780585053704
2 0.19128634120395582 0.01735771791570683 0.19276365868659529 -0.0012279340566004812 0.15106160853931505 -0.004542704387836654 0.1495842910566756 0.01404294758447066
