0 -0.005859375 0.81640625 0.009765625 0.81640625 0.009765625 0.83203125 -0.005859375 0.83203125
0 -0.005859375 0.890625 0.009765625 0.890625 0.009765625 0.90625 -0.005859375 0.90625
0 0.013671875 0.962890625 0.029296875 0.962890625 0.029296875 0.978515625 0.013671875 0.978515625
0 0.208984375 0.41796875 0.224609375 0.41796875 0.224609375 0.43359375 0.208984375 0.43359375
0 0.017578125 0.86328125 0.033203125 0.86328125 0.033203125 0.87890625 0.017578125 0.87890625
0 0.287109375 0.5859375 0.302734375 0.5859375 0.302734375 0.6015625 0.287109375 0.6015625
0 0.287109375 0.734375 0.302734375 0.734375 0.302734375 0.75 0.287109375 0.75
0 0.0234375 0.759765625 0.0390625 0.759765625 0.0390625 0.775390625 0.0234375 0.775390625
0 0.02734375 0.908203125 0.04296875 0.908203125 0.04296875 0.923828125 0.02734375 0.923828125
0 0.02734375 0.9453125 0.04296875 0.9453125 0.04296875 0.9609375 0.02734375 0.9609375
0 0.033203125 0.89453125 0.048828125 0.89453125 0.048828125 0.91015625 0.033203125 0.91015625
0 0.43359375 0.349609375 0.44921875 0.349609375 0.44921875 0.365234375 0.43359375 0.365234375
0 0.037109375 0.80859375 0.052734375 0.80859375 0.052734375 0.82421875 0.037109375 0.82421875
0 0.046875 0.9375 0.0625 0.9375 0.0625 0.953125 0.046875 0.953125
0 0.552734375 0.568359375 0.568359375 0.568359375 0.568359375 0.583984375 0.552734375 0.583984375
0 0.701171875 0.5234375 0.716796875 0.5234375 0.716796875 0.5390625 0.701171875 0.5390625
0 0.064453125 0.955078125 0.080078125 0.955078125 0.080078125 0.970703125 0.064453125 0.970703125
0 0.7734375 0.263671875 0.7890625 0.263671875 0.7890625 0.279296875 0.7734375 0.279296875
0 0.818359375 0.072265625 0.833984375 0.072265625 0.833984375 0.087890625 0.818359375 0.087890625
0 0.830078125 0.41796875 0.845703125 0.41796875 0.845703125 0.43359375 0.830078125 0.43359375
0 0.080078125 0.7265625 0.095703125 0.7265625 0.095703125 0.7421875 0.080078125 0.7421875
0 0.08203125 0.865234375 0.09765625 0.865234375 0.09765625 0.880859375 0.08203125 0.880859375
0 0.0859375 0.64453125 0.1015625 0.64453125 0.1015625 0.66015625 0.0859375 0.66015625
0 0.001953125 0.71875 0.017578125 0.71875 0.017578125 0.734375 0.001953125 0.734375
0 0.09765625 0.662109375 0.11328125 0.662109375 0.11328125 0.677734375 0.09765625 0.677734375
0 0.1328125 0.9296875 0.1484375 0.9296875 0.1484375 0.9453125 0.1328125 0.9453125
0 0.14453125 0.921875 0.16015625 0.921875 0.16015625 0.9375 0.14453125 0.9375
0 0.0078125 0.8359375 0.0234375 0.8359375 0.0234375 0.8515625 0.0078125 0.8515625
0 0.15625 0.947265625 0.171875 0.947265625 0.171875 0.962890625 0.15625 0.962890625
0 0.158203125 0.751953125 0.173828125 0.751953125 0.173828125 0.767578125 0.158203125 0.767578125
0 0.009765625 0.919921875 0.025390625 0.919921875 0.025390625 0.935546875 0.009765625 0.935546875
1 0.2896396626296122 0.09272804938248447 0.3808375093286526 0.0232400109246359 0.3653206120667379 0.00287524528809735 0.2741227653676975 0.07236328374594592
1 0.03550570739755308 0.22119160949927827 0.05104320283814832 0.21252536640440725 0.01237309815039957 0.14319468081253509 -0.003164397290195663 0.1518609239074061
1 0.6338385778836427 0.3592242921369298 0.6503053608819073 0.34072199296933575 0.6421106618471922 0.3334288274271266 0.6256438788489277 0.35193112659472064
1 0.19430170058726193 0.7861039560874998 0.20496430917436542 0.7408616747208718 0.19527032375813602 0.7385770160118044 0.18460771517103253 0.7838192973784324
1 0.14950587174959595 0.9192631259544585 0.16126621569754535 0.8652138262235775 0.14912773349217956 0.8625726684943941 0.13736738954423017 0.9166219682252751
1 0.0120309899284676 0.029845125299089736 0.026951593131302472 0.02655857191590792 0.020753233628050954 -0.001581321727627104 0.005832630425216085 0.0017052316555547123
1 0.1565319059730222 0.7109495660554763 0.15896701923367257 0.6728240138996331 0.14753129497760037 0.6720936039198044 0.14509618171695 0.7102191560756477
1 0.247919870017213 0.7660683055432513 0.26014117044240354 0.7616332214236685 0.24781109631236156 0.7276565174547955 0.23558979588717102 0.7320916015743784
1 0.11948514700967725 0.35578025952714754 0.14445859011261272 0.3531039736414673 0.14309688686292713 0.34039740189176726 0.11812344375999165 0.3430736877774475
1 0.11248186680527425 0.12182423899077678 0.13750145575047756 0.11916761352100273 0.1255386277749946 0.0065039949665138715 0.1005190388297913 0.009160620436287913
1 0.0862855374848801 0.10678472647548554 0.09752897411644859 0.10534750930636133 0.09188025593400417 0.061157246137849126 0.08063681930243569 0.06259446330697332
1 0.22637613760337114 0.9624998269324123 0.23162534199269394 0.967904610165497 0.21811338390998194 0.9810276211388042 0.21286417952065917 0.9756228379057195
