0 0.876953125 0.921875 0.892578125 0.921875 0.892578125 0.9375 0.876953125 0.9375
0 0.87890625 0.94140625 0.89453125 0.94140625 0.89453125 0.95703125 0.87890625 0.95703125
0 0.888671875 0.974609375 0.904296875 0.974609375 0.904296875 0.990234375 0.888671875 0.990234375
0 0.89453125 0.85546875 0.91015625 0.85546875 0.91015625 0.87109375 0.89453125 0.87109375
0 0.89453125 0.8828125 0.91015625 0.8828125 0.91015625 0.8984375 0.89453125 0.8984375
0 0.896484375 0.92578125 0.912109375 0.92578125 0.912109375 0.94140625 0.896484375 0.94140625
0 0.904296875 0.974609375 0.919921875 0.974609375 0.919921875 0.990234375 0.904296875 0.990234375
0 0.91015625 0.95703125 0.92578125 0.95703125 0.92578125 0.97265625 0.91015625 0.97265625
0 0.9140625 0.908203125 0.9296875 0.908203125 0.9296875 0.923828125 0.9140625 0.923828125
0 0.916015625 0.865234375 0.931640625 0.865234375 0.931640625 0.880859375 0.916015625 0.880859375
0 0.931640625 0.9296875 0.947265625 0.9296875 0.947265625 0.9453125 0.931640625 0.9453125
0 0.935546875 0.8125 0.951171875 0.8125 0.951171875 0.828125 0.935546875 0.828125
0 0.947265625 0.802734375 0.962890625 0.802734375 0.962890625 0.818359375 0.947265625 0.818359375
0 0.947265625 0.845703125 0.962890625 0.845703125 0.962890625 0.861328125 0.947265625 0.861328125
0 0.951171875 0.939453125 0.966796875 0.939453125 0.966796875 0.955078125 0.951171875 0.955078125
0 0.955078125 0.982421875 0.970703125 0.982421875 0.970703125 0.998046875 0.955078125 0.998046875
0 0.958984375 0.8984375 0.974609375 0.8984375 0.974609375 0.9140625 0.958984375 0.9140625
0 0.96484375 0.908203125 0.98046875 0.908203125 0.98046875 0.923828125 0.96484375 0.923828125
0 0.966796875 0.869140625 0.982421875 0.869140625 0.982421875 0.884765625 0.966796875 0.884765625
0 0.970703125 0.84765625 0.986328125 0.84765625 0.986328125 0.86328125 0.970703125 0.86328125
0 0.978515625 0.822265625 0.994140625 0.822265625 0.994140625 0.837890625 0.978515625 0.837890625
0 0.98046875 0.83203125 0.99609375 0.83203125 0.99609375 0.84765625 0.98046875 0.84765625
