0 0.36328125 0.169921875 0.37890625 0.169921875 0.37890625 0.185546875 0.36328125 0.185546875
0 0.765625 0.232421875 0.78125 0.232421875 0.78125 0.248046875 0.765625 0.248046875
0 0.13671875 0.3203125 0.15234375 0.3203125 0.15234375 0.3359375 0.13671875 0.3359375
0 0.1484375 0.595703125 0.1640625 0.595703125 0.1640625 0.611328125 0.1484375 0.611328125
1 0.9382949380969583 0.9168544884379619 1.0107154186020335 0.8706662502502716 0.9986791105175437 0.8517940167729146 0.9262586300124684 0.8979822549606049
1 0.6545116247179735 0.5309897945551483 0.7237350647599866 0.5035801105474405 0.7171794830319654 0.4870239211888703 0.6479560429899524 0.5144336051965781
1 0.193625023294679 0.5746513079424301 0.2725857877203186 0.5382210730171909 0.26422862179160944 0.520107321856459 0.18526785736596985 0.5565375567816983
1 0.46917783927002654 0.1439211235493451 0.4845847449365779 0.12824182307339266 0.3990383772941519 0.044181643322107236 0.3836314716276006 0.05986094379805969
1 0.342727622376107 0.6112306829466263 0.5174945125350117 0.5415297532806773 0.507633009566642 0.5168031934724411 0.33286611940773736 0.5865041231383901
1 0.1079875785131449 0.6728918673799174 0.2452777682307224 0.6037300560603023 0.23543173491764124 0.5841851113035543 0.09814154520006375 0.6533469226231694
1 0.3400769964709784 0.1511738370365408 0.3843043062809462 0.09757650738424874 0.3721381290897821 0.08753725185925694 0.3279108192798143 0.141134581511549
1 0.10236348212479376 0.5156016678193006 0.15608152210753515 0.4183174922988428 0.13766272365332816 0.4081470637938586 0.08394468367058679 0.5054312393143164
1 0.29158259894631655 0.2194882590865464 0.3136885945247745 0.215921667015136 0.2898972484848663 0.06846118377691797 0.2677912529064084 0.07202777584832835
1 0.12623956250737772 0.32012861948830174 0.13936944943326451 0.21879685568917903 0.12008819532801045 0.21629852074759912 0.10695830840212368 0.3176302845467218
1 0.13564085463747833 0.3981942262874232 0.11942114816072408 0.3893333602546369 0.07511681799679266 0.470431892638408 0.09133652447354686 0.4792927586711943
