0 0.55078125 0.853515625 0.56640625 0.853515625 0.56640625 0.869140625 0.55078125 0.869140625
0 0.55078125 0.958984375 0.56640625 0.958984375 0.56640625 0.974609375 0.55078125 0.974609375
0 0.55859375 0.9296875 0.57421875 0.9296875 0.57421875 0.9453125 0.55859375 0.9453125
0 0.5625 0.892578125 0.578125 0.892578125 0.578125 0.908203125 0.5625 0.908203125
0 0.578125 0.931640625 0.59375 0.931640625 0.59375 0.947265625 0.578125 0.947265625
0 0.591796875 0.802734375 0.607421875 0.802734375 0.607421875 0.818359375 0.591796875 0.818359375
0 0.59375 0.935546875 0.609375 0.935546875 0.609375 0.951171875 0.59375 0.951171875
0 0.59765625 0.861328125 0.61328125 0.861328125 0.61328125 0.876953125 0.59765625 0.876953125
0 0.62109375 0.73828125 0.63671875 0.73828125 0.63671875 0.75390625 0.62109375 0.75390625
0 0.63671875 0.837890625 0.65234375 0.837890625 0.65234375 0.853515625 0.63671875 0.853515625
0 0.666015625 0.740234375 0.681640625 0.740234375 0.681640625 0.755859375 0.666015625 0.755859375
0 0.685546875 0.810546875 0.701171875 0.810546875 0.701171875 0.826171875 0.685546875 0.826171875
0 0.701171875 0.697265625 0.716796875 0.697265625 0.716796875 0.712890625 0.701171875 0.712890625
0 0.708984375 0.751953125 0.724609375 0.751953125 0.724609375 0.767578125 0.708984375 0.767578125
0 0.708984375 0.783203125 0.724609375 0.783203125 0.724609375 0.798828125 0.708984375 0.798828125
0 0.7109375 0.8671875 0.7265625 0.8671875 0.7265625 0.8828125 0.7109375 0.8828125
0 0.74609375 0.43359375 0.76171875 0.43359375 0.76171875 0.44921875 0.74609375 0.44921875
0 0.75 0.59765625 0.765625 0.59765625 0.765625 0.61328125 0.75 0.61328125
0 0.755859375 0.4765625 0.771484375 0.4765625 0.771484375 0.4921875 0.755859375 0.4921875
0 0.763671875 0.330078125 0.779296875 0.330078125 0.779296875 0.345703125 0.763671875 0.345703125
0 0.826171875 0.3125 0.841796875 0.3125 0.841796875 0.328125 0.826171875 0.328125
0 0.8515625 0.240234375 0.8671875 0.240234375 0.8671875 0.255859375 0.8515625 0.255859375
0 0.916015625 0.291015625 0.931640625 0.291015625 0.931640625 0.306640625 0.916015625 0.306640625
1 0.9710186055420299 1.00642777421814 1.000201884292154 0.9474589205400196 0.9869799086333851 0.9409154560293574 0.9577966298832609 0.999884309707478
