0 0.189453125 0.712890625 0.205078125 0.712890625 0.205078125 0.728515625 0.189453125 0.728515625
0 0.193359375 0.689453125 0.208984375 0.689453125 0.208984375 0.705078125 0.193359375 0.705078125
0 0.220703125 0.783203125 0.236328125 0.783203125 0.236328125 0.798828125 0.220703125 0.798828125
0 0.224609375 0.716796875 0.240234375 0.716796875 0.240234375 0.732421875 0.224609375 0.732421875
0 0.2265625 0.365234375 0.2421875 0.365234375 0.2421875 0.380859375 0.2265625 0.380859375
0 0.234375 0.671875 0.25 0.671875 0.25 0.6875 0.234375 0.6875
0 0.24609375 0.697265625 0.26171875 0.697265625 0.26171875 0.712890625 0.24609375 0.712890625
0 0.248046875 0.62890625 0.263671875 0.62890625 0.263671875 0.64453125 0.248046875 0.64453125
0 0.251953125 0.095703125 0.267578125 0.095703125 0.267578125 0.111328125 0.251953125 0.111328125
0 0.267578125 0.74609375 0.283203125 0.74609375 0.283203125 0.76171875 0.267578125 0.76171875
0 0.275390625 0.779296875 0.291015625 0.779296875 0.291015625 0.794921875 0.275390625 0.794921875
0 0.27734375 0.677734375 0.29296875 0.677734375 0.29296875 0.693359375 0.27734375 0.693359375
0 0.28515625 0.73046875 0.30078125 0.73046875 0.30078125 0.74609375 0.28515625 0.74609375
0 0.291015625 0.640625 0.306640625 0.640625 0.306640625 0.65625 0.291015625 0.65625
0 0.29296875 0.70703125 0.30859375 0.70703125 0.30859375 0.72265625 0.29296875 0.72265625
0 0.294921875 0.583984375 0.310546875 0.583984375 0.310546875 0.599609375 0.294921875 0.599609375
0 0.302734375 0.5078125 0.318359375 0.5078125 0.318359375 0.5234375 0.302734375 0.5234375
0 0.30859375 0.20703125 0.32421875 0.20703125 0.32421875 0.22265625 0.30859375 0.22265625
0 0.318359375 0.7109375 0.333984375 0.7109375 0.333984375 0.7265625 0.318359375 0.7265625
0 0.32421875 0.44921875 0.33984375 0.44921875 0.33984375 0.46484375 0.32421875 0.46484375
0 0.326171875 0.685546875 0.341796875 0.685546875 0.341796875 0.701171875 0.326171875 0.701171875
0 0.33203125 0.65625 0.34765625 0.65625 0.34765625 0.671875 0.33203125 0.671875
0 0.3359375 0.283203125 0.3515625 0.283203125 0.3515625 0.298828125 0.3359375 0.298828125
0 0.33984375 0.705078125 0.35546875 0.705078125 0.35546875 0.720703125 0.33984375 0.720703125
0 0.341796875 0.54296875 0.357421875 0.54296875 0.357421875 0.55859375 0.341796875 0.55859375
0 0.361328125 0.578125 0.376953125 0.578125 0.376953125 0.59375 0.361328125 0.59375
0 0.365234375 0.619140625 0.380859375 0.619140625 0.380859375 0.634765625 0.365234375 0.634765625
0 0.3671875 0.49609375 0.3828125 0.49609375 0.3828125 0.51171875 0.3671875 0.51171875
0 0.369140625 0.369140625 0.384765625 0.369140625 0.384765625 0.384765625 0.369140625 0.384765625
0 0.375 0.466796875 0.390625 0.466796875 0.390625 0.482421875 0.375 0.482421875
0 0.388671875 0.529296875 0.404296875 0.529296875 0.404296875 0.544921875 0.388671875 0.544921875
0 0.390625 0.12890625 0.40625 0.12890625 0.40625 0.14453125 0.390625 0.14453125
0 0.416015625 0.484375 0.431640625 0.484375 0.431640625 0.5 0.416015625 0.5
0 0.41796875 0.421875 0.43359375 0.421875 0.43359375 0.4375 0.41796875 0.4375
0 0.419921875 0.533203125 0.435546875 0.533203125 0.435546875 0.548828125 0.419921875 0.548828125
0 0.427734375 0.373046875 0.443359375 0.373046875 0.443359375 0.388671875 0.427734375 0.388671875
0 0.150390625 0.498046875 0.166015625 0.498046875 0.166015625 0.513671875 0.150390625 0.513671875
1 0.025299521 0.40473202 0.047897078 0.36599335 0.06234818 0.37442318 0.03975062 0.41316184
1 0.19335938 0.375 0.19335938 0.34375 0.203125 0.34375 0.203125 0.375
2 0.2744141 0.0029296875 0.2871094 -0.009765626 0.3212891 0.02441406 0.30859378 0.037109375
