0 0.208984375 0.794921875 0.224609375 0.794921875 0.224609375 0.810546875 0.208984375 0.810546875
0 0.916015625 0.869140625 0.931640625 0.869140625 0.931640625 0.884765625 0.916015625 0.884765625
1 0.8676412975664529 0.051226280610874315 0.9046501940223117 0.03692094277205863 0.8994369828824607 0.023434005696460578 0.8624280864266018 0.03773934353527627
1 0.7661847246306119 0.4860291014613762 0.7682927930032917 0.4219009876008247 0.751752458749515 0.42135726109126664 0.7496443903768353 0.48548537495181815
1 0.5091076395128471 0.8502934505907971 0.5258409256923293 0.7928377872470895 0.5103822448636788 0.7883356282742542 0.4936489586841965 0.8457912916179617
1 0.24687974257440723 0.1127026404266571 0.2759709002356579 0.08116789889276439 0.2652925987723335 0.07131704436490784 0.23620144111108285 0.10285178589880055
1 0.9911739884492882 0.13605945043184714 1.004741342082099 0.13266567586187983 0.9967753828886025 0.10082001753232521 0.9832080292557915 0.10421379210229255
1 0.951195030924528 1.0037921140092625 0.9649255793780728 0.9980698943685476 0.9522643988163778 0.9676892092329251 0.938533850362833 0.9734114288736399
1 0.8515173764930919 0.2504529577147146 0.8520705220364364 0.23923072624013433 0.8289900450004384 0.2380930859197001 0.8284368994570939 0.24931531739428034
1 0.24487042376981533 0.16072633450701557 0.26402149926883495 0.1306187004693547 0.2538821702243253 0.12416920477673689 0.23473109472530568 0.15427683881439774
