0 0.193359375 0.62109375 0.208984375 0.62109375 0.208984375 0.63671875 0.193359375 0.63671875
0 0.201171875 0.47265625 0.216796875 0.47265625 0.216796875 0.48828125 0.201171875 0.48828125
0 0.201171875 0.533203125 0.216796875 0.533203125 0.216796875 0.548828125 0.201171875 0.548828125
0 0.212890625 0.5859375 0.228515625 0.5859375 0.228515625 0.6015625 0.212890625 0.6015625
0 0.015625 0.69921875 0.03125 0.69921875 0.03125 0.71484375 0.015625 0.71484375
0 0.228515625 0.625 0.244140625 0.625 0.244140625 0.640625 0.228515625 0.640625
0 0.234375 0.345703125 0.25 0.345703125 0.25 0.361328125 0.234375 0.361328125
0 0.255859375 0.294921875 0.271484375 0.294921875 0.271484375 0.310546875 0.255859375 0.310546875
0 0.263671875 0.322265625 0.279296875 0.322265625 0.279296875 0.337890625 0.263671875 0.337890625
0 0.275390625 0.3515625 0.291015625 0.3515625 0.291015625 0.3671875 0.275390625 0.3671875
0 0.291015625 0.171875 0.306640625 0.171875 0.306640625 0.1875 0.291015625 0.1875
0 0.298828125 0.26953125 0.314453125 0.26953125 0.314453125 0.28515625 0.298828125 0.28515625
0 0.302734375 0.607421875 0.318359375 0.607421875 0.318359375 0.623046875 0.302734375 0.623046875
0 0.310546875 0.240234375 0.326171875 0.240234375 0.326171875 0.255859375 0.310546875 0.255859375
0 0.3125 0.5078125 0.328125 0.5078125 0.328125 0.5234375 0.3125 0.5234375
0 0.3125 0.185546875 0.328125 0.185546875 0.328125 0.201171875 0.3125 0.201171875
0 0.314453125 0.3359375 0.330078125 0.3359375 0.330078125 0.3515625 0.314453125 0.3515625
0 0.314453125 0.138671875 0.330078125 0.138671875 0.330078125 0.154296875 0.314453125 0.154296875
0 0.3203125 0.169921875 0.3359375 0.169921875 0.3359375 0.185546875 0.3203125 0.185546875
0 0.32421875 0.2890625 0.33984375 0.2890625 0.33984375 0.3046875 0.32421875 0.3046875
0 0.330078125 0.734375 0.345703125 0.734375 0.345703125 0.75 0.330078125 0.75
0 0.33203125 0.19921875 0.34765625 0.19921875 0.34765625 0.21484375 0.33203125 0.21484375
0 0.333984375 0.609375 0.349609375 0.609375 0.349609375 0.625 0.333984375 0.625
0 0.3359375 0.232421875 0.3515625 0.232421875 0.3515625 0.248046875 0.3359375 0.248046875
0 0.337890625 0.69140625 0.353515625 0.69140625 0.353515625 0.70703125 0.337890625 0.70703125
0 0.341796875 0.7421875 0.357421875 0.7421875 0.357421875 0.7578125 0.341796875 0.7578125
0 0.341796875 0.173828125 0.357421875 0.173828125 0.357421875 0.189453125 0.341796875 0.189453125
0 0.34375 0.041015625 0.359375 0.041015625 0.359375 0.056640625 0.34375 0.056640625
0 0.34765625 0.134765625 0.36328125 0.134765625 0.36328125 0.150390625 0.34765625 0.150390625
0 0.357421875 0.740234375 0.373046875 0.740234375 0.373046875 0.755859375 0.357421875 0.755859375
0 0.359375 0.59765625 0.375 0.59765625 0.375 0.61328125 0.359375 0.61328125
0 0.37109375 0.62109375 0.38671875 0.62109375 0.38671875 0.63671875 0.37109375 0.63671875
0 0.37109375 0.732421875 0.38671875 0.732421875 0.38671875 0.748046875 0.37109375 0.748046875
0 0.375 0.275390625 0.390625 0.275390625 0.390625 0.291015625 0.375 0.291015625
0 0.375 0.10546875 0.390625 0.10546875 0.390625 0.12109375 0.375 0.12109375
0 0.376953125 0.650390625 0.392578125 0.650390625 0.392578125 0.666015625 0.376953125 0.666015625
0 0.37890625 0.6875 0.39453125 0.6875 0.39453125 0.703125 0.37890625 0.703125
0 0.384765625 0.740234375 0.400390625 0.740234375 0.400390625 0.755859375 0.384765625 0.755859375
0 0.384765625 0.15625 0.400390625 0.15625 0.400390625 0.171875 0.384765625 0.171875
0 0.38671875 0.662109375 0.40234375 0.662109375 0.40234375 0.677734375 0.38671875 0.677734375
0 0.388671875 0.20703125 0.404296875 0.20703125 0.404296875 0.22265625 0.388671875 0.22265625
0 0.390625 0.74609375 0.40625 0.74609375 0.40625 0.76171875 0.390625 0.76171875
0 0.39453125 0.228515625 0.41015625 0.228515625 0.41015625 0.244140625 0.39453125 0.244140625
0 0.39453125 0.732421875 0.41015625 0.732421875 0.41015625 0.748046875 0.39453125 0.748046875
0 0.396484375 0.68359375 0.412109375 0.68359375 0.412109375 0.69921875 0.396484375 0.69921875
0 0.3984375 0.1875 0.4140625 0.1875 0.4140625 0.203125 0.3984375 0.203125
0 0.400390625 0.69921875 0.416015625 0.69921875 0.416015625 0.71484375 0.400390625 0.71484375
0 0.40625 0.3828125 0.421875 0.3828125 0.421875 0.3984375 0.40625 0.3984375
0 0.40625 0.736328125 0.421875 0.736328125 0.421875 0.751953125 0.40625 0.751953125
0 0.416015625 0.119140625 0.431640625 0.119140625 0.431640625 0.134765625 0.416015625 0.134765625
0 0.419921875 0.14453125 0.435546875 0.14453125 0.435546875 0.16015625 0.419921875 0.16015625
0 0.421875 0.078125 0.4375 0.078125 0.4375 0.09375 0.421875 0.09375
0 0.427734375 -0.0078125 0.443359375 -0.0078125 0.443359375 0.0078125 0.427734375 0.0078125
0 0.427734375 0.64453125 0.443359375 0.64453125 0.443359375 0.66015625 0.427734375 0.66015625
0 0.44140625 0.3203125 0.45703125 0.3203125 0.45703125 0.3359375 0.44140625 0.3359375
0 0.453125 0.658203125 0.46875 0.658203125 0.46875 0.673828125 0.453125 0.673828125
0 0.45703125 0.109375 0.47265625 0.109375 0.47265625 0.125 0.45703125 0.125
0 0.458984375 0.189453125 0.474609375 0.189453125 0.474609375 0.205078125 0.458984375 0.205078125
0 0.466796875 0.462890625 0.482421875 0.462890625 0.482421875 0.478515625 0.466796875 0.478515625
0 0.474609375 0.16796875 0.490234375 0.16796875 0.490234375 0.18359375 0.474609375 0.18359375
0 0.48828125 0.712890625 0.50390625 0.712890625 0.50390625 0.728515625 0.48828125 0.728515625
0 0.490234375 0.55078125 0.505859375 0.55078125 0.505859375 0.56640625 0.490234375 0.56640625
0 0.50390625 0.134765625 0.51953125 0.134765625 0.51953125 0.150390625 0.50390625 0.150390625
0 0.505859375 0.296875 0.521484375 0.296875 0.521484375 0.3125 0.505859375 0.3125
0 0.517578125 0.701171875 0.533203125 0.701171875 0.533203125 0.716796875 0.517578125 0.716796875
0 0.517578125 0.119140625 0.533203125 0.119140625 0.533203125 0.134765625 0.517578125 0.134765625
0 0.521484375 0.21875 0.537109375 0.21875 0.537109375 0.234375 0.521484375 0.234375
0 0.53125 0.732421875 0.546875 0.732421875 0.546875 0.748046875 0.53125 0.748046875
0 0.533203125 0.75 0.548828125 0.75 0.548828125 0.765625 0.533203125 0.765625
0 0.537109375 0.396484375 0.552734375 0.396484375 0.552734375 0.412109375 0.537109375 0.412109375
0 0.546875 0.26171875 0.5625 0.26171875 0.5625 0.27734375 0.546875 0.27734375
0 0.548828125 0.294921875 0.564453125 0.294921875 0.564453125 0.310546875 0.548828125 0.310546875
0 0.552734375 0.51953125 0.568359375 0.51953125 0.568359375 0.53515625 0.552734375 0.53515625
0 0.576171875 0.634765625 0.591796875 0.634765625 0.591796875 0.650390625 0.576171875 0.650390625
0 0.609375 0.640625 0.625 0.640625 0.625 0.65625 0.609375 0.65625
0 0.61328125 0.498046875 0.62890625 0.498046875 0.62890625 0.513671875 0.61328125 0.513671875
0 0.6171875 0.5546875 0.6328125 0.5546875 0.6328125 0.5703125 0.6171875 0.5703125
0 0.62109375 0.59375 0.63671875 0.59375 0.63671875 0.609375 0.62109375 0.609375
0 0.6328125 0.234375 0.6484375 0.234375 0.6484375 0.25 0.6328125 0.25
0 0.634765625 0.619140625 0.650390625 0.619140625 0.650390625 0.634765625 0.634765625 0.634765625
0 0.64453125 0.54296875 0.66015625 0.54296875 0.66015625 0.55859375 0.64453125 0.55859375
0 0.6484375 0.58203125 0.6640625 0.58203125 0.6640625 0.59765625 0.6484375 0.59765625
0 0.69921875 0.55078125 0.71484375 0.55078125 0.71484375 0.56640625 0.69921875 0.56640625
0 0.71875 0.45703125 0.734375 0.45703125 0.734375 0.47265625 0.71875 0.47265625
0 0.7265625 0.560546875 0.7421875 0.560546875 0.7421875 0.576171875 0.7265625 0.576171875
0 0.755859375 0.607421875 0.771484375 0.607421875 0.771484375 0.623046875 0.755859375 0.623046875
0 0.783203125 0.587890625 0.798828125 0.587890625 0.798828125 0.603515625 0.783203125 0.603515625
0 0.798828125 0.47265625 0.814453125 0.47265625 0.814453125 0.48828125 0.798828125 0.48828125
0 0.87109375 0.404296875 0.88671875 0.404296875 0.88671875 0.419921875 0.87109375 0.419921875
0 0.8828125 0.501953125 0.8984375 0.501953125 0.8984375 0.517578125 0.8828125 0.517578125
0 0.8828125 0.533203125 0.8984375 0.533203125 0.8984375 0.548828125 0.8828125 0.548828125
0 0.888671875 0.0078125 0.904296875 0.0078125 0.904296875 0.0234375 0.888671875 0.0234375
0 0.931640625 0.87109375 0.947265625 0.87109375 0.947265625 0.88671875 0.931640625 0.88671875
0 0.9375 0.927734375 0.953125 0.927734375 0.953125 0.943359375 0.9375 0.943359375
0 0.94921875 0.83203125 0.96484375 0.83203125 0.96484375 0.84765625 0.94921875 0.84765625
0 0.953125 0.767578125 0.96875 0.767578125 0.96875 0.783203125 0.953125 0.783203125
0 0.953125 0.91015625 0.96875 0.91015625 0.96875 0.92578125 0.953125 0.92578125
0 0.95703125 0.955078125 0.97265625 0.955078125 0.97265625 0.970703125 0.95703125 0.970703125
0 0.958984375 0.78515625 0.974609375 0.78515625 0.974609375 0.80078125 0.958984375 0.80078125
0 0.958984375 0.83984375 0.974609375 0.83984375 0.974609375 0.85546875 0.958984375 0.85546875
0 0.9609375 0.755859375 0.9765625 0.755859375 0.9765625 0.771484375 0.9609375 0.771484375
0 0.962890625 0.873046875 0.978515625 0.873046875 0.978515625 0.888671875 0.962890625 0.888671875
0 0.962890625 0.974609375 0.978515625 0.974609375 0.978515625 0.990234375 0.962890625 0.990234375
0 0.96875 0.52734375 0.984375 0.52734375 0.984375 0.54296875 0.96875 0.54296875
0 0.97265625 0.93359375 0.98828125 0.93359375 0.98828125 0.94921875 0.97265625 0.94921875
0 0.9765625 0.798828125 0.9921875 0.798828125 0.9921875 0.814453125 0.9765625 0.814453125
0 0.98046875 0.748046875 0.99609375 0.748046875 0.99609375 0.763671875 0.98046875 0.763671875
0 0.982421875 0.9453125 0.998046875 0.9453125 0.998046875 0.9609375 0.982421875 0.9609375
0 0.984375 0.736328125 1.0 0.736328125 1.0 0.751953125 0.984375 0.751953125
0 0.12109375 0.576171875 0.13671875 0.576171875 0.13671875 0.591796875 0.12109375 0.591796875
0 0.14453125 0.56640625 0.16015625 0.56640625 0.16015625 0.58203125 0.14453125 0.58203125
0 0.177734375 0.6015625 0.193359375 0.6015625 0.193359375 0.6171875 0.177734375 0.6171875
1 0.1671739376492335 0.6636605104073632 0.1947651210571994 0.6428200954361132 0.18824888697196707 0.6341930786505592 0.16065770356400116 0.6550334936218092
1 0.920793420093634 0.3767080075480546 1.0007346177942809 0.3594410268671278 0.9965153872794129 0.33990719249467 0.9165741895787661 0.3571741731755968
1 0.7866144022429564 0.05109901190331924 0.8245404341211309 0.015075833562833468 0.8140497365509889 0.0040309855289126575 0.7761237046728144 0.04005416386939843
1 0.7878788816210538 0.08140869579698021 0.8053434098715659 0.06478680027540687 0.7976093185666293 0.05666063584898537 0.7801447903161172 0.0732825313705587
1 0.25596935057030695 0.5283322939510293 0.27817937857759906 0.5140236735679478 0.27307623124732 0.5061025014286094 0.2508662032400279 0.5204111218116909
1 0.0795592376523256 0.6932145443495834 0.09644780938208374 0.681234990377455 0.09022426516482833 0.6724611434403336 0.0733356934350702 0.6844406974124619
1 0.8490705590697751 0.019044427923747144 0.8691165111448946 0.0036161328686721552 0.8629239697006716 -0.004429823510237776 0.8428780176255521 0.010998471544837213
1 0.790942624329 0.14456143900507415 0.8325476851484602 0.12030951831067152 0.8255119769588418 0.108239502462211 0.7839069161393816 0.13249142315661364
1 0.5814821042274011 0.17679438512816315 0.6138736085867115 0.16578877387226776 0.6104781113411414 0.15579521138177033 0.578086606981831 0.1668008226376657
