0 0.0234375 0.244140625 0.0390625 0.244140625 0.0390625 0.259765625 0.0234375 0.259765625
0 0.025390625 0.32421875 0.041015625 0.32421875 0.041015625 0.33984375 0.025390625 0.33984375
0 0.4453125 0.97265625 0.4609375 0.97265625 0.4609375 0.98828125 0.4453125 0.98828125
0 0.04296875 0.23046875 0.05859375 0.23046875 0.05859375 0.24609375 0.04296875 0.24609375
0 0.533203125 0.87109375 0.548828125 0.87109375 0.548828125 0.88671875 0.533203125 0.88671875
0 0.75 0.806640625 0.765625 0.806640625 0.765625 0.822265625 0.75 0.822265625
0 0.08203125 0.45703125 0.09765625 0.45703125 0.09765625 0.47265625 0.08203125 0.47265625
0 0.13671875 0.19140625 0.15234375 0.19140625 0.15234375 0.20703125 0.13671875 0.20703125
0 0.138671875 0.634765625 0.154296875 0.634765625 0.154296875 0.650390625 0.138671875 0.650390625
0 0.142578125 0.796875 0.158203125 0.796875 0.158203125 0.8125 0.142578125 0.8125
1 0.37289819827093235 0.6840673524452617 0.3834444874675174 0.6732122718386152 0.3439894546030606 0.6348796051429341 0.3334431654064755 0.6457346857495806
1 0.1032157343564495 1.0055069382665267 0.1056709591651419 0.9921070477963642 0.07758568704743539 0.9869610611917862 0.07513046223874299 1.0003609516619487
2 0.9844915099560516 0.9831382627454562 0.9927193317005055 0.9043053434503766 0.9802759747787545 0.9030066255598015 0.9720481530343007 0.9818395448548813
2 0.855582124010554 0.8834102902374671 0.7558221866158708 0.8799382221674581 0.7550915237467019 0.90093172823219 0.8548514611413853 0.9044037963021991
2 0.9727799307387862 0.8867187500000001 0.8721024351528842 0.883214747021236 0.8715575527704486 0.898870382585752 0.9722350483563506 0.902374385564516
2 0.9467416955794149 0.8254868450470528 0.7903803869998499 0.8200448096861437 0.7894046874626516 0.8480787430032071 0.9457659960422163 0.8535207783641161
2 0.8984969035807497 0.7892385288371746 0.8029389014351466 0.7703857166745338 0.8002203619704916 0.7841649978637444 0.8957783641160949 0.8030178100263853
