0 0.21875 0.05859375 0.234375 0.05859375 0.234375 0.07421875 0.21875 0.07421875
0 0.240234375 0.0703125 0.255859375 0.0703125 0.255859375 0.0859375 0.240234375 0.0859375
0 0.255859375 0.099609375 0.271484375 0.099609375 0.271484375 0.115234375 0.255859375 0.115234375
0 0.26171875 0.07421875 0.27734375 0.07421875 0.27734375 0.08984375 0.26171875 0.08984375
0 0.279296875 0.09375 0.294921875 0.09375 0.294921875 0.109375 0.279296875 0.109375
0 0.29296875 0.638671875 0.30859375 0.638671875 0.30859375 0.654296875 0.29296875 0.654296875
0 0.296875 0.07421875 0.3125 0.07421875 0.3125 0.08984375 0.296875 0.08984375
0 0.302734375 0.146484375 0.318359375 0.146484375 0.318359375 0.162109375 0.302734375 0.162109375
0 0.310546875 0.05078125 0.326171875 0.05078125 0.326171875 0.06640625 0.310546875 0.06640625
0 0.310546875 0.095703125 0.326171875 0.095703125 0.326171875 0.111328125 0.310546875 0.111328125
0 0.314453125 0.505859375 0.330078125 0.505859375 0.330078125 0.521484375 0.314453125 0.521484375
0 0.3203125 0.640625 0.3359375 0.640625 0.3359375 0.65625 0.3203125 0.65625
0 0.3203125 0.12109375 0.3359375 0.12109375 0.3359375 0.13671875 0.3203125 0.13671875
0 0.32421875 0.06640625 0.33984375 0.06640625 0.33984375 0.08203125 0.32421875 0.08203125
0 0.330078125 0.189453125 0.345703125 0.189453125 0.345703125 0.205078125 0.330078125 0.205078125
0 0.330078125 0.013671875 0.345703125 0.013671875 0.345703125 0.029296875 0.330078125 0.029296875
0 0.330078125 0.16796875 0.345703125 0.16796875 0.345703125 0.18359375 0.330078125 0.18359375
0 0.333984375 0.091796875 0.349609375 0.091796875 0.349609375 0.107421875 0.333984375 0.107421875
0 0.337890625 0.033203125 0.353515625 0.033203125 0.353515625 0.048828125 0.337890625 0.048828125
0 0.33984375 0.46875 0.35546875 0.46875 0.35546875 0.484375 0.33984375 0.484375
0 0.34765625 0.19140625 0.36328125 0.19140625 0.36328125 0.20703125 0.34765625 0.20703125
0 0.34765625 0.115234375 0.36328125 0.115234375 0.36328125 0.130859375 0.34765625 0.130859375
0 0.3515625 0.447265625 0.3671875 0.447265625 0.3671875 0.462890625 0.3515625 0.462890625
0 0.353515625 0.048828125 0.369140625 0.048828125 0.369140625 0.064453125 0.353515625 0.064453125
0 0.35546875 0.220703125 0.37109375 0.220703125 0.37109375 0.236328125 0.35546875 0.236328125
0 0.36328125 0.525390625 0.37890625 0.525390625 0.37890625 0.541015625 0.36328125 0.541015625
0 0.36328125 0.6484375 0.37890625 0.6484375 0.37890625 0.6640625 0.36328125 0.6640625
0 0.36328125 0.068359375 0.37890625 0.068359375 0.37890625 0.083984375 0.36328125 0.083984375
0 0.365234375 0.61328125 0.380859375 0.61328125 0.380859375 0.62890625 0.365234375 0.62890625
0 0.369140625 0.19140625 0.384765625 0.19140625 0.384765625 0.20703125 0.369140625 0.20703125
0 0.375 0.498046875 0.390625 0.498046875 0.390625 0.513671875 0.375 0.513671875
0 0.376953125 0.111328125 0.392578125 0.111328125 0.392578125 0.126953125 0.376953125 0.126953125
0 0.37890625 0.091796875 0.39453125 0.091796875 0.39453125 0.107421875 0.37890625 0.107421875
0 0.380859375 0.140625 0.396484375 0.140625 0.396484375 0.15625 0.380859375 0.15625
0 0.384765625 0.212890625 0.400390625 0.212890625 0.400390625 0.228515625 0.384765625 0.228515625
0 0.390625 0.515625 0.40625 0.515625 0.40625 0.53125 0.390625 0.53125
0 0.390625 0.119140625 0.40625 0.119140625 0.40625 0.134765625 0.390625 0.134765625
0 0.396484375 0.578125 0.412109375 0.578125 0.412109375 0.59375 0.396484375 0.59375
0 0.40234375 0.52734375 0.41796875 0.52734375 0.41796875 0.54296875 0.40234375 0.54296875
0 0.40234375 0.55078125 0.41796875 0.55078125 0.41796875 0.56640625 0.40234375 0.56640625
0 0.421875 0.5625 0.4375 0.5625 0.4375 0.578125 0.421875 0.578125
0 0.421875 0.59375 0.4375 0.59375 0.4375 0.609375 0.421875 0.609375
0 0.421875 0.66796875 0.4375 0.66796875 0.4375 0.68359375 0.421875 0.68359375
0 0.44140625 0.505859375 0.45703125 0.505859375 0.45703125 0.521484375 0.44140625 0.521484375
0 0.447265625 0.5234375 0.462890625 0.5234375 0.462890625 0.5390625 0.447265625 0.5390625
0 0.447265625 0.1640625 0.462890625 0.1640625 0.462890625 0.1796875 0.447265625 0.1796875
0 0.447265625 0.177734375 0.462890625 0.177734375 0.462890625 0.193359375 0.447265625 0.193359375
0 0.453125 0.556640625 0.46875 0.556640625 0.46875 0.572265625 0.453125 0.572265625
0 0.470703125 0.49609375 0.486328125 0.49609375 0.486328125 0.51171875 0.470703125 0.51171875
0 0.48046875 0.5625 0.49609375 0.5625 0.49609375 0.578125 0.48046875 0.578125
0 0.486328125 0.447265625 0.501953125 0.447265625 0.501953125 0.462890625 0.486328125 0.462890625
0 0.486328125 0.54296875 0.501953125 0.54296875 0.501953125 0.55859375 0.486328125 0.55859375
0 0.49609375 0.77734375 0.51171875 0.77734375 0.51171875 0.79296875 0.49609375 0.79296875
0 0.5 0.58984375 0.515625 0.58984375 0.515625 0.60546875 0.5 0.60546875
0 0.50390625 0.517578125 0.51953125 0.517578125 0.51953125 0.533203125 0.50390625 0.533203125
0 0.5078125 0.572265625 0.5234375 0.572265625 0.5234375 0.587890625 0.5078125 0.587890625
0 0.515625 0.533203125 0.53125 0.533203125 0.53125 0.548828125 0.515625 0.548828125
0 0.521484375 0.50390625 0.537109375 0.50390625 0.537109375 0.51953125 0.521484375 0.51953125
0 0.521484375 0.564453125 0.537109375 0.564453125 0.537109375 0.580078125 0.521484375 0.580078125
0 0.525390625 0.9375 0.541015625 0.9375 0.541015625 0.953125 0.525390625 0.953125
0 0.529296875 0.84765625 0.544921875 0.84765625 0.544921875 0.86328125 0.529296875 0.86328125
0 0.533203125 0.537109375 0.548828125 0.537109375 0.548828125 0.552734375 0.533203125 0.552734375
0 0.533203125 0.599609375 0.548828125 0.599609375 0.548828125 0.615234375 0.533203125 0.615234375
0 0.548828125 0.494140625 0.564453125 0.494140625 0.564453125 0.509765625 0.548828125 0.509765625
0 0.552734375 0.53515625 0.568359375 0.53515625 0.568359375 0.55078125 0.552734375 0.55078125
0 0.560546875 0.51953125 0.576171875 0.51953125 0.576171875 0.53515625 0.560546875 0.53515625
0 0.5703125 0.541015625 0.5859375 0.541015625 0.5859375 0.556640625 0.5703125 0.556640625
0 0.7265625 0.462890625 0.7421875 0.462890625 0.7421875 0.478515625 0.7265625 0.478515625
0 0.732421875 0.375 0.748046875 0.375 0.748046875 0.390625 0.732421875 0.390625
0 0.787109375 0.4140625 0.802734375 0.4140625 0.802734375 0.4296875 0.787109375 0.4296875
0 0.16796875 0.111328125 0.18359375 0.111328125 0.18359375 0.126953125 0.16796875 0.126953125
0 0.169921875 0.0 0.185546875 0.0 0.185546875 0.015625 0.169921875 0.015625
1 0.065039076 0.39667973 0.07109376 0.3785157 0.14023438 0.40156254 0.13417971 0.41972658
1 0.05244622 0.62231046 0.064933404 0.61190444 0.11728357 0.67472464 0.10479638 0.68513066
1 0.13304229 0.4307216 0.13648899 0.41693482 0.1897978 0.430262 0.1863511 0.4440488
1 -0.004882805 0.3076172 0.00058594346 0.29121095 0.038671877 0.30390626 0.03320313 0.3203125
1 0.6958608 0.1370649 0.71302503 0.13222373 0.73859173 0.22286919 0.7214275 0.22771037
