0 0.015625 0.177734375 0.03125 0.177734375 0.03125 0.193359375 0.015625 0.193359375
0 0.287109375 0.294921875 0.302734375 0.294921875 0.302734375 0.310546875 0.287109375 0.310546875
0 0.291015625 0.216796875 0.306640625 0.216796875 0.306640625 0.232421875 0.291015625 0.232421875
0 0.0234375 0.2890625 0.0390625 0.2890625 0.0390625 0.3046875 0.0234375 0.3046875
0 0.3515625 0.25 0.3671875 0.25 0.3671875 0.265625 0.3515625 0.265625
0 0.041015625 0.2109375 0.056640625 0.2109375 0.056640625 0.2265625 0.041015625 0.2265625
0 0.646484375 0.43359375 0.662109375 0.43359375 0.662109375 0.44921875 0.646484375 0.44921875
0 0.666015625 0.408203125 0.681640625 0.408203125 0.681640625 0.423828125 0.666015625 0.423828125
0 0.732421875 0.435546875 0.748046875 0.435546875 0.748046875 0.451171875 0.732421875 0.451171875
0 0.734375 0.5234375 0.75 0.5234375 0.75 0.5390625 0.734375 0.5390625
0 0.76953125 0.640625 0.78515625 0.640625 0.78515625 0.65625 0.76953125 0.65625
0 0.7890625 0.5625 0.8046875 0.5625 0.8046875 0.578125 0.7890625 0.578125
0 0.791015625 0.60546875 0.806640625 0.60546875 0.806640625 0.62109375 0.791015625 0.62109375
0 0.791015625 0.796875 0.806640625 0.796875 0.806640625 0.8125 0.791015625 0.8125
0 0.79296875 0.576171875 0.80859375 0.576171875 0.80859375 0.591796875 0.79296875 0.591796875
0 0.794921875 0.5625 0.810546875 0.5625 0.810546875 0.578125 0.794921875 0.578125
0 0.80078125 0.53515625 0.81640625 0.53515625 0.81640625 0.55078125 0.80078125 0.55078125
0 0.80078125 0.578125 0.81640625 0.578125 0.81640625 0.59375 0.80078125 0.59375
0 0.80859375 0.390625 0.82421875 0.390625 0.82421875 0.40625 0.80859375 0.40625
0 0.80859375 0.53515625 0.82421875 0.53515625 0.82421875 0.55078125 0.80859375 0.55078125
0 0.81640625 0.546875 0.83203125 0.546875 0.83203125 0.5625 0.81640625 0.5625
0 0.82421875 0.533203125 0.83984375 0.533203125 0.83984375 0.548828125 0.82421875 0.548828125
0 0.82421875 0.591796875 0.83984375 0.591796875 0.83984375 0.607421875 0.82421875 0.607421875
0 0.830078125 0.578125 0.845703125 0.578125 0.845703125 0.59375 0.830078125 0.59375
0 0.83203125 0.69140625 0.84765625 0.69140625 0.84765625 0.70703125 0.83203125 0.70703125
0 0.83984375 0.765625 0.85546875 0.765625 0.85546875 0.78125 0.83984375 0.78125
0 0.85546875 0.533203125 0.87109375 0.533203125 0.87109375 0.548828125 0.85546875 0.548828125
0 0.857421875 0.51953125 0.873046875 0.51953125 0.873046875 0.53515625 0.857421875 0.53515625
