2 0.69921875 0.0 0.7519531 0.0 0.7519531 0.046875 0.69921875 0.046875
2 0.8494753 0.11488108 0.8973127 0.008575857 0.9198894 0.01873535 0.872052 0.12504058
2 0.9277344 0.7910156 0.9277344 0.71484375 0.9433594 0.71484375 0.9433594 0.7910156
2 0.87510866 0.69682664 0.88044053 0.57952636 0.90303236 0.58055323 0.8977005 0.6978535
2 0.919136 0.16243292 0.94635266 0.09711302 0.9607758 0.10312264 0.9335591 0.16844255
2 0.9055986 0.29569662 0.9085553 0.19280314 0.92553264 0.19329101 0.9225759 0.29618448
2 0.89587176 0.27030128 0.8989725 0.21510865 0.91021657 0.21574032 0.9071158 0.27093297
2 0.90654695 0.37747666 0.9076612 0.3156378 0.918735 0.31583735 0.9176208 0.37767622
2 0.9064746 0.38955572 0.91655207 0.38942483 0.91722107 0.44093642 0.9071436 0.4410673
2 0.565902 0.7691255 0.57383275 0.6065455 0.60130167 0.6078854 0.5933709 0.77046543
2 0.86855835 0.9528449 0.8734891 0.8394384 0.89128834 0.8402123 0.8863576 0.9536188
2 0.9666812432723357 0.06328209095801937 0.9885797984745565 0.010725626059183611 1.0016505645317548 0.01617178558665232 0.9797520093295338 0.06872825048548804
