0 0.244140625 0.314453125 0.259765625 0.314453125 0.259765625 0.330078125 0.244140625 0.330078125
0 0.25 0.525390625 0.265625 0.525390625 0.265625 0.541015625 0.25 0.541015625
0 0.34375 0.9375 0.359375 0.9375 0.359375 0.953125 0.34375 0.953125
0 0.63671875 0.017578125 0.65234375 0.017578125 0.65234375 0.033203125 0.63671875 0.033203125
0 0.939453125 0.0546875 0.955078125 0.0546875 0.955078125 0.0703125 0.939453125 0.0703125
0 0.94921875 0.029296875 0.96484375 0.029296875 0.96484375 0.044921875 0.94921875 0.044921875
0 0.953125 0.0078125 0.96875 0.0078125 0.96875 0.0234375 0.953125 0.0234375
0 0.1796875 0.322265625 0.1953125 0.322265625 0.1953125 0.337890625 0.1796875 0.337890625
1 0.5449219 0.08203125 0.56640625 0.08203125 0.56640625 0.1796875 0.5449219 0.1796875
1 0.622932 0.20071234 0.63394994 0.057479333 0.6554573 0.059133753 0.6444394 0.20236675
1 0.49130684 0.12194339 0.5067583 0.038505577 0.53200644 0.04318116 0.516555 0.12661898
1 0.5486066 0.7240918 0.56906444 0.7191021 0.59577876 0.8286306 0.5753209 0.83362037
1 0.7167969 0.83203125 0.7363281 0.83203125 0.7363281 0.9003906 0.7167969 0.9003906
1 0.37127957 0.7372445 0.38638726 0.7294109 0.42623523 0.8062606 0.41112754 0.8140942
1 0.23206459 0.20438738 0.23782869 0.15251048 0.25454932 0.15436833 0.24878524 0.20624523
