0 0.294921875 0.318359375 0.310546875 0.318359375 0.310546875 0.333984375 0.294921875 0.333984375
0 0.36328125 0.33984375 0.37890625 0.33984375 0.37890625 0.35546875 0.36328125 0.35546875
0 0.37890625 0.34375 0.39453125 0.34375 0.39453125 0.359375 0.37890625 0.359375
0 0.4296875 0.49609375 0.4453125 0.49609375 0.4453125 0.51171875 0.4296875 0.51171875
0 0.455078125 0.48046875 0.470703125 0.48046875 0.470703125 0.49609375 0.455078125 0.49609375
0 0.466796875 0.44921875 0.482421875 0.44921875 0.482421875 0.46484375 0.466796875 0.46484375
0 0.595703125 0.57421875 0.611328125 0.57421875 0.611328125 0.58984375 0.595703125 0.58984375
0 0.63671875 0.662109375 0.65234375 0.662109375 0.65234375 0.677734375 0.63671875 0.677734375
0 0.654296875 0.595703125 0.669921875 0.595703125 0.669921875 0.611328125 0.654296875 0.611328125
0 0.673828125 0.650390625 0.689453125 0.650390625 0.689453125 0.666015625 0.673828125 0.666015625
0 0.681640625 0.609375 0.697265625 0.609375 0.697265625 0.625 0.681640625 0.625
