0 0.021484375 0.79296875 0.037109375 0.79296875 0.037109375 0.80859375 0.021484375 0.80859375
0 0.02734375 0.705078125 0.04296875 0.705078125 0.04296875 0.720703125 0.02734375 0.720703125
0 0.388671875 0.76953125 0.404296875 0.76953125 0.404296875 0.78515625 0.388671875 0.78515625
0 0.474609375 0.94140625 0.490234375 0.94140625 0.490234375 0.95703125 0.474609375 0.95703125
0 0.482421875 0.927734375 0.498046875 0.927734375 0.498046875 0.943359375 0.482421875 0.943359375
0 0.482421875 0.962890625 0.498046875 0.962890625 0.498046875 0.978515625 0.482421875 0.978515625
0 0.486328125 0.96875 0.501953125 0.96875 0.501953125 0.984375 0.486328125 0.984375
0 0.494140625 0.94140625 0.509765625 0.94140625 0.509765625 0.95703125 0.494140625 0.95703125
0 0.498046875 0.984375 0.513671875 0.984375 0.513671875 1.0 0.498046875 1.0
0 0.5 0.953125 0.515625 0.953125 0.515625 0.96875 0.5 0.96875
0 0.501953125 0.90625 0.517578125 0.90625 0.517578125 0.921875 0.501953125 0.921875
0 0.5078125 0.9609375 0.5234375 0.9609375 0.5234375 0.9765625 0.5078125 0.9765625
0 0.509765625 0.951171875 0.525390625 0.951171875 0.525390625 0.966796875 0.509765625 0.966796875
0 0.513671875 0.919921875 0.529296875 0.919921875 0.529296875 0.935546875 0.513671875 0.935546875
0 0.515625 0.990234375 0.53125 0.990234375 0.53125 1.005859375 0.515625 1.005859375
0 0.521484375 0.931640625 0.537109375 0.931640625 0.537109375 0.947265625 0.521484375 0.947265625
0 0.521484375 0.966796875 0.537109375 0.966796875 0.537109375 0.982421875 0.521484375 0.982421875
0 0.53515625 0.951171875 0.55078125 0.951171875 0.55078125 0.966796875 0.53515625 0.966796875
0 0.541015625 0.978515625 0.556640625 0.978515625 0.556640625 0.994140625 0.541015625 0.994140625
0 0.552734375 0.923828125 0.568359375 0.923828125 0.568359375 0.939453125 0.552734375 0.939453125
0 0.556640625 0.990234375 0.572265625 0.990234375 0.572265625 1.005859375 0.556640625 1.005859375
0 0.572265625 0.953125 0.587890625 0.953125 0.587890625 0.96875 0.572265625 0.96875
0 0.587890625 0.96484375 0.603515625 0.96484375 0.603515625 0.98046875 0.587890625 0.98046875
0 0.072265625 0.591796875 0.087890625 0.591796875 0.087890625 0.607421875 0.072265625 0.607421875
0 0.07421875 0.779296875 0.08984375 0.779296875 0.08984375 0.794921875 0.07421875 0.794921875
0 0.00390625 0.77734375 0.01953125 0.77734375 0.01953125 0.79296875 0.00390625 0.79296875
0 0.109375 0.478515625 0.125 0.478515625 0.125 0.494140625 0.109375 0.494140625
0 0.005859375 0.76953125 0.021484375 0.76953125 0.021484375 0.78515625 0.005859375 0.78515625
0 0.005859375 0.80078125 0.021484375 0.80078125 0.021484375 0.81640625 0.005859375 0.81640625
0 0.138671875 0.552734375 0.154296875 0.552734375 0.154296875 0.568359375 0.138671875 0.568359375
0 0.0078125 0.8203125 0.0234375 0.8203125 0.0234375 0.8359375 0.0078125 0.8359375
1 0.3969546026862309 0.7078556972746124 0.403612277326623 0.6917647129580908 0.3613886170708492 0.674294595121933 0.35473094243045705 0.6903855794384546
1 0.6143187129883316 0.7141836293455632 0.6188588009111964 0.6984397398825233 0.5683528339477035 0.6838752619508235 0.5638127460248388 0.6996191514138634
1 0.05739620036379624 0.5978509779425667 0.0643429162725915 0.5815921911577708 0.01964327984555435 0.5624938611535026 0.012696563936759081 0.5787526479382985
1 0.8035200403357237 0.9133899023118024 0.8072573743851248 0.8916889654754419 0.7062651349877627 0.8742960880217547 0.7025278009383615 0.8959970248581153
1 -0.004823724598975572 0.4704039644724141 0.09633372904185997 0.470551304738501 0.09636817392835179 0.44690293555199995 -0.004789279712483753 0.4467555952859131
1 0.7404519428889499 0.7009240359679534 0.8078412059400367 0.6980636282311572 0.8065094838459744 0.6666891604050325 0.7391202207948876 0.6695495681418286
1 0.6952928412035537 0.4158674181878 0.7417480579957134 0.4051707320780224 0.7380849015637803 0.38926181183463043 0.6916296847716206 0.399958497944408
