0 -0.005859375 0.255859375 0.009765625 0.255859375 0.009765625 0.271484375 -0.005859375 0.271484375
0 -0.005859375 0.130859375 0.009765625 0.130859375 0.009765625 0.146484375 -0.005859375 0.146484375
0 0.1875 0.220703125 0.203125 0.220703125 0.203125 0.236328125 0.1875 0.236328125
0 0.1953125 0.03125 0.2109375 0.03125 0.2109375 0.046875 0.1953125 0.046875
0 0.197265625 0.18359375 0.212890625 0.18359375 0.212890625 0.19921875 0.197265625 0.19921875
0 0.203125 0.146484375 0.21875 0.146484375 0.21875 0.162109375 0.203125 0.162109375
0 0.2109375 0.064453125 0.2265625 0.064453125 0.2265625 0.080078125 0.2109375 0.080078125
0 0.216796875 -0.005859375 0.232421875 -0.005859375 0.232421875 0.009765625 0.216796875 0.009765625
0 0.22265625 0.251953125 0.23828125 0.251953125 0.23828125 0.267578125 0.22265625 0.267578125
0 0.015625 0.298828125 0.03125 0.298828125 0.03125 0.314453125 0.015625 0.314453125
0 0.015625 0.05078125 0.03125 0.05078125 0.03125 0.06640625 0.015625 0.06640625
0 0.015625 0.087890625 0.03125 0.087890625 0.03125 0.103515625 0.015625 0.103515625
0 0.015625 0.171875 0.03125 0.171875 0.03125 0.1875 0.015625 0.1875
0 0.23828125 0.03125 0.25390625 0.03125 0.25390625 0.046875 0.23828125 0.046875
0 0.244140625 0.00390625 0.259765625 0.00390625 0.259765625 0.01953125 0.244140625 0.01953125
0 0.017578125 0.1484375 0.033203125 0.1484375 0.033203125 0.1640625 0.017578125 0.1640625
0 0.2734375 0.00390625 0.2890625 0.00390625 0.2890625 0.01953125 0.2734375 0.01953125
0 0.021484375 0.126953125 0.037109375 0.126953125 0.037109375 0.142578125 0.021484375 0.142578125
0 0.3203125 0.05078125 0.3359375 0.05078125 0.3359375 0.06640625 0.3203125 0.06640625
0 0.025390625 0.21875 0.041015625 0.21875 0.041015625 0.234375 0.025390625 0.234375
0 0.025390625 0.27734375 0.041015625 0.27734375 0.041015625 0.29296875 0.025390625 0.29296875
0 0.333984375 0.021484375 0.349609375 0.021484375 0.349609375 0.037109375 0.333984375 0.037109375
0 0.029296875 0.337890625 0.044921875 0.337890625 0.044921875 0.353515625 0.029296875 0.353515625
0 0.36328125 -0.005859375 0.37890625 -0.005859375 0.37890625 0.009765625 0.36328125 0.009765625
0 0.37890625 0.025390625 0.39453125 0.025390625 0.39453125 0.041015625 0.37890625 0.041015625
0 -0.00390625 0.171875 0.01171875 0.171875 0.01171875 0.1875 -0.00390625 0.1875
0 0.033203125 0.25390625 0.048828125 0.25390625 0.048828125 0.26953125 0.033203125 0.26953125
0 0.033203125 0.171875 0.048828125 0.171875 0.048828125 0.1875 0.033203125 0.1875
0 0.404296875 -0.001953125 0.419921875 -0.001953125 0.419921875 0.013671875 0.404296875 0.013671875
0 0.03515625 0.068359375 0.05078125 0.068359375 0.05078125 0.083984375 0.03515625 0.083984375
0 0.037109375 0.310546875 0.052734375 0.310546875 0.052734375 0.326171875 0.037109375 0.326171875
0 0.037109375 0.08984375 0.052734375 0.08984375 0.052734375 0.10546875 0.037109375 0.10546875
0 0.46484375 0.14453125 0.48046875 0.14453125 0.48046875 0.16015625 0.46484375 0.16015625
0 0.041015625 0.0546875 0.056640625 0.0546875 0.056640625 0.0703125 0.041015625 0.0703125
0 0.04296875 0.150390625 0.05859375 0.150390625 0.05859375 0.166015625 0.04296875 0.166015625
0 0.046875 0.1875 0.0625 0.1875 0.0625 0.203125 0.046875 0.203125
0 0.046875 0.287109375 0.0625 0.287109375 0.0625 0.302734375 0.046875 0.302734375
0 0.046875 0.03125 0.0625 0.03125 0.0625 0.046875 0.046875 0.046875
0 0.568359375 0.19140625 0.583984375 0.19140625 0.583984375 0.20703125 0.568359375 0.20703125
0 0.052734375 0.2734375 0.068359375 0.2734375 0.068359375 0.2890625 0.052734375 0.2890625
0 0.0546875 0.33984375 0.0703125 0.33984375 0.0703125 0.35546875 0.0546875 0.35546875
0 0.0546875 0.060546875 0.0703125 0.060546875 0.0703125 0.076171875 0.0546875 0.076171875
0 0.056640625 0.306640625 0.072265625 0.306640625 0.072265625 0.322265625 0.056640625 0.322265625
0 0.056640625 0.130859375 0.072265625 0.130859375 0.072265625 0.146484375 0.056640625 0.146484375
0 0.642578125 0.1171875 0.658203125 0.1171875 0.658203125 0.1328125 0.642578125 0.1328125
0 0.05859375 0.083984375 0.07421875 0.083984375 0.07421875 0.099609375 0.05859375 0.099609375
0 0.060546875 0.224609375 0.076171875 0.224609375 0.076171875 0.240234375 0.060546875 0.240234375
0 0.060546875 0.287109375 0.076171875 0.287109375 0.076171875 0.302734375 0.060546875 0.302734375
0 0.0625 0.033203125 0.078125 0.033203125 0.078125 0.048828125 0.0625 0.048828125
0 0.0625 0.009765625 0.078125 0.009765625 0.078125 0.025390625 0.0625 0.025390625
0 0.06640625 0.068359375 0.08203125 0.068359375 0.08203125 0.083984375 0.06640625 0.083984375
0 0.07421875 0.328125 0.08984375 0.328125 0.08984375 0.34375 0.07421875 0.34375
0 0.078125 0.1953125 0.09375 0.1953125 0.09375 0.2109375 0.078125 0.2109375
0 0.078125 0.0625 0.09375 0.0625 0.09375 0.078125 0.078125 0.078125
0 0.078125 0.119140625 0.09375 0.119140625 0.09375 0.134765625 0.078125 0.134765625
0 0.080078125 0.03125 0.095703125 0.03125 0.095703125 0.046875 0.080078125 0.046875
0 0.08203125 0.25390625 0.09765625 0.25390625 0.09765625 0.26953125 0.08203125 0.26953125
0 0.087890625 0.041015625 0.103515625 0.041015625 0.103515625 0.056640625 0.087890625 0.056640625
0 0.001953125 0.28125 0.017578125 0.28125 0.017578125 0.296875 0.001953125 0.296875
0 0.001953125 0.080078125 0.017578125 0.080078125 0.017578125 0.095703125 0.001953125 0.095703125
0 0.001953125 0.11328125 0.017578125 0.11328125 0.017578125 0.12890625 0.001953125 0.12890625
0 0.09375 0.021484375 0.109375 0.021484375 0.109375 0.037109375 0.09375 0.037109375
0 0.09375 0.09375 0.109375 0.09375 0.109375 0.109375 0.09375 0.109375
0 0.09765625 0.033203125 0.11328125 0.033203125 0.11328125 0.048828125 0.09765625 0.048828125
0 0.103515625 0.15625 0.119140625 0.15625 0.119140625 0.171875 0.103515625 0.171875
0 0.107421875 0.015625 0.123046875 0.015625 0.123046875 0.03125 0.107421875 0.03125
0 0.00390625 0.0625 0.01953125 0.0625 0.01953125 0.078125 0.00390625 0.078125
0 0.00390625 0.146484375 0.01953125 0.146484375 0.01953125 0.162109375 0.00390625 0.162109375
0 0.111328125 0.05078125 0.126953125 0.05078125 0.126953125 0.06640625 0.111328125 0.06640625
0 0.119140625 0.095703125 0.134765625 0.095703125 0.134765625 0.111328125 0.119140625 0.111328125
0 0.123046875 0.00390625 0.138671875 0.00390625 0.138671875 0.01953125 0.123046875 0.01953125
0 0.005859375 0.310546875 0.021484375 0.310546875 0.021484375 0.326171875 0.005859375 0.326171875
0 0.12890625 0.263671875 0.14453125 0.263671875 0.14453125 0.279296875 0.12890625 0.279296875
0 0.130859375 0.041015625 0.146484375 0.041015625 0.146484375 0.056640625 0.130859375 0.056640625
0 0.138671875 0.08203125 0.154296875 0.08203125 0.154296875 0.09765625 0.138671875 0.09765625
0 0.140625 0.005859375 0.15625 0.005859375 0.15625 0.021484375 0.140625 0.021484375
0 0.0078125 0.193359375 0.0234375 0.193359375 0.0234375 0.208984375 0.0078125 0.208984375
0 0.150390625 0.142578125 0.166015625 0.142578125 0.166015625 0.158203125 0.150390625 0.158203125
0 0.158203125 0.015625 0.173828125 0.015625 0.173828125 0.03125 0.158203125 0.03125
0 0.162109375 0.03515625 0.177734375 0.03515625 0.177734375 0.05078125 0.162109375 0.05078125
0 0.009765625 0.208984375 0.025390625 0.208984375 0.025390625 0.224609375 0.009765625 0.224609375
0 0.169921875 0.0 0.185546875 0.0 0.185546875 0.015625 0.169921875 0.015625
0 0.1796875 0.234375 0.1953125 0.234375 0.1953125 0.25 0.1796875 0.25
0 0.1796875 0.078125 0.1953125 0.078125 0.1953125 0.09375 0.1796875 0.09375
1 0.7576040966523525 0.02749618610992168 0.8028253361821218 0.0018079357177346756 0.793828512905753 -0.014029947134396778 0.7486072733759837 0.011658303257790227
1 0.8931039624864773 0.989045506852456 1.0086172607621482 0.9361991035850019 0.9966773933713718 0.9101005731646339 0.881164095095701 0.9629469764320879
1 0.32310472895842335 0.7554573291400591 0.36016575709692167 0.7084869325145541 0.3488357765461848 0.699547243728288 0.3117747484076865 0.7465176403537931
1 0.7522353040892316 0.857404790889144 0.8315852937328674 0.8016851807668008 0.8210617196839618 0.7866986169706582 0.741711730040326 0.8424182270930014
1 0.46566964569648167 0.19986171371478664 0.4698481137376545 0.1852119922345605 0.4137951594297085 0.1692242836282767 0.4096166913885357 0.18387400510850285
1 0.396789202221226 0.11698484564877783 0.4181507094176841 0.0887393587903436 0.4074977545658834 0.08068273817442621 0.38613624736942526 0.10892822503286044
1 0.5449999611917412 0.06032814557788385 0.6317200448841641 0.004189509784898061 0.6208363730367744 -0.012623027964806683 0.5341162893443515 0.043515607828179106
1 0.6934595487972807 0.7936894176423042 0.7553293588218694 0.6963187095798185 0.7403037168124605 0.6867713453352959 0.6784339067878719 0.7841420533977816
1 0.9072062435916576 0.6613279743351451 0.9210027461276958 0.6496486304154342 0.883996301574358 0.6059338884196767 0.8701997990383198 0.6176132323393876
1 0.7274004070966669 0.4333623266784011 0.8310508078061216 0.32110219205683116 0.8144298941881232 0.3057560109528245 0.7107794934786684 0.4180161455743944
1 0.5769378902253801 0.8571055751313874 0.6635381903384892 0.7872003813247637 0.6521014211836165 0.7730322260389617 0.5655011210705074 0.8429374198455855
1 0.5468842731819098 0.10823037041689008 0.6105961420001628 0.07916690357355506 0.6034851325645502 0.06357840882276446 0.5397732637462972 0.09264187566609948
1 0.6707152692799763 0.17192413358927508 0.6708667485568631 0.15789910696848117 0.6270971925730511 0.15742636770962934 0.6269457132961642 0.17145139433042325
1 0.015644234298672312 0.9652915448649013 0.058337245004212585 0.9131141675209618 0.04655073893168962 0.9034701138036167 0.003857728226149347 0.9556474911475563
1 0.3896580558564573 0.24550007094549076 0.41381317205212176 0.20887338570959502 0.40160188858247703 0.200820105179082 0.37744677238681257 0.23744679041497774
1 0.8330461785785489 0.5481216091545029 0.8715031635689586 0.49933398608581075 0.8592950298793979 0.48971088939591206 0.8208380448889881 0.5384985124646042
1 0.22306520383277476 0.12248374750358337 0.22345263055653988 0.10967447057844709 0.18905484039864004 0.10863408217685944 0.1886674136748749 0.12144335910199572
1 0.2042908963265986 0.4755461704601679 0.21563076556261643 0.46810167001613645 0.19855895671218923 0.44209695936542415 0.18721908747617141 0.4495414598094556
1 0.294124742803494 0.719122007028343 0.30786766406054145 0.6987238233299647 0.2972952520275912 0.6916008447248919 0.28355233077054376 0.7119990284232701
1 0.5142671951737137 0.07902250517906458 0.5213549798381718 0.06849072351523476 0.4986279120955735 0.05319563220439642 0.49154012743111536 0.06372741386822624
