0 -0.0078125 0.447265625 0.0078125 0.447265625 0.0078125 0.462890625 -0.0078125 0.462890625
0 0.189453125 0.767578125 0.205078125 0.767578125 0.205078125 0.783203125 0.189453125 0.783203125
0 0.029296875 0.4609375 0.044921875 0.4609375 0.044921875 0.4765625 0.029296875 0.4765625
0 0.443359375 0.34375 0.458984375 0.34375 0.458984375 0.359375 0.443359375 0.359375
0 0.462890625 0.3203125 0.478515625 0.3203125 0.478515625 0.3359375 0.462890625 0.3359375
0 0.052734375 0.53125 0.068359375 0.53125 0.068359375 0.546875 0.052734375 0.546875
0 0.607421875 0.4765625 0.623046875 0.4765625 0.623046875 0.4921875 0.607421875 0.4921875
0 0.05859375 0.7109375 0.07421875 0.7109375 0.07421875 0.7265625 0.05859375 0.7265625
0 0.666015625 0.205078125 0.681640625 0.205078125 0.681640625 0.220703125 0.666015625 0.220703125
0 0.6953125 0.21875 0.7109375 0.21875 0.7109375 0.234375 0.6953125 0.234375
0 0.736328125 0.2578125 0.751953125 0.2578125 0.751953125 0.2734375 0.736328125 0.2734375
0 0.8046875 0.2890625 0.8203125 0.2890625 0.8203125 0.3046875 0.8046875 0.3046875
0 0.85546875 0.19921875 0.87109375 0.19921875 0.87109375 0.21484375 0.85546875 0.21484375
0 0.904296875 0.21484375 0.919921875 0.21484375 0.919921875 0.23046875 0.904296875 0.23046875
0 0.94140625 0.248046875 0.95703125 0.248046875 0.95703125 0.263671875 0.94140625 0.263671875
0 0.962890625 0.1796875 0.978515625 0.1796875 0.978515625 0.1953125 0.962890625 0.1953125
0 0.095703125 0.509765625 0.111328125 0.509765625 0.111328125 0.525390625 0.095703125 0.525390625
0 0.130859375 0.396484375 0.146484375 0.396484375 0.146484375 0.412109375 0.130859375 0.412109375
0 0.134765625 0.478515625 0.150390625 0.478515625 0.150390625 0.494140625 0.134765625 0.494140625
0 0.0078125 0.3828125 0.0234375 0.3828125 0.0234375 0.3984375 0.0078125 0.3984375
1 0.7937973596597748 0.6109091897472724 0.798169647983575 0.5971740252906966 0.76007153014888 0.5850463251605645 0.7556992418250797 0.5987814896171403
1 0.9908695004170434 0.5697749162633309 1.0010807738788299 0.5616257335231024 0.9730856635386451 0.5265466665308586 0.9628743900768586 0.534695849271087
1 0.20040603748635746 0.8663263783279382 0.21985784977642622 0.8374340693546074 0.2078109753958752 0.8293234839614905 0.18835916310580644 0.8582157929348213
