0 0.23828125 0.1796875 0.25390625 0.1796875 0.25390625 0.1953125 0.23828125 0.1953125
0 0.255859375 0.134765625 0.271484375 0.134765625 0.271484375 0.150390625 0.255859375 0.150390625
0 0.2578125 0.603515625 0.2734375 0.603515625 0.2734375 0.619140625 0.2578125 0.619140625
0 0.33203125 0.16015625 0.34765625 0.16015625 0.34765625 0.17578125 0.33203125 0.17578125
0 0.349609375 0.318359375 0.365234375 0.318359375 0.365234375 0.333984375 0.349609375 0.333984375
0 0.36328125 0.4140625 0.37890625 0.4140625 0.37890625 0.4296875 0.36328125 0.4296875
0 0.373046875 0.576171875 0.388671875 0.576171875 0.388671875 0.591796875 0.373046875 0.591796875
0 0.533203125 0.392578125 0.548828125 0.392578125 0.548828125 0.408203125 0.533203125 0.408203125
0 0.685546875 0.119140625 0.701171875 0.119140625 0.701171875 0.134765625 0.685546875 0.134765625
0 0.7109375 0.16796875 0.7265625 0.16796875 0.7265625 0.18359375 0.7109375 0.18359375
2 0.6327666357366951 0.3844186184040745 0.6728742046227455 0.3789407073435294 0.6456648990304558 0.17972259548981587 0.6055573301444054 0.18520050655036094
