0 0.216796875 0.2734375 0.232421875 0.2734375 0.232421875 0.2890625 0.216796875 0.2890625
0 0.369140625 0.162109375 0.384765625 0.162109375 0.384765625 0.177734375 0.369140625 0.177734375
0 0.4296875 0.20703125 0.4453125 0.20703125 0.4453125 0.22265625 0.4296875 0.22265625
0 0.44140625 0.177734375 0.45703125 0.177734375 0.45703125 0.193359375 0.44140625 0.193359375
0 0.48046875 0.2734375 0.49609375 0.2734375 0.49609375 0.2890625 0.48046875 0.2890625
0 0.486328125 0.189453125 0.501953125 0.189453125 0.501953125 0.205078125 0.486328125 0.205078125
0 0.51953125 0.259765625 0.53515625 0.259765625 0.53515625 0.275390625 0.51953125 0.275390625
0 0.5234375 0.20703125 0.5390625 0.20703125 0.5390625 0.22265625 0.5234375 0.22265625
0 0.544921875 0.2265625 0.560546875 0.2265625 0.560546875 0.2421875 0.544921875 0.2421875
0 0.5703125 0.283203125 0.5859375 0.283203125 0.5859375 0.298828125 0.5703125 0.298828125
0 0.580078125 0.236328125 0.595703125 0.236328125 0.595703125 0.251953125 0.580078125 0.251953125
0 0.5859375 0.2578125 0.6015625 0.2578125 0.6015625 0.2734375 0.5859375 0.2734375
0 0.60546875 0.296875 0.62109375 0.296875 0.62109375 0.3125 0.60546875 0.3125
0 0.623046875 0.255859375 0.638671875 0.255859375 0.638671875 0.271484375 0.623046875 0.271484375
0 0.767578125 0.75 0.783203125 0.75 0.783203125 0.765625 0.767578125 0.765625
0 0.9609375 0.314453125 0.9765625 0.314453125 0.9765625 0.330078125 0.9609375 0.330078125
0 0.982421875 0.2890625 0.998046875 0.2890625 0.998046875 0.3046875 0.982421875 0.3046875
0 0.984375 0.298828125 1.0 0.298828125 1.0 0.314453125 0.984375 0.314453125
0 0.123046875 0.201171875 0.138671875 0.201171875 0.138671875 0.216796875 0.123046875 0.216796875
0 0.126953125 0.1875 0.142578125 0.1875 0.142578125 0.203125 0.126953125 0.203125
0 0.150390625 0.189453125 0.166015625 0.189453125 0.166015625 0.205078125 0.150390625 0.205078125
0 0.16796875 0.162109375 0.18359375 0.162109375 0.18359375 0.177734375 0.16796875 0.177734375
0 0.171875 0.21484375 0.1875 0.21484375 0.1875 0.23046875 0.171875 0.23046875
1 0.43697889256594874 0.76924834194811 0.4387425894959824 0.750209005393665 0.38143132519604467 0.7449000125822245 0.379667628266011 0.7639393491366695
1 0.05240126931779404 0.4942583398391516 0.05659328384082199 0.4807232156718999 0.01876802509911041 0.4690082116554468 0.014576010576082463 0.4825433358226985
1 0.5760348866740382 0.8890581486542192 0.5807067579349229 0.869748365507195 0.5078851153096043 0.852129662243608 0.5032132440487197 0.8714394453906321
1 0.6360715226362643 0.6505478884264013 0.6485778857137219 0.6368460687527497 0.6075456543733182 0.5993938182310083 0.5950392912958606 0.6130956379046599
1 0.3842170814160888 0.644009177387138 0.3888519813886657 0.6251816710273951 0.32091063464836433 0.6084560707207721 0.3162757346757874 0.6272835770805151
1 0.2231028251836358 0.6497172939396871 0.2282643659954506 0.6317038649169326 0.12535385559105292 0.6022160423182474 0.12019231477923811 0.6202294713410019
1 0.33999076799648914 0.7195545197687824 0.3437463782566575 0.70311976409868 0.2896204261372694 0.6907510994710248 0.28586481587710105 0.7071858551411271
1 0.7784986819533676 0.738628633884888 0.8672689844746099 0.7359503271312242 0.8666224156113297 0.7145203271823117 0.7778521130900874 0.7171986339359755
1 0.7247904086431749 0.7044313731884676 0.7269766948585075 0.691185168797842 0.6861796831765883 0.6844516214633268 0.6839933969612557 0.6976978258539525
1 0.6369213988179855 0.5602091556266188 0.646273864808976 0.5531833000370078 0.6294474671488114 0.5307848448082567 0.6200950011578209 0.5378107003978677
