0 0.2109375 0.353515625 0.2265625 0.353515625 0.2265625 0.369140625 0.2109375 0.369140625
0 0.2578125 0.341796875 0.2734375 0.341796875 0.2734375 0.357421875 0.2578125 0.357421875
0 0.021484375 0.61328125 0.037109375 0.61328125 0.037109375 0.62890625 0.021484375 0.62890625
0 0.32421875 0.935546875 0.33984375 0.935546875 0.33984375 0.951171875 0.32421875 0.951171875
0 0.328125 0.390625 0.34375 0.390625 0.34375 0.40625 0.328125 0.40625
0 0.029296875 0.568359375 0.044921875 0.568359375 0.044921875 0.583984375 0.029296875 0.583984375
0 0.470703125 0.390625 0.486328125 0.390625 0.486328125 0.40625 0.470703125 0.40625
0 0.04296875 0.599609375 0.05859375 0.599609375 0.05859375 0.615234375 0.04296875 0.615234375
0 0.52734375 0.33984375 0.54296875 0.33984375 0.54296875 0.35546875 0.52734375 0.35546875
0 0.54296875 0.326171875 0.55859375 0.326171875 0.55859375 0.341796875 0.54296875 0.341796875
0 0.54296875 0.912109375 0.55859375 0.912109375 0.55859375 0.927734375 0.54296875 0.927734375
0 0.55859375 0.310546875 0.57421875 0.310546875 0.57421875 0.326171875 0.55859375 0.326171875
0 0.59375 0.365234375 0.609375 0.365234375 0.609375 0.380859375 0.59375 0.380859375
0 0.623046875 0.38671875 0.638671875 0.38671875 0.638671875 0.40234375 0.623046875 0.40234375
0 0.65625 0.33203125 0.671875 0.33203125 0.671875 0.34765625 0.65625 0.34765625
0 0.73046875 0.345703125 0.74609375 0.345703125 0.74609375 0.361328125 0.73046875 0.361328125
0 0.865234375 0.37109375 0.880859375 0.37109375 0.880859375 0.38671875 0.865234375 0.38671875
0 0.921875 0.373046875 0.9375 0.373046875 0.9375 0.388671875 0.921875 0.388671875
0 0.125 0.833984375 0.140625 0.833984375 0.140625 0.849609375 0.125 0.849609375
0 0.138671875 0.34375 0.154296875 0.34375 0.154296875 0.359375 0.138671875 0.359375
0 0.171875 0.037109375 0.1875 0.037109375 0.1875 0.052734375 0.171875 0.052734375
1 0.5372866678945599 0.54150625595058 0.5456253471120555 0.527300422977865 0.4733643244989338 0.48488393894230336 0.46502564528143814 0.4990897719150183
1 0.5633145597661066 0.6007178241655675 0.613426241845125 0.5647345933680428 0.6052639457499457 0.5533674543454798 0.5551522636709273 0.5893506851430046
1 0.09579424446427123 0.23181230987873033 0.10470599292802527 0.21981514143484385 0.05862248057521088 0.1855833414617543 0.049710732111456844 0.19758050990564077
1 0.4379751574390304 1.004491836682619 0.4444717944376089 0.9943784812817572 0.42494041806527255 0.9818318775736675 0.41844378106669405 0.9919452329745294
1 0.23213590540229 0.17741171010645915 0.24220992335602282 0.17492730108535762 0.2371425493782886 0.1543796311983199 0.2270685314245558 0.15686404021942144
