0 0.251953125 0.734375 0.267578125 0.734375 0.267578125 0.75 0.251953125 0.75
0 0.26953125 0.796875 0.28515625 0.796875 0.28515625 0.8125 0.26953125 0.8125
0 0.30859375 0.42578125 0.32421875 0.42578125 0.32421875 0.44140625 0.30859375 0.44140625
0 0.375 0.724609375 0.390625 0.724609375 0.390625 0.740234375 0.375 0.740234375
0 0.453125 0.17578125 0.46875 0.17578125 0.46875 0.19140625 0.453125 0.19140625
0 0.11328125 0.08984375 0.12890625 0.08984375 0.12890625 0.10546875 0.11328125 0.10546875
0 0.12890625 0.59765625 0.14453125 0.59765625 0.14453125 0.61328125 0.12890625 0.61328125
0 0.14453125 0.49609375 0.16015625 0.49609375 0.16015625 0.51171875 0.14453125 0.51171875
0 0.1640625 0.37109375 0.1796875 0.37109375 0.1796875 0.38671875 0.1640625 0.38671875
1 0.7810932037168938 0.48213083645253063 0.867848020804922 0.4385955254436965 0.860353148288111 0.4236601481780541 0.7735983312000829 0.4671954591868882
1 0.13656599193024271 0.44649285091060514 0.14742562363879386 0.4451504956908176 0.14216514558387167 0.4025933145175565 0.13130551387532052 0.403935669737344
1 0.038043725319551344 0.7137762484099243 0.09711799267245748 0.6549058552759858 0.08714055734093297 0.644893867060962 0.028066289988026835 0.7037642601949005
