0 0.482421875 0.40625 0.498046875 0.40625 0.498046875 0.421875 0.482421875 0.421875
0 0.51171875 0.396484375 0.52734375 0.396484375 0.52734375 0.412109375 0.51171875 0.412109375
0 0.05859375 0.10546875 0.07421875 0.10546875 0.07421875 0.12109375 0.05859375 0.12109375
1 0.2978100871616864 0.09799799634574649 0.3080156089964727 0.06458896417166232 0.29702221397814516 0.06123079048038724 0.28681669214335886 0.0946398226544714
1 0.6680641816267096 0.031981649930379503 0.7016513460847339 0.019452959945459387 0.6974187447420038 0.008106117014982591 0.6638315802839795 0.020634806999902704
1 0.318910199630911 0.40076275844493203 0.3360891410392787 0.33534175797288746 0.3190886197202853 0.33087758045277305 0.30190967831191756 0.3962985809248176
1 0.13809782896395437 0.35364840359608807 0.16288168146870072 0.3318310711709803 0.15571051206235179 0.32368483214457355 0.13092665955760543 0.3455021645696813
1 0.7149945873241336 0.2939390616407948 0.759158796327796 0.2677387447514101 0.7536120039005368 0.2583888692864818 0.7094477948968744 0.28458918617586654
1 0.6212952462947628 0.45691330386785955 0.6462079236015191 0.4065453007597615 0.6333094509327152 0.40016554640145807 0.6083967736259589 0.45053354950955615
1 0.6979316393558654 0.054053882592801875 0.7183398535453864 0.03785074681215979 0.7111681779201355 0.02881785995375651 0.6907599637306145 0.04502099573439859
