0 0.64453125 0.3359375 0.66015625 0.3359375 0.66015625 0.3515625 0.64453125 0.3515625
0 0.751953125 0.193359375 0.767578125 0.193359375 0.767578125 0.208984375 0.751953125 0.208984375
0 0.068359375 0.39453125 0.083984375 0.39453125 0.083984375 0.41015625 0.068359375 0.41015625
0 0.7578125 0.056640625 0.7734375 0.056640625 0.7734375 0.072265625 0.7578125 0.072265625
0 0.76171875 0.08203125 0.77734375 0.08203125 0.77734375 0.09765625 0.76171875 0.09765625
0 0.779296875 0.11328125 0.794921875 0.11328125 0.794921875 0.12890625 0.779296875 0.12890625
0 0.779296875 0.138671875 0.794921875 0.138671875 0.794921875 0.154296875 0.779296875 0.154296875
0 0.7890625 0.04296875 0.8046875 0.04296875 0.8046875 0.05859375 0.7890625 0.05859375
0 0.79296875 0.07421875 0.80859375 0.07421875 0.80859375 0.08984375 0.79296875 0.08984375
0 0.802734375 0.11328125 0.818359375 0.11328125 0.818359375 0.12890625 0.802734375 0.12890625
0 0.802734375 0.13671875 0.818359375 0.13671875 0.818359375 0.15234375 0.802734375 0.15234375
0 0.8046875 0.095703125 0.8203125 0.095703125 0.8203125 0.111328125 0.8046875 0.111328125
0 0.814453125 0.01953125 0.830078125 0.01953125 0.830078125 0.03515625 0.814453125 0.03515625
0 0.814453125 0.12890625 0.830078125 0.12890625 0.830078125 0.14453125 0.814453125 0.14453125
0 0.81640625 0.10546875 0.83203125 0.10546875 0.83203125 0.12109375 0.81640625 0.12109375
0 0.818359375 0.076171875 0.833984375 0.076171875 0.833984375 0.091796875 0.818359375 0.091796875
0 0.822265625 0.12890625 0.837890625 0.12890625 0.837890625 0.14453125 0.822265625 0.14453125
0 0.828125 0.12109375 0.84375 0.12109375 0.84375 0.13671875 0.828125 0.13671875
0 0.830078125 0.037109375 0.845703125 0.037109375 0.845703125 0.052734375 0.830078125 0.052734375
0 0.833984375 0.0546875 0.849609375 0.0546875 0.849609375 0.0703125 0.833984375 0.0703125
0 0.837890625 0.07421875 0.853515625 0.07421875 0.853515625 0.08984375 0.837890625 0.08984375
0 0.841796875 0.11328125 0.857421875 0.11328125 0.857421875 0.12890625 0.841796875 0.12890625
0 0.845703125 0.08203125 0.861328125 0.08203125 0.861328125 0.09765625 0.845703125 0.09765625
0 0.849609375 0.095703125 0.865234375 0.095703125 0.865234375 0.111328125 0.849609375 0.111328125
0 0.970703125 0.48046875 0.986328125 0.48046875 0.986328125 0.49609375 0.970703125 0.49609375
1 0.9000470587023723 0.3314393997032999 0.9418537114357577 0.31229732801321347 0.9362611821881306 0.3000831365744711 0.8944545294547452 0.3192252082645575
1 0.7561444877640978 0.037336071447459145 0.7620539035249235 0.028339488113954973 0.7305516363127454 0.007647188886078909 0.7246422205519197 0.016643772219583082
1 0.5481399924946844 0.45269584288272235 0.5646071644071868 0.43625663499213074 0.4787130920695246 0.3502164519819322 0.46224592015702215 0.3666556598725238
1 0.6532428531524124 0.116651170142964 0.6779887245440428 0.08828093701624251 0.6691467495087204 0.08056854437939776 0.64440087811709 0.10893877750611924
1 0.6103399354789854 0.04344058449899626 0.6127640613894973 0.033554133623302514 0.5912141245033145 0.028270158511047836 0.5887899985928025 0.038156609386741584
2 0.5528285335838786 0.6881351856988079 0.5590225542556139 0.6719162195544802 0.47263492829203685 0.6389247985083454 0.4664409076203017 0.6551437646526731
