1 0.14716478124554241 0.9715201577759017 0.15862694663643548 0.9549638450628942 0.07237334117000019 0.8952492752456437 0.060911175779107124 0.9118055879586512
2 0.8196687687803461 0.7257640476123484 0.8453142376363814 0.6197932172024911 0.8249651204179571 0.6148686294658987 0.7993196515619219 0.7208394598757559
2 0.9260146296860553 0.8524006531218293 0.9837507601997656 0.6368930125023964 0.9501120173094891 0.6278809382935759 0.8923758867957788 0.8433885789130089
2 0.17404309679829097 0.6885523364200203 0.23175593963731603 0.6348081719222793 0.22111540268100285 0.6233818962917717 0.1634025598419778 0.6771260607895127
2 0.04651361975716643 0.49759750125157964 0.046882134611020754 0.4390669240517204 0.037394581204565236 0.4390071893878185 0.0370260663507109 0.49753776658767773
2 0.2764879554412444 0.8923735135586057 0.29425312219393807 0.8920391928945874 0.2933276206352632 0.8428597933261599 0.2755624538825695 0.8431941139901782
2 0.21544579158084165 0.5275397924396226 0.22161370559037652 0.4797968954848062 0.20460885276539553 0.4776000352886489 0.19844093875586066 0.5253429322434653
2 0.21763882310055127 0.4478413002960683 0.21890963884628273 0.3754806703071113 0.20368274777270923 0.3752132517821788 0.20241193202697777 0.4475738817711358
2 0.3844275205998016 0.4154693042365947 0.40720927373867316 0.3668792103827298 0.39445694986299745 0.3609002078445515 0.3716751967241259 0.40949030169841644
2 0.23503675716949501 0.3497355247892146 0.2344411106033961 0.30545267724013925 0.22248640319693425 0.3056134794651426 0.2230820497630332 0.349896327014218
2 0.7150176934403996 0.7153028223850901 0.7623204737698581 0.5468407897229213 0.7367687054472347 0.5396660592219655 0.6894659251177762 0.7081280918841344
2 0.6412095148268013 0.6561074160598793 0.6616970737386934 0.5992391852017954 0.6481918858349688 0.5943737563214033 0.6277043269230769 0.6512419871794872
2 0.253300330031973 0.3562645934607398 0.2417429312455661 0.30294375198117046 0.22841779374913812 0.3058320021223264 0.23997519253554503 0.35915284360189575
2 0.3416696651909132 0.3843099102002957 0.35707988613795605 0.3477004968808192 0.34679351478590537 0.3433705926046941 0.33138329383886256 0.37998000592417064
2 0.3532680804752734 0.38896593804389756 0.3686783014223163 0.3523565247244211 0.3583919300702656 0.34802662044829596 0.3429817091232228 0.3846360337677725
2 0.03633182760663507 0.4968435278436019 0.0366925721285687 0.43954709903042677 0.026177428909952602 0.439480894549763 0.025816684388018978 0.4967773233629382
