0 0.1953125 0.59765625 0.2109375 0.59765625 0.2109375 0.61328125 0.1953125 0.61328125
0 0.19921875 0.466796875 0.21484375 0.466796875 0.21484375 0.482421875 0.19921875 0.482421875
0 0.19921875 0.505859375 0.21484375 0.505859375 0.21484375 0.521484375 0.19921875 0.521484375
0 0.203125 0.435546875 0.21875 0.435546875 0.21875 0.451171875 0.203125 0.451171875
0 0.21484375 0.556640625 0.23046875 0.556640625 0.23046875 0.572265625 0.21484375 0.572265625
0 0.216796875 0.48046875 0.232421875 0.48046875 0.232421875 0.49609375 0.216796875 0.49609375
0 0.2265625 0.5703125 0.2421875 0.5703125 0.2421875 0.5859375 0.2265625 0.5859375
0 0.232421875 0.609375 0.248046875 0.609375 0.248046875 0.625 0.232421875 0.625
0 0.234375 0.728515625 0.25 0.728515625 0.25 0.744140625 0.234375 0.744140625
0 0.23828125 0.76953125 0.25390625 0.76953125 0.25390625 0.78515625 0.23828125 0.78515625
0 0.24609375 0.5078125 0.26171875 0.5078125 0.26171875 0.5234375 0.24609375 0.5234375
0 0.24609375 0.658203125 0.26171875 0.658203125 0.26171875 0.673828125 0.24609375 0.673828125
0 0.248046875 0.638671875 0.263671875 0.638671875 0.263671875 0.654296875 0.248046875 0.654296875
0 0.25 0.529296875 0.265625 0.529296875 0.265625 0.544921875 0.25 0.544921875
0 0.251953125 0.681640625 0.267578125 0.681640625 0.267578125 0.697265625 0.251953125 0.697265625
0 0.25390625 0.521484375 0.26953125 0.521484375 0.26953125 0.537109375 0.25390625 0.537109375
0 0.2578125 0.48046875 0.2734375 0.48046875 0.2734375 0.49609375 0.2578125 0.49609375
0 0.056640625 0.0234375 0.072265625 0.0234375 0.072265625 0.0390625 0.056640625 0.0390625
0 0.064453125 0.095703125 0.080078125 0.095703125 0.080078125 0.111328125 0.064453125 0.111328125
0 0.080078125 0.05078125 0.095703125 0.05078125 0.095703125 0.06640625 0.080078125 0.06640625
0 0.0859375 0.005859375 0.1015625 0.005859375 0.1015625 0.021484375 0.0859375 0.021484375
0 0.095703125 0.017578125 0.111328125 0.017578125 0.111328125 0.033203125 0.095703125 0.033203125
0 0.095703125 0.291015625 0.111328125 0.291015625 0.111328125 0.306640625 0.095703125 0.306640625
0 0.09765625 0.029296875 0.11328125 0.029296875 0.11328125 0.044921875 0.09765625 0.044921875
0 0.099609375 0.189453125 0.115234375 0.189453125 0.115234375 0.205078125 0.099609375 0.205078125
0 0.099609375 0.0625 0.115234375 0.0625 0.115234375 0.078125 0.099609375 0.078125
0 0.099609375 0.146484375 0.115234375 0.146484375 0.115234375 0.162109375 0.099609375 0.162109375
0 0.1015625 0.158203125 0.1171875 0.158203125 0.1171875 0.173828125 0.1015625 0.173828125
0 0.103515625 0.087890625 0.119140625 0.087890625 0.119140625 0.103515625 0.103515625 0.103515625
0 0.107421875 0.099609375 0.123046875 0.099609375 0.123046875 0.115234375 0.107421875 0.115234375
0 0.107421875 0.12890625 0.123046875 0.12890625 0.123046875 0.14453125 0.107421875 0.14453125
0 0.109375 0.115234375 0.125 0.115234375 0.125 0.130859375 0.109375 0.130859375
0 0.119140625 0.1015625 0.134765625 0.1015625 0.134765625 0.1171875 0.119140625 0.1171875
0 0.119140625 0.18359375 0.134765625 0.18359375 0.134765625 0.19921875 0.119140625 0.19921875
0 0.12109375 0.134765625 0.13671875 0.134765625 0.13671875 0.150390625 0.12109375 0.150390625
0 0.125 0.19921875 0.140625 0.19921875 0.140625 0.21484375 0.125 0.21484375
0 0.12890625 0.150390625 0.14453125 0.150390625 0.14453125 0.166015625 0.12890625 0.166015625
0 0.12890625 0.173828125 0.14453125 0.173828125 0.14453125 0.189453125 0.12890625 0.189453125
0 0.1328125 0.228515625 0.1484375 0.228515625 0.1484375 0.244140625 0.1328125 0.244140625
0 0.134765625 0.203125 0.150390625 0.203125 0.150390625 0.21875 0.134765625 0.21875
0 0.140625 0.24609375 0.15625 0.24609375 0.15625 0.26171875 0.140625 0.26171875
0 0.142578125 0.251953125 0.158203125 0.251953125 0.158203125 0.267578125 0.142578125 0.267578125
0 0.146484375 0.265625 0.162109375 0.265625 0.162109375 0.28125 0.146484375 0.28125
0 0.166015625 0.26171875 0.181640625 0.26171875 0.181640625 0.27734375 0.166015625 0.27734375
0 0.16796875 0.421875 0.18359375 0.421875 0.18359375 0.4375 0.16796875 0.4375
