0 0.1875 0.9140625 0.203125 0.9140625 0.203125 0.9296875 0.1875 0.9296875
0 0.1875 0.9296875 0.203125 0.9296875 0.203125 0.9453125 0.1875 0.9453125
0 0.189453125 0.83984375 0.205078125 0.83984375 0.205078125 0.85546875 0.189453125 0.85546875
0 0.19140625 0.86328125 0.20703125 0.86328125 0.20703125 0.87890625 0.19140625 0.87890625
0 0.1953125 0.5390625 0.2109375 0.5390625 0.2109375 0.5546875 0.1953125 0.5546875
0 0.201171875 0.482421875 0.216796875 0.482421875 0.216796875 0.498046875 0.201171875 0.498046875
0 0.203125 0.837890625 0.21875 0.837890625 0.21875 0.853515625 0.203125 0.853515625
0 0.203125 0.859375 0.21875 0.859375 0.21875 0.875 0.203125 0.875
0 0.20703125 0.55078125 0.22265625 0.55078125 0.22265625 0.56640625 0.20703125 0.56640625
0 0.20703125 0.90625 0.22265625 0.90625 0.22265625 0.921875 0.20703125 0.921875
0 0.20703125 0.9296875 0.22265625 0.9296875 0.22265625 0.9453125 0.20703125 0.9453125
0 0.208984375 0.49609375 0.224609375 0.49609375 0.224609375 0.51171875 0.208984375 0.51171875
0 0.208984375 0.509765625 0.224609375 0.509765625 0.224609375 0.525390625 0.208984375 0.525390625
0 0.212890625 0.474609375 0.228515625 0.474609375 0.228515625 0.490234375 0.212890625 0.490234375
0 0.216796875 0.884765625 0.232421875 0.884765625 0.232421875 0.900390625 0.216796875 0.900390625
0 0.22265625 0.52734375 0.23828125 0.52734375 0.23828125 0.54296875 0.22265625 0.54296875
0 0.2265625 0.4765625 0.2421875 0.4765625 0.2421875 0.4921875 0.2265625 0.4921875
0 0.2265625 0.919921875 0.2421875 0.919921875 0.2421875 0.935546875 0.2265625 0.935546875
0 0.228515625 0.494140625 0.244140625 0.494140625 0.244140625 0.509765625 0.228515625 0.509765625
0 0.228515625 0.505859375 0.244140625 0.505859375 0.244140625 0.521484375 0.228515625 0.521484375
0 0.234375 0.515625 0.25 0.515625 0.25 0.53125 0.234375 0.53125
0 0.2421875 0.50390625 0.2578125 0.50390625 0.2578125 0.51953125 0.2421875 0.51953125
0 0.24609375 0.4921875 0.26171875 0.4921875 0.26171875 0.5078125 0.24609375 0.5078125
0 0.248046875 0.521484375 0.263671875 0.521484375 0.263671875 0.537109375 0.248046875 0.537109375
0 0.25 0.53515625 0.265625 0.53515625 0.265625 0.55078125 0.25 0.55078125
0 0.2578125 0.515625 0.2734375 0.515625 0.2734375 0.53125 0.2578125 0.53125
0 0.259765625 0.49609375 0.275390625 0.49609375 0.275390625 0.51171875 0.259765625 0.51171875
0 0.265625 0.48828125 0.28125 0.48828125 0.28125 0.50390625 0.265625 0.50390625
0 0.271484375 0.49609375 0.287109375 0.49609375 0.287109375 0.51171875 0.271484375 0.51171875
0 0.271484375 0.517578125 0.287109375 0.517578125 0.287109375 0.533203125 0.271484375 0.533203125
0 0.2734375 0.529296875 0.2890625 0.529296875 0.2890625 0.544921875 0.2734375 0.544921875
0 0.279296875 0.509765625 0.294921875 0.509765625 0.294921875 0.525390625 0.279296875 0.525390625
0 0.287109375 0.541015625 0.302734375 0.541015625 0.302734375 0.556640625 0.287109375 0.556640625
0 0.298828125 0.515625 0.314453125 0.515625 0.314453125 0.53125 0.298828125 0.53125
0 0.029296875 0.697265625 0.044921875 0.697265625 0.044921875 0.712890625 0.029296875 0.712890625
0 0.0625 0.982421875 0.078125 0.982421875 0.078125 0.998046875 0.0625 0.998046875
0 0.74609375 0.087890625 0.76171875 0.087890625 0.76171875 0.103515625 0.74609375 0.103515625
0 0.068359375 0.5703125 0.083984375 0.5703125 0.083984375 0.5859375 0.068359375 0.5859375
0 0.068359375 0.82421875 0.083984375 0.82421875 0.083984375 0.83984375 0.068359375 0.83984375
0 0.765625 0.154296875 0.78125 0.154296875 0.78125 0.169921875 0.765625 0.169921875
0 0.76953125 0.126953125 0.78515625 0.126953125 0.78515625 0.142578125 0.76953125 0.142578125
0 0.7734375 0.134765625 0.7890625 0.134765625 0.7890625 0.150390625 0.7734375 0.150390625
0 0.783203125 0.146484375 0.798828125 0.146484375 0.798828125 0.162109375 0.783203125 0.162109375
0 0.787109375 0.171875 0.802734375 0.171875 0.802734375 0.1875 0.787109375 0.1875
0 0.794921875 0.19140625 0.810546875 0.19140625 0.810546875 0.20703125 0.794921875 0.20703125
0 0.794921875 0.1796875 0.810546875 0.1796875 0.810546875 0.1953125 0.794921875 0.1953125
0 0.802734375 0.083984375 0.818359375 0.083984375 0.818359375 0.099609375 0.802734375 0.099609375
0 0.80859375 0.189453125 0.82421875 0.189453125 0.82421875 0.205078125 0.80859375 0.205078125
0 0.810546875 0.216796875 0.826171875 0.216796875 0.826171875 0.232421875 0.810546875 0.232421875
0 0.07421875 0.595703125 0.08984375 0.595703125 0.08984375 0.611328125 0.07421875 0.611328125
0 0.8125 0.1640625 0.828125 0.1640625 0.828125 0.1796875 0.8125 0.1796875
0 0.81640625 0.04296875 0.83203125 0.04296875 0.83203125 0.05859375 0.81640625 0.05859375
0 0.818359375 0.181640625 0.833984375 0.181640625 0.833984375 0.197265625 0.818359375 0.197265625
0 0.822265625 0.232421875 0.837890625 0.232421875 0.837890625 0.248046875 0.822265625 0.248046875
0 0.82421875 0.263671875 0.83984375 0.263671875 0.83984375 0.279296875 0.82421875 0.279296875
0 0.826171875 0.2421875 0.841796875 0.2421875 0.841796875 0.2578125 0.826171875 0.2578125
0 0.828125 0.01171875 0.84375 0.01171875 0.84375 0.02734375 0.828125 0.02734375
0 0.83203125 0.17578125 0.84765625 0.17578125 0.84765625 0.19140625 0.83203125 0.19140625
0 0.833984375 0.189453125 0.849609375 0.189453125 0.849609375 0.205078125 0.833984375 0.205078125
0 0.837890625 0.208984375 0.853515625 0.208984375 0.853515625 0.224609375 0.837890625 0.224609375
0 0.837890625 0.1015625 0.853515625 0.1015625 0.853515625 0.1171875 0.837890625 0.1171875
0 0.837890625 0.150390625 0.853515625 0.150390625 0.853515625 0.166015625 0.837890625 0.166015625
0 0.845703125 0.021484375 0.861328125 0.021484375 0.861328125 0.037109375 0.845703125 0.037109375
0 0.84765625 0.29296875 0.86328125 0.29296875 0.86328125 0.30859375 0.84765625 0.30859375
0 0.849609375 0.263671875 0.865234375 0.263671875 0.865234375 0.279296875 0.849609375 0.279296875
0 0.849609375 0.31640625 0.865234375 0.31640625 0.865234375 0.33203125 0.849609375 0.33203125
0 0.853515625 0.1953125 0.869140625 0.1953125 0.869140625 0.2109375 0.853515625 0.2109375
0 0.853515625 0.287109375 0.869140625 0.287109375 0.869140625 0.302734375 0.853515625 0.302734375
0 0.853515625 0.130859375 0.869140625 0.130859375 0.869140625 0.146484375 0.853515625 0.146484375
0 0.857421875 0.2265625 0.873046875 0.2265625 0.873046875 0.2421875 0.857421875 0.2421875
0 0.857421875 0.2578125 0.873046875 0.2578125 0.873046875 0.2734375 0.857421875 0.2734375
0 0.857421875 0.3125 0.873046875 0.3125 0.873046875 0.328125 0.857421875 0.328125
0 0.857421875 0.16796875 0.873046875 0.16796875 0.873046875 0.18359375 0.857421875 0.18359375
0 0.859375 0.25 0.875 0.25 0.875 0.265625 0.859375 0.265625
0 0.859375 0.28125 0.875 0.28125 0.875 0.296875 0.859375 0.296875
0 0.8671875 0.298828125 0.8828125 0.298828125 0.8828125 0.314453125 0.8671875 0.314453125
0 0.869140625 0.287109375 0.884765625 0.287109375 0.884765625 0.302734375 0.869140625 0.302734375
0 0.080078125 0.607421875 0.095703125 0.607421875 0.095703125 0.623046875 0.080078125 0.623046875
0 0.87109375 0.234375 0.88671875 0.234375 0.88671875 0.25 0.87109375 0.25
0 0.87109375 0.31640625 0.88671875 0.31640625 0.88671875 0.33203125 0.87109375 0.33203125
0 0.875 0.21875 0.890625 0.21875 0.890625 0.234375 0.875 0.234375
0 0.876953125 0.25390625 0.892578125 0.25390625 0.892578125 0.26953125 0.876953125 0.26953125
0 0.87890625 0.3203125 0.89453125 0.3203125 0.89453125 0.3359375 0.87890625 0.3359375
0 0.880859375 0.263671875 0.896484375 0.263671875 0.896484375 0.279296875 0.880859375 0.279296875
0 0.880859375 0.294921875 0.896484375 0.294921875 0.896484375 0.310546875 0.880859375 0.310546875
0 0.88671875 0.310546875 0.90234375 0.310546875 0.90234375 0.326171875 0.88671875 0.326171875
0 0.890625 0.212890625 0.90625 0.212890625 0.90625 0.228515625 0.890625 0.228515625
0 0.890625 0.279296875 0.90625 0.279296875 0.90625 0.294921875 0.890625 0.294921875
0 0.896484375 0.181640625 0.912109375 0.181640625 0.912109375 0.197265625 0.896484375 0.197265625
0 0.8984375 0.287109375 0.9140625 0.287109375 0.9140625 0.302734375 0.8984375 0.302734375
0 0.900390625 0.26171875 0.916015625 0.26171875 0.916015625 0.27734375 0.900390625 0.27734375
0 0.900390625 0.326171875 0.916015625 0.326171875 0.916015625 0.341796875 0.900390625 0.341796875
0 0.900390625 0.15625 0.916015625 0.15625 0.916015625 0.171875 0.900390625 0.171875
0 0.90234375 0.310546875 0.91796875 0.310546875 0.91796875 0.326171875 0.90234375 0.326171875
0 0.904296875 0.212890625 0.919921875 0.212890625 0.919921875 0.228515625 0.904296875 0.228515625
0 0.90625 0.265625 0.921875 0.265625 0.921875 0.28125 0.90625 0.28125
0 0.908203125 0.244140625 0.923828125 0.244140625 0.923828125 0.259765625 0.908203125 0.259765625
0 0.908203125 0.27734375 0.923828125 0.27734375 0.923828125 0.29296875 0.908203125 0.29296875
0 0.083984375 0.615234375 0.099609375 0.615234375 0.099609375 0.630859375 0.083984375 0.630859375
0 0.916015625 0.310546875 0.931640625 0.310546875 0.931640625 0.326171875 0.916015625 0.326171875
0 0.921875 0.255859375 0.9375 0.255859375 0.9375 0.271484375 0.921875 0.271484375
0 0.923828125 0.2734375 0.939453125 0.2734375 0.939453125 0.2890625 0.923828125 0.2890625
0 0.92578125 0.310546875 0.94140625 0.310546875 0.94140625 0.326171875 0.92578125 0.326171875
0 0.9296875 0.25 0.9453125 0.25 0.9453125 0.265625 0.9296875 0.265625
0 0.9296875 0.177734375 0.9453125 0.177734375 0.9453125 0.193359375 0.9296875 0.193359375
0 0.931640625 0.294921875 0.947265625 0.294921875 0.947265625 0.310546875 0.931640625 0.310546875
0 0.9375 0.234375 0.953125 0.234375 0.953125 0.25 0.9375 0.25
0 0.94140625 0.310546875 0.95703125 0.310546875 0.95703125 0.326171875 0.94140625 0.326171875
0 0.9453125 0.28515625 0.9609375 0.28515625 0.9609375 0.30078125 0.9453125 0.30078125
0 0.951171875 0.251953125 0.966796875 0.251953125 0.966796875 0.267578125 0.951171875 0.267578125
0 0.951171875 0.30078125 0.966796875 0.30078125 0.966796875 0.31640625 0.951171875 0.31640625
0 0.953125 0.216796875 0.96875 0.216796875 0.96875 0.232421875 0.953125 0.232421875
0 0.958984375 0.263671875 0.974609375 0.263671875 0.974609375 0.279296875 0.958984375 0.279296875
0 0.9609375 0.19140625 0.9765625 0.19140625 0.9765625 0.20703125 0.9609375 0.20703125
0 0.9609375 0.27734375 0.9765625 0.27734375 0.9765625 0.29296875 0.9609375 0.29296875
0 0.08984375 0.583984375 0.10546875 0.583984375 0.10546875 0.599609375 0.08984375 0.599609375
0 0.08984375 0.91796875 0.10546875 0.91796875 0.10546875 0.93359375 0.08984375 0.93359375
0 0.97265625 0.302734375 0.98828125 0.302734375 0.98828125 0.318359375 0.97265625 0.318359375
0 0.978515625 0.23828125 0.994140625 0.23828125 0.994140625 0.25390625 0.978515625 0.25390625
0 0.98046875 0.208984375 0.99609375 0.208984375 0.99609375 0.224609375 0.98046875 0.224609375
0 0.09375 0.58984375 0.109375 0.58984375 0.109375 0.60546875 0.09375 0.60546875
0 0.099609375 0.82421875 0.115234375 0.82421875 0.115234375 0.83984375 0.099609375 0.83984375
0 0.099609375 0.87890625 0.115234375 0.87890625 0.115234375 0.89453125 0.099609375 0.89453125
0 0.1015625 0.5703125 0.1171875 0.5703125 0.1171875 0.5859375 0.1015625 0.5859375
0 0.1015625 0.60546875 0.1171875 0.60546875 0.1171875 0.62109375 0.1015625 0.62109375
0 0.10546875 0.958984375 0.12109375 0.958984375 0.12109375 0.974609375 0.10546875 0.974609375
0 0.107421875 0.59765625 0.123046875 0.59765625 0.123046875 0.61328125 0.107421875 0.61328125
0 0.107421875 0.783203125 0.123046875 0.783203125 0.123046875 0.798828125 0.107421875 0.798828125
0 0.109375 0.572265625 0.125 0.572265625 0.125 0.587890625 0.109375 0.587890625
0 0.109375 0.904296875 0.125 0.904296875 0.125 0.919921875 0.109375 0.919921875
0 0.11328125 0.58203125 0.12890625 0.58203125 0.12890625 0.59765625 0.11328125 0.59765625
0 0.115234375 0.62109375 0.130859375 0.62109375 0.130859375 0.63671875 0.115234375 0.63671875
0 0.1171875 0.845703125 0.1328125 0.845703125 0.1328125 0.861328125 0.1171875 0.861328125
0 0.119140625 0.591796875 0.134765625 0.591796875 0.134765625 0.607421875 0.119140625 0.607421875
0 0.12109375 0.548828125 0.13671875 0.548828125 0.13671875 0.564453125 0.12109375 0.564453125
0 0.12109375 0.603515625 0.13671875 0.603515625 0.13671875 0.619140625 0.12109375 0.619140625
0 0.123046875 0.439453125 0.138671875 0.439453125 0.138671875 0.455078125 0.123046875 0.455078125
0 0.12890625 0.87890625 0.14453125 0.87890625 0.14453125 0.89453125 0.12890625 0.89453125
0 0.12890625 0.955078125 0.14453125 0.955078125 0.14453125 0.970703125 0.12890625 0.970703125
0 0.1328125 0.5703125 0.1484375 0.5703125 0.1484375 0.5859375 0.1328125 0.5859375
0 0.134765625 0.607421875 0.150390625 0.607421875 0.150390625 0.623046875 0.134765625 0.623046875
0 0.134765625 0.796875 0.150390625 0.796875 0.150390625 0.8125 0.134765625 0.8125
0 0.13671875 0.54296875 0.15234375 0.54296875 0.15234375 0.55859375 0.13671875 0.55859375
0 0.140625 0.927734375 0.15625 0.927734375 0.15625 0.943359375 0.140625 0.943359375
0 0.142578125 0.55859375 0.158203125 0.55859375 0.158203125 0.57421875 0.142578125 0.57421875
0 0.142578125 0.578125 0.158203125 0.578125 0.158203125 0.59375 0.142578125 0.59375
0 0.142578125 0.607421875 0.158203125 0.607421875 0.158203125 0.623046875 0.142578125 0.623046875
0 0.1484375 0.794921875 0.1640625 0.794921875 0.1640625 0.810546875 0.1484375 0.810546875
0 0.1484375 0.984375 0.1640625 0.984375 0.1640625 1.0 0.1484375 1.0
0 0.150390625 0.58203125 0.166015625 0.58203125 0.166015625 0.59765625 0.150390625 0.59765625
0 0.15234375 0.607421875 0.16796875 0.607421875 0.16796875 0.623046875 0.15234375 0.623046875
0 0.15234375 0.953125 0.16796875 0.953125 0.16796875 0.96875 0.15234375 0.96875
0 0.154296875 0.373046875 0.169921875 0.373046875 0.169921875 0.388671875 0.154296875 0.388671875
0 0.154296875 0.8125 0.169921875 0.8125 0.169921875 0.828125 0.154296875 0.828125
0 0.15625 0.8515625 0.171875 0.8515625 0.171875 0.8671875 0.15625 0.8671875
0 0.158203125 0.5703125 0.173828125 0.5703125 0.173828125 0.5859375 0.158203125 0.5859375
0 0.16015625 0.89453125 0.17578125 0.89453125 0.17578125 0.91015625 0.16015625 0.91015625
0 0.16015625 0.943359375 0.17578125 0.943359375 0.17578125 0.958984375 0.16015625 0.958984375
0 0.162109375 0.52734375 0.177734375 0.52734375 0.177734375 0.54296875 0.162109375 0.54296875
0 0.1640625 0.82421875 0.1796875 0.82421875 0.1796875 0.83984375 0.1640625 0.83984375
0 0.166015625 0.546875 0.181640625 0.546875 0.181640625 0.5625 0.166015625 0.5625
0 0.166015625 0.580078125 0.181640625 0.580078125 0.181640625 0.595703125 0.166015625 0.595703125
0 0.166015625 0.966796875 0.181640625 0.966796875 0.181640625 0.982421875 0.166015625 0.982421875
0 0.16796875 0.48046875 0.18359375 0.48046875 0.18359375 0.49609375 0.16796875 0.49609375
0 0.16796875 0.921875 0.18359375 0.921875 0.18359375 0.9375 0.16796875 0.9375
0 0.169921875 0.556640625 0.185546875 0.556640625 0.185546875 0.572265625 0.169921875 0.572265625
0 0.169921875 0.8359375 0.185546875 0.8359375 0.185546875 0.8515625 0.169921875 0.8515625
0 0.169921875 0.8515625 0.185546875 0.8515625 0.185546875 0.8671875 0.169921875 0.8671875
0 0.177734375 0.509765625 0.193359375 0.509765625 0.193359375 0.525390625 0.177734375 0.525390625
0 0.1796875 0.873046875 0.1953125 0.873046875 0.1953125 0.888671875 0.1796875 0.888671875
0 0.181640625 0.548828125 0.197265625 0.548828125 0.197265625 0.564453125 0.181640625 0.564453125
0 0.18359375 0.826171875 0.19921875 0.826171875 0.19921875 0.841796875 0.18359375 0.841796875
1 0.05228611422078783 0.3008983655773112 0.09121609932845504 0.24151852478918645 0.07465938138468092 0.23066378394737752 0.035729396277013714 0.29004362473550227
1 0.9315612670334001 0.016536946652743384 0.9373315630455856 0.00233850284623288 0.9141802433578352 -0.007070272473904656 0.9084099473456497 0.00712817133260585
1 0.1408830246614455 0.44349856828142664 0.15689877742449967 0.4416507325779553 0.1518422701669694 0.397824449792609 0.13582651740391524 0.39967228549608036
1 0.23884886849299214 0.07359392011421753 0.3514535918099172 0.0040488501635416105 0.34005438935384014 -0.014408303442178506 0.22744966603691508 0.05513676650849742
1 0.1345738962161697 0.054531654960007885 0.16494527019285601 0.04154664542326338 0.15973798484919896 0.029367030912546898 0.12936661087251264 0.042352040449291396
1 0.14666141756277493 0.23920840173237368 0.15170632818822552 0.19513927583874074 0.12944499961633274 0.19259086102969603 0.12440008899088215 0.23665998692332896
1 0.6033437262359647 0.020226625467399853 0.6648843765892307 0.010036868325085874 0.6613992442306491 -0.011011455881158606 0.599858593877383 -0.0008216987388446288
1 0.5112226030870074 0.06778727379340034 0.5896254382628087 0.039651661481832204 0.581266520257414 0.016358659596263352 0.5028636850816127 0.04449427190783149
1 0.139611359753607 0.1603773985782015 0.17347030591048207 0.08550188975751526 0.15875590213298968 0.07884798899504071 0.12489695597611461 0.15372349781572692
1 0.7606095398739098 0.030864382270992422 0.7921328556114514 0.02609269032317404 0.7906154071017982 0.01606794249612031 0.7590920913642566 0.02083963444393869
2 0.07209996125125255 0.44973195453460935 0.08867043479196766 0.444338201247091 0.07806151369190846 0.41174589733306644 0.061491040151193346 0.4171396506205848
