0 0.19140625 0.076171875 0.20703125 0.076171875 0.20703125 0.091796875 0.19140625 0.091796875
0 0.19140625 0.09375 0.20703125 0.09375 0.20703125 0.109375 0.19140625 0.109375
0 0.19921875 0.080078125 0.21484375 0.080078125 0.21484375 0.095703125 0.19921875 0.095703125
0 0.20703125 0.09375 0.22265625 0.09375 0.22265625 0.109375 0.20703125 0.109375
0 0.212890625 0.11328125 0.228515625 0.11328125 0.228515625 0.12890625 0.212890625 0.12890625
0 0.2421875 0.48828125 0.2578125 0.48828125 0.2578125 0.50390625 0.2421875 0.50390625
0 0.541015625 0.44140625 0.556640625 0.44140625 0.556640625 0.45703125 0.541015625 0.45703125
0 0.80859375 0.84375 0.82421875 0.84375 0.82421875 0.859375 0.80859375 0.859375
0 0.07421875 0.921875 0.08984375 0.921875 0.08984375 0.9375 0.07421875 0.9375
0 0.1640625 0.126953125 0.1796875 0.126953125 0.1796875 0.142578125 0.1640625 0.142578125
0 0.171875 0.087890625 0.1875 0.087890625 0.1875 0.103515625 0.171875 0.103515625
0 0.181640625 0.1015625 0.197265625 0.1015625 0.197265625 0.1171875 0.181640625 0.1171875
0 0.181640625 0.125 0.197265625 0.125 0.197265625 0.140625 0.181640625 0.140625
0 0.18359375 0.080078125 0.19921875 0.080078125 0.19921875 0.095703125 0.18359375 0.095703125
1 0.19270568242172378 0.9876751517646328 0.23790989190685743 0.9804684026755625 0.23551888117690903 0.9654708290703281 0.19031467169177538 0.9726775781593985
1 0.13643963438164342 0.9843810590669929 0.13925935451624744 0.969394404660188 0.08603742915500058 0.9593807664945305 0.08321770902039653 0.9743674209013354
1 0.47731761723177585 0.686124232157635 0.4930581720141494 0.6451487578290135 0.4790336629806265 0.6397613021288641 0.4632931081982529 0.6807367764574855
1 0.23384549603706684 0.8197156002819739 0.24355515942430706 0.7851446914215894 0.23188055171722088 0.7818657347857751 0.22217088832998066 0.8164366436461596
1 0.8552059167885268 0.4205554751635711 0.89057619952162 0.41385792646740976 0.8875763183570421 0.3980153175114472 0.8522060356239488 0.40471286620760855
1 0.6844936203182265 0.9391281866074176 0.7185558433102487 0.9303062005847916 0.7143220115482286 0.9139591194152265 0.6802597885562064 0.9227811054378524
1 0.46569320197562386 0.5610995739823065 0.4766297735119714 0.5437978102634239 0.46480176214714836 0.5363212376708307 0.45386519061080083 0.5536230013897133
1 0.44221605450860707 0.673467668156685 0.4534902753650076 0.6476736044677086 0.4418858131671742 0.6426014579724654 0.43061159231077367 0.6683955216614418
